Alasdair_MacIntyre, 1929-01-12, 2425624, 2,2,2,193,1571, 0, 0, 31286.15385
Alberto_Contador, 1982-12-06, 2445310, 2,5,7,181,193, 0, 0, 92185.2037
Blanche_of_Castile, 1188-03-04, 2155038, 2,3,193,1861, 0, 0, 26304.60606
Bohumil_Hrabal, 1914-03-28, 2420220, 2,2,3,5,11,19,193, 0, 0, 37298.70968
Elizabeth_of_York, 1466-02-11, 2256556, 2,2,37,79,193, 0, 0, 86404.41176
Henry_III_of_France, 1551-09-19, 2287822, 2,193,5927, 0, 0, 61205.33333
Humphry_Davy, 1778-12-17, 2370812, 2,2,37,83,193, 0, 0, 31703.83051
John_F._Kennedy, 1917-05-29, 2421378, 2,3,3,17,41,193, 0, 0, 496524.431
João_Havelange, 1916-05-08, 2420992, 2,2,2,2,2,2,2,2,7,7,193, 0, 0, 29088.26471
Juho_Kusti_Paasikivi, 1870-11-27, 2404394, 2,193,6229, 0, 0, 11447.83784
Ludwig_Quidde, 1858-03-23, 2399762, 2,193,6217, 0, 0, 7969.147059
Madonna_(entertainer), 1958-08-16, 2436432, 2,2,2,2,3,193,263, 0, 0, 212726.0638
Pablo_Zabaleta, 1985-01-16, 2446082, 2,193,6337, 0, 0, 58122.09677
Paul_Verhoeven, 1938-07-18, 2429098, 2,7,29,31,193, 0, 0, 62155.75
Robert_Enke, 1977-08-24, 2443380, 2,2,3,5,193,211, 0, 0, 128502.025
Terrence_Howard, 1969-03-11, 2440292, 2,2,29,109,193, 0, 0, 218361.6071
Vito_Volterra, 1860-05-03, 2400534, 2,3,3,193,691, 0, 0, 9301.571429
