Abbas_I_of_Persia, 1571-01-27, 2294892, 2,2,3,3,3,3,3,3,787, 0, 0, 16670.6383
Amanda_Bynes, 1986-04-03, 2446524, 2,2,3,3,3,3,3,3,839, 0, 0, 624594.7027
Andrei_Grechko, 1903-10-04, 2416392, 2,2,2,3,3,3,3,3,11,113, 0, 0, 8287.785714
Avraam_Papadopoulos, 1984-12-03, 2446038, 2,3,3,3,3,3,7,719, 0, 0, 12825.24138
Edith_Stein, 1891-10-12, 2412018, 2,3,3,3,3,3,7,709, 0, 0, 52454.79487
Ernst_Kaltenbrunner, 1903-10-04, 2416392, 2,2,2,3,3,3,3,3,11,113, 0, 0, 65302.60976
Giovanni_Battista_Tiepolo, 1696-03-05, 2340576, 2,2,2,2,2,3,3,3,3,3,7,43, 0, 0, 29500.7381
Gustav_Fechner, 1801-04-19, 2378970, 2,3,3,3,3,3,5,11,89, 0, 0, 18864.6
Hayao_Miyazaki, 1941-01-05, 2430000, 2,2,2,2,3,3,3,3,3,5,5,5,5, 0, 0, 414062.75
Jasper_Johns, 1930-05-15, 2426112, 2,2,2,2,2,2,2,2,3,3,3,3,3,3,13, 0, 0, 114247.1538
Peter_Falk, 1927-09-16, 2425140, 2,2,3,3,3,3,3,5,499, 0, 0, 161894.8636
Pope_Clement_XII, 1652-04-07, 2324538, 2,3,3,3,3,3,4783, 0, 0, 14931.91071
Shirley_Bassey, 1937-01-08, 2428542, 2,3,3,3,3,3,19,263, 0, 0, 131828.2258
Wilson_Kipketer, 1972-12-12, 2441664, 2,2,2,2,2,2,3,3,3,3,3,157, 0, 0, 18113.53846
