Aiden_McGeady, 1986-04-04, 2,2,3,3,3,3,3,3,839, 43192.53125
Alexander_R._Todd,_Baron_Todd, 1907-10-02, 2,3,3,3,3,3,5,5,199, 5105.96875
Arvydas_Sabonis, 1964-12-19, 2,2,3,3,3,3,3,13,193, 59764.10714
Casey_Affleck, 1975-08-12, 2,2,3,3,3,3,3,7,359, 249900.2333
Clemens_Fritz, 1980-12-07, 2,2,3,3,3,3,3,5,503, 20217.26667
Enrico_Caruso, 1873-02-25, 2,3,3,3,3,3,7,7,101, 78312.3125
Ernest_Borgnine, 1917-01-24, 2,2,3,3,3,3,3,47,53, 141962.0577
Gherman_Titov, 1935-09-11, 2,2,2,3,3,3,3,3,1249, 13282.11364
Jean-Michel_Basquiat, 1960-12-22, 2,3,3,3,3,3,5,17,59, 208887.4194
John_Terry, 1980-12-07, 2,2,3,3,3,3,3,5,503, 124617.4167
Josephine_Baker, 1906-06-03, 2,2,3,3,3,3,3,3,829, 151066.6667
Jules_Michelet, 1798-08-21, 2,3,3,3,3,3,3,7,233, 28745.96667
Martin_Luther_King,_Jr., 1929-01-15, 2,3,3,3,3,3,7,23,31, 248747.0086
