Charles_Manson, 1934-11-12, 2427754, 2,7,7,7,3539, 0, 0, 888097.4186
Ernst_Röhm, 1887-11-28, 2410604, 2,2,7,7,7,7,251, 0, 0, 95777.06818
Freddie_Prinze,_Jr., 1976-03-08, 2442846, 2,3,7,7,7,1187, 0, 0, 73413.51852
John_Tyler, 1790-03-29, 2374932, 2,2,3,7,7,7,577, 0, 0, 50866.2967
Josef_Masopust, 1931-02-09, 2426382, 2,3,3,3,7,7,7,131, 0, 0, 15282.87097
Paulo_Freire, 1921-09-19, 2422952, 2,2,2,7,7,7,883, 0, 0, 198946.2857
Ricardo_Zamora, 1901-01-21, 2415406, 2,7,7,7,7,503, 0, 0, 25525.75862
Shavo_Odadjian, 1974-04-22, 2442160, 2,2,2,2,5,7,7,7,89, 0, 0, 87919.96774
Steven_Soderbergh, 1963-01-14, 2438044, 2,2,7,7,7,1777, 0, 0, 116971.3111
Thomas_Bernhard, 1931-02-09, 2426382, 2,3,3,3,7,7,7,131, 0, 0, 54797.08333
Vavá, 1934-11-12, 2427754, 2,7,7,7,3539, 0, 0, 23284.75
