Aleksey_Konstantinovich_Tolstoy, 1817-09-05, 2,2,2,3,43,2311, 10426.53333
C._S._Lewis, 1898-11-29, 2,3,7,7,43,191, 182000.05
Carl_Bildt, 1949-07-15, 2,2,2,11,43,643, 25685.58824
Donald_Tusk, 1957-04-22, 2,5,5,11,43,103, 55768.85714
Emil_Constantinescu, 1939-11-19, 2,3,3,43,43,73, 11748.42857
John_Cusack, 1966-06-28, 2,2,2,7,43,1013, 308510.9091
Josh_Holloway, 1969-07-20, 2,3,3,3,43,1051, 165153.8485
Judi_Dench, 1934-12-09, 2,2,3,5,43,941, 197975.3617
Martin_Sheen, 1940-08-03, 2,2,3,17,43,277, 400678.0222
Max_Schmeling, 1905-09-28, 2,2,13,23,43,47, 85974.5
Maximilian_I_of_Mexico, 1832-07-06, 2,3,5,17,43,109, 90432.6087
Millard_Fillmore, 1800-01-07, 2,3,3,7,43,439, 46208.32584
Mohammed_bin_Rashid_Al_Maktoum, 1949-07-15, 2,2,2,11,43,643, 150002.4054
Paulo_Mendes_da_Rocha, 1928-10-25, 2,2,2,11,43,641, 21050.73077
Peter_Naur, 1928-10-25, 2,2,2,11,43,641, 8011.851852
Raul_Meireles, 1983-03-17, 2,5,11,11,43,47, 98773.48889
Rebecca_Soni, 1987-03-18, 2,2,2,3,43,2371, 32845
Renée_Zellweger, 1969-04-25, 2,2,2,2,43,3547, 197575.9655
Roald_Amundsen, 1872-07-16, 2,5,7,17,43,47, 41953.78814
Walter_Ulbricht, 1893-06-30, 2,2,13,13,43,83, 53945.88095
Yuri_Andropov, 1914-06-15, 2,3,3,43,53,59, 54232.39706
