Auguste_Piccard, 1884-01-28, 2,2,3,7,23,29,43, 25905.83333
David_Dacko, 1930-03-24, 2,2,5,7,13,31,43, 9224.965517
Gennaro_Gattuso, 1978-01-09, 2,3,3,7,11,41,43, 116553.5
Hakan_Şükür, 1971-09-01, 2,2,3,3,19,43,83, 80262.68421
Hans_Christian_Gram, 1853-09-13, 2,3,5,11,13,13,43, 9020.071429
Hun_Sen, 1952-08-05, 2,3,3,5,17,37,43, 42468.96875
John_Searle, 1932-07-31, 2,2,2,5,17,43,83, 54174.17857
Klaus_Ebner, 1964-08-08, 2,2,2,3,17,43,139, 2775.632911
Oscar_Luigi_Scalfaro, 1918-09-09, 2,3,3,3,7,43,149, 27593.61905
Steve_McQueen, 1930-03-24, 2,2,5,7,13,31,43, 281928.4259
Timothy_Leary, 1920-10-22, 2,2,3,3,5,43,313, 185760.3636
