Alex_Ferguson, 1941-12-31, 2430360, 2,2,2,3,3,5,43,157, 0, 0, 211358.4697
Alfred_Hitchcock, 1899-08-13, 2414880, 2,2,2,2,2,3,3,3,5,13,43, 0, 0, 232167.01
Burt_Reynolds, 1936-02-11, 2428210, 2,5,43,5647, 0, 0, 264935.0833
David_Duchovny, 1960-08-07, 2437154, 2,17,43,1667, 0, 0, 198517.9184
Elizabeth_I_of_England, 1533-09-07, 2281236, 2,2,3,43,4421, 0, 0, 370663.8113
Emiliano_Zapata, 1879-08-08, 2407570, 2,5,11,43,509, 0, 0, 153499.2632
Eric_Bana, 1968-08-09, 2440078, 2,17,43,1669, 0, 0, 253200.7857
Gillian_Anderson, 1968-08-09, 2440078, 2,17,43,1669, 0, 0, 182887.381
Jason_Earles, 1977-04-26, 2443260, 2,2,3,5,43,947, 0, 0, 356005
Justin_Timberlake, 1981-01-31, 2444636, 2,2,43,61,233, 0, 0, 571333.029
Leelee_Sobieski, 1983-06-10, 2445496, 2,2,2,43,7109, 0, 0, 201184.6667
Lindsay_Lohan, 1986-07-02, 2446614, 2,3,3,29,43,109, 0, 0, 609891.7424
Matt_Dillon, 1964-02-18, 2438444, 2,2,43,14177, 0, 0, 187413.7568
Matt_Hardy, 1974-09-23, 2442314, 2,7,43,4057, 0, 0, 286764.9355
Omar_Epps, 1973-07-20, 2441884, 2,2,43,14197, 0, 0, 181563.1111
Paul_Giamatti, 1967-06-06, 2439648, 2,2,2,2,2,3,3,43,197, 0, 0, 171443.7576
Sigourney_Weaver, 1949-10-08, 2433198, 2,3,43,9431, 0, 0, 230360.037
Steve_McQueen, 1930-03-24, 2426060, 2,2,5,7,13,31,43, 0, 0, 281928.4259
Timothy_Leary, 1920-10-22, 2422620, 2,2,3,3,5,43,313, 0, 0, 185760.3636
Tom_Welling, 1977-04-26, 2443260, 2,2,3,5,43,947, 0, 0, 233908.9744
Wayne_Gretzky, 1961-01-26, 2437326, 2,3,3,43,47,67, 0, 0, 307944.697
