Amadou_Toumani_Touré, 1948-11-04, 2,2,5,103,1181, 14996.1875
Bridget_Fonda, 1964-01-27, 2,7,19,89,103, 163795.8286
Joost_van_den_Vondel, 1587-11-17, 2,2,5,103,1117, 17405.82143
Joschka_Fischer, 1948-04-12, 2,7,7,103,241, 50217.17143
Marcello_Lippi, 1948-04-12, 2,7,7,103,241, 69349.07692
Oscar_Niemeyer, 1907-12-15, 3,5,5,103,313, 98151.88235
Thomas_Sankara, 1949-12-21, 2,2,2,103,2953, 40919.4359
Vyacheslav_Molotov, 1890-03-09, 2,2,3,103,1951, 62059.30909
Wilfred_Bouma, 1978-06-15, 5,5,13,73,103, 26590.48276
William_Booth, 1829-04-10, 2,2,3,103,1933, 31736.42308
