Alexander_Lukashenko, 1954-08-30, 2434985, 5,7,29,2399, 0, 0, 38695.75342
Charles_Baudelaire, 1821-04-09, 2386265, 5,7,29,2351, 0, 0, 181049.5857
Daniel_Bernoulli, 1700-02-08, 2342011, 7,29,83,139, 0, 0, 40671.55357
Deng_Xiaoping, 1904-08-22, 2416715, 5,7,29,2381, 0, 0, 131608.9231
Frédéric_Passy, 1822-05-20, 2386671, 3,7,29,3919, 0, 0, 7711.369565
Jesse_Spencer, 1979-02-12, 2443917, 3,7,29,4013, 0, 0, 211315.2667
Monica_Lewinsky, 1973-07-23, 2441887, 7,23,29,523, 0, 0, 310701.4054
Muhammad_Ahmad, 1844-08-12, 2394791, 7,29,47,251, 0, 0, 37481.35714
Ted_Danson, 1947-12-29, 2432549, 7,23,29,521, 0, 0, 223531.7407
William_Blake, 1757-11-28, 2363123, 7,7,29,1663, 0, 0, 160190.125
