Ahmed_Zewail, 1946-02-26, 2431878, 2,3,101,4013, 0, 0, 44933.68182
Alvin_E._Roth, 1951-12-18, 2433999, 3,29,101,277, 0, 0, 10250.2
Amerigo_Vespucci, 1454-03-09, 2252199, 3,101,7433, 0, 0, 121999.9697
Bal_Gangadhar_Tilak, 1856-07-23, 2399154, 2,3,37,101,107, 0, 0, 65868.35714
Bruce_Dickinson, 1958-08-07, 2436423, 3,11,17,43,101, 0, 0, 211911.225
Charlton_Heston, 1923-10-04, 2423697, 3,19,101,421, 0, 0, 171759.6935
Eliza_Dushku, 1980-12-30, 2444604, 2,2,3,101,2017, 0, 0, 346259.7273
Frank_Rijkaard, 1962-09-30, 2437938, 2,3,3,3,3,101,149, 0, 0, 110788.4286
Henry_James, 1843-04-15, 2394306, 2,3,3,3,101,439, 0, 0, 87211.30612
Hugo_Weaving, 1960-04-04, 2437029, 3,3,7,101,383, 0, 0, 251301.1463
James_Baldwin, 1924-08-02, 2424000, 2,2,2,2,2,2,3,5,5,5,101, 0, 0, 51519.43333
John_Fowles, 1926-03-31, 2424606, 2,3,101,4001, 0, 0, 26159.25714
Joseph_Schumpeter, 1883-02-08, 2408850, 2,3,3,5,5,53,101, 0, 0, 87888.2381
LeAnn_Rimes, 1982-08-28, 2445210, 2,3,3,5,101,269, 0, 0, 226345.3704
Lisa_Kudrow, 1963-07-30, 2438241, 3,13,101,619, 0, 0, 241683.2609
László_Sólyom, 1942-01-03, 2430363, 3,13,101,617, 0, 0, 11177.83333
Meryl_Streep, 1949-06-22, 2433090, 2,3,5,11,73,101, 0, 0, 325459.9481
Theodor_Schwann, 1810-12-07, 2382489, 3,3,101,2621, 0, 0, 47614.51351
Thiago_Motta, 1982-08-28, 2445210, 2,3,3,5,101,269, 0, 0, 111053.4474
Viktor_Korchnoi, 1931-03-23, 2426424, 2,2,2,3,7,11,13,101, 0, 0, 16561.53333
Vincent_Cassel, 1966-11-23, 2439453, 3,83,97,101, 0, 0, 253333.3784
