Abraham_Maslow, 1908-04-01, 2418033, 3,806011, 0, 0, 212754.6591
Adam_Brody, 1979-12-15, 2444223, 3,814741, 0, 0, 322138.4483
Ali_Larter, 1976-02-28, 2442837, 3,814279, 0, 0, 243263.6486
Dakota_Fanning, 1994-02-23, 2449407, 3,816469, 0, 0, 567436.75
Danny_Trejo, 1944-05-16, 2431227, 3,810409, 0, 0, 361428.3333
Dita_Von_Teese, 1972-09-28, 2441589, 3,813863, 0, 0, 447816.8065
Elle_Fanning, 1998-04-09, 2450913, 3,816971, 0, 0, 357419.3704
Emilio_Estevez, 1962-05-12, 2437797, 3,812599, 0, 0, 419064.7742
Ian_McKellen, 1939-05-25, 2429409, 3,809803, 0, 0, 295176.0408
Jenna_Jameson, 1974-04-09, 2442147, 3,814049, 0, 0, 629642.0417
John_Locke, 1632-08-29, 2317377, 3,772459, 0, 0, 232941.9798
Julie_Andrews, 1935-10-01, 2428077, 3,809359, 0, 0, 225873.1818
Katy_Perry, 1984-10-25, 2445999, 3,815333, 0, 0, 857817.0972
Kurt_Russell, 1951-03-17, 2433723, 3,811241, 0, 0, 255372.0208
Lucky_Luciano, 1897-11-24, 2414253, 3,804751, 0, 0, 264739.3235
M._Shadows, 1981-07-31, 2444817, 3,814939, 0, 0, 203351
Pablo_Picasso, 1881-10-25, 2408379, 3,802793, 0, 0, 395795.7902
Sarah_Brightman, 1960-08-14, 2437161, 3,812387, 0, 0, 236295.2432
Sophia_Bush, 1982-07-08, 2445159, 3,815053, 0, 0, 391628.7059
Tom_Felton, 1987-09-22, 2447061, 3,815687, 0, 0, 313715.5
Tyra_Banks, 1973-12-04, 2442021, 3,814007, 0, 0, 301357.2174
