Adam_Sandler, 1966-09-09, 2439378, 2,3,3,53,2557, 0, 0, 637335.9643
Daniel_Craig, 1968-03-02, 2439918, 2,3,3,13,10427, 0, 0, 475705.1525
Ed_Westwick, 1987-06-27, 2446974, 2,3,3,67,2029, 0, 0, 406406.7778
Evan_Rachel_Wood, 1987-09-07, 2447046, 2,3,3,7,19421, 0, 0, 486217.3667
John_Cena, 1977-04-23, 2443257, 3,3,3,17,5323, 0, 0, 919637.4151
Johnny_Depp, 1963-06-09, 2438190, 2,3,3,5,27091, 0, 0, 1037709.288
Justin_Bieber, 1994-03-01, 2449413, 3,3,3,83,1093, 0, 0, 1208064.543
LeBron_James, 1984-12-30, 2446065, 3,3,3,5,18119, 0, 0, 606875.9412
Leonardo_DiCaprio, 1974-11-11, 2442363, 3,7,11,97,109, 0, 0, 691050.3462
Michael_Fassbender, 1977-04-02, 2443236, 2,2,3,97,2099, 0, 0, 454186.0571
Miranda_Cosgrove, 1993-05-14, 2449122, 2,3,13,17,1847, 0, 0, 728958.5946
Nas, 1973-09-14, 2441940, 2,2,3,5,40699, 0, 0, 457749.4474
Nick_Jonas, 1992-09-16, 2448882, 2,3,3,37,3677, 0, 0, 491029.6286
Nicole_Scherzinger, 1978-06-29, 2443689, 3,3,3,3,30169, 0, 0, 596214.1429
Paul_Wesley, 1982-07-23, 2445174, 2,3,3,3,45281, 0, 0, 408123.129
Pharrell_Williams, 1973-04-05, 2441778, 2,3,17,37,647, 0, 0, 490308.9231
Randy_Orton, 1980-04-01, 2444331, 3,19,19,37,61, 0, 0, 614329.4474
Seth_MacFarlane, 1973-10-26, 2441982, 2,3,17,89,269, 0, 0, 438789.8261
Seth_Rogen, 1982-04-15, 2445075, 3,3,5,5,10867, 0, 0, 487787.6563
Steven_Seagal, 1952-04-10, 2434113, 3,3,11,23,1069, 0, 0, 446095.6667
Vin_Diesel, 1967-07-18, 2439690, 2,3,5,11,7393, 0, 0, 861818.1304
