Alan_Rickman, 1946-02-21, 2,2,2,2,2,2,2,3,3,2111, 349857.3864
Carlos_Gardel, 1890-12-11, 2,2,2,2,2,2,3,3,53,79, 96639.05
Edward_V_of_England, 1470-11-02, 2,2,2,3,3,3,3,5,17,41, 53345.125
Elbridge_Gerry, 1744-07-17, 2,2,2,2,2,3,5,17,17,17, 19874.57576
Gaël_Clichy, 1985-07-26, 2,2,2,2,2,2,3,3,31,137, 55205.75
Gilles_Deleuze, 1925-01-18, 2,2,2,3,3,3,3,3,29,43, 93341.78049
Iajuddin_Ahmed, 1931-02-28, 2,2,2,2,2,3,3,5,5,337, 8515.266667
Ivo_Sanader, 1953-06-08, 2,2,2,3,3,3,3,13,17,17, 14577.075
Joey_Jordison, 1975-04-26, 2,2,2,2,2,3,3,3,11,257, 249852.5172
Lodovico_Ferrari, 1522-02-02, 2,2,2,3,3,5,5,5,11,23, 6788.961538
Louis_Armstrong, 1901-08-04, 2,2,2,2,3,3,5,5,11,61, 172007.957
Manmohan_Singh, 1932-09-26, 2,2,2,2,2,3,3,3,53,53, 79094.45833
Michael_Greis, 1976-08-18, 2,2,2,2,2,2,2,2,3,3181, 12529.23077
Mitt_Romney, 1947-03-12, 2,2,2,2,2,2,2,2,3,3167, 315428.3803
Neil_Gaiman, 1960-11-10, 2,2,2,2,2,2,2,3,11,577, 196639.2353
Nnamdi_Azikiwe, 1904-11-16, 2,2,2,2,2,3,5,5,19,53, 18936.76923
Otto_Preminger, 1905-12-05, 2,2,2,2,2,3,3,7,11,109, 49047.11111
Otto_Wagner, 1841-07-13, 2,2,2,2,2,2,3,7,13,137, 31179.11765
Rudolf_Bultmann, 1884-08-20, 2,2,2,2,2,2,3,3,47,89, 20811.25
Sally_Ride, 1951-05-26, 2,2,2,2,2,2,2,2,3,3169, 74476.42105
