Chris_Hemsworth, 1983-08-11, 2445558, 2,3,197,2069, 0, 0, 763770
Emma_Stone, 1988-11-06, 2447472, 2,2,2,2,3,50989, 0, 0, 934637.4474
Heath_Ledger, 1979-04-04, 2443968, 2,2,2,2,2,2,3,3,4243, 0, 0, 730116.7671
John_Cena, 1977-04-23, 2443257, 3,3,3,17,5323, 0, 0, 919637.4151
Johnny_Depp, 1963-06-09, 2438190, 2,3,3,5,27091, 0, 0, 1037709.288
Justin_Bieber, 1994-03-01, 2449413, 3,3,3,83,1093, 0, 0, 1208064.543
Katy_Perry, 1984-10-25, 2445999, 3,815333, 0, 0, 857817.0972
Kristen_Stewart, 1990-04-09, 2447991, 3,3,7,7,7,13,61, 0, 0, 955837.0345
Lady_Gaga, 1986-03-28, 2446518, 2,3,71,5743, 0, 0, 786185.3158
Lil_Wayne, 1982-09-27, 2445240, 2,2,2,3,5,7,41,71, 0, 0, 1401836.674
Lionel_Messi, 1987-06-24, 2446971, 3,103,7919, 0, 0, 867939.1053
Macaulay_Culkin, 1980-08-26, 2444478, 2,3,73,5581, 0, 0, 852066.5778
Miranda_Cosgrove, 1993-05-14, 2449122, 2,3,13,17,1847, 0, 0, 728958.5946
Nicki_Minaj, 1982-12-08, 2445312, 2,2,2,2,2,2,2,2,2,2,2,2,3,199, 0, 0, 1115701.245
Ryan_Gosling, 1980-11-12, 2444556, 2,2,3,203713, 0, 0, 839408.8649
Sasha_Grey, 1988-03-14, 2447235, 3,3,5,7,17,457, 0, 0, 1061929.568
Taylor_Swift, 1989-12-13, 2447874, 2,3,3,3,11,13,317, 0, 0, 863062.3971
Victoria_Justice, 1993-02-19, 2449038, 2,3,408173, 0, 0, 729200.1852
Vin_Diesel, 1967-07-18, 2439690, 2,3,5,11,7393, 0, 0, 861818.1304
Will_Smith, 1968-09-25, 2440125, 3,3,3,3,5,5,5,241, 0, 0, 752834.4595
Zooey_Deschanel, 1980-01-17, 2444256, 2,2,2,2,2,3,3,3,3,23,41, 0, 0, 851459.7436
