Afonso_II_of_Portugal, 1185-04-23, 2153992, 2,2,2,19,37,383, 0, 0, 12430.96429
Darren_Bent, 1984-02-06, 2445737, 7,7,19,37,71, 0, 0, 72977.02778
Erich_Raeder, 1876-04-24, 2406369, 3,7,19,37,163, 0, 0, 42112.61364
George_Emil_Palade, 1912-11-19, 2419726, 2,19,37,1721, 0, 0, 13238.65625
James_Irwin, 1930-03-17, 2426053, 7,17,19,29,37, 0, 0, 21685.51852
James_Madison, 1751-03-16, 2360674, 2,19,23,37,73, 0, 0, 94728.95918
Jim_Courier, 1970-08-17, 2440816, 2,2,2,2,7,19,31,37, 0, 0, 51740.05714
Jim_Varney, 1949-06-15, 2433083, 19,37,3461, 0, 0, 111119.6207
Miloš_Forman, 1932-02-18, 2426756, 2,2,19,37,863, 0, 0, 54411.30435
Randy_Orton, 1980-04-01, 2444331, 3,19,19,37,61, 0, 0, 614329.4474
Richard_J._Roberts, 1943-09-06, 2430974, 2,7,13,19,19,37, 0, 0, 8287.259259
Robert_Graves, 1895-07-24, 2413399, 19,37,3433, 0, 0, 46455.72222
Roger_Waters, 1943-09-06, 2430974, 2,7,13,19,19,37, 0, 0, 246861.9556
