Calista_Flockhart, 1964-11-11, 2438711, 11,73,3037, 0, 0, 226916.5862
Carlos_Salcido, 1980-04-02, 2444332, 2,2,11,73,761, 0, 0, 39364.41935
Dominique_de_Villepin, 1953-11-14, 2434696, 2,2,2,11,73,379, 0, 0, 36500.72727
Eva_Braun, 1912-02-06, 2419439, 11,23,73,131, 0, 0, 198532.873
Frank_Sherwood_Rowland, 1927-06-28, 2425060, 2,2,5,11,73,151, 0, 0, 7302.361111
Jerome_K._Jerome, 1859-05-02, 2400167, 7,7,11,61,73, 0, 0, 26942.61765
Martin_Scorsese, 1942-11-17, 2430681, 3,11,73,1009, 0, 0, 261963.0606
Meryl_Streep, 1949-06-22, 2433090, 2,3,5,11,73,101, 0, 0, 325459.9481
Paulina_Rubio, 1971-06-17, 2441120, 2,2,2,2,2,5,11,19,73, 0, 0, 129890
Raquel_Welch, 1940-09-05, 2429878, 2,11,17,73,89, 0, 0, 252577
Robert_Koch, 1843-12-11, 2394546, 2,3,7,11,71,73, 0, 0, 56331.39506
