Alessandro_Manzoni, 1785-03-07, 2373084, 2,2,3,3,3,7,43,73, 0, 0, 72838.91489
Andy_Schleck, 1985-06-10, 2446227, 3,3,3,7,7,43,43, 0, 0, 80539.12903
Auguste_Piccard, 1884-01-28, 2409204, 2,2,3,7,23,29,43, 0, 0, 25905.83333
David_Cook_(singer), 1982-12-20, 2445324, 2,2,3,7,43,677, 0, 0, 57651.76923
Gennaro_Gattuso, 1978-01-09, 2443518, 2,3,3,7,11,41,43, 0, 0, 116553.5
Giovanni_Battista_Tiepolo, 1696-03-05, 2340576, 2,2,2,2,2,3,3,3,3,3,7,43, 0, 0, 29500.7381
Kaia_Kanepi, 1985-06-10, 2446227, 3,3,3,7,7,43,43, 0, 0, 19672
Max_Euwe, 1901-05-20, 2415525, 3,5,5,7,43,107, 0, 0, 10874.26087
Omar_Bongo, 1935-12-30, 2428167, 3,7,43,2689, 0, 0, 29944.53191
Oscar_Luigi_Scalfaro, 1918-09-09, 2421846, 2,3,3,3,7,43,149, 0, 0, 27593.61905
Paul_Ludwig_Ewald_von_Kleist, 1881-08-08, 2408301, 3,3,7,7,43,127, 0, 0, 16861.6
Pierre_Messmer, 1916-03-20, 2420943, 3,7,7,43,383, 0, 0, 15107.9
Rene_Krhin, 1990-05-21, 2448033, 3,7,43,2711, 0, 0, 21632.40741
Silvio_Piola, 1913-09-29, 2420040, 2,2,2,3,5,7,43,67, 0, 0, 42284.66667
Vasilis_Torosidis, 1985-06-10, 2446227, 3,3,3,7,7,43,43, 0, 0, 18842.83333
