Alan_Shearer, 1970-08-13, 2440812, 2,2,3,11,11,41,41, 0, 0, 95239.17308
Arantxa_Sánchez_Vicario, 1971-12-18, 2441304, 2,2,2,3,3,41,827, 0, 0, 34445.26829
Denílson_Pereira_Neves, 1988-02-16, 2447208, 2,2,2,3,3,41,829, 0, 0, 54456.08571
Francis_William_Aston, 1877-09-01, 2406864, 2,2,2,2,3,41,1223, 0, 0, 8210.166667
Gennaro_Gattuso, 1978-01-09, 2443518, 2,3,3,7,11,41,43, 0, 0, 116553.5
Janet_Leigh, 1927-07-06, 2425068, 2,2,3,3,31,41,53, 0, 0, 136405.1429
Karl_Ernst_von_Baer, 1792-02-17, 2375622, 2,3,3,3,29,37,41, 0, 0, 12786.66667
Noah_Webster, 1758-10-16, 2363445, 3,3,3,5,7,41,61, 0, 0, 39217.87097
Oliver_Stone, 1946-09-15, 2432079, 3,3,3,13,13,13,41, 0, 0, 182876.0889
Owen_Hargreaves, 1981-01-20, 2444625, 3,3,5,5,5,41,53, 0, 0, 94495.67442
Paz_Vega, 1976-01-02, 2442780, 2,2,3,3,5,41,331, 0, 0, 131161.2333
Tommy_Lee_Jones, 1946-09-15, 2432079, 3,3,3,13,13,13,41, 0, 0, 267926.04
