Aphex_Twin, 1971-08-18, 3,41,89,223, 174459
Bilawal_Bhutto_Zardari, 1988-09-21, 5,5,223,439, 28041.3
Criss_Angel, 1967-12-19, 3,7,223,521, 245902.5714
Jacinto_Benavente, 1866-08-12, 5,5,223,431, 14800.11667
Jeremy_Renner, 1971-01-07, 2,13,223,421, 128346.1504
John_Wallis, 1616-11-23, 2,71,73,223, 17087.90323
Lou_Andreas-Salomé, 1861-02-12, 2,7,223,769, 39720.26667
Möngke_Khan, 1209-01-10, 2,13,223,373, 26244.86667
Pier_Paolo_Pasolini, 1922-03-05, 2,3,223,1811, 127239.04
Robert_Bosch, 1861-09-23, 3,37,97,223, 38654.18519
Robert_Owen, 1771-05-14, 7,37,41,223, 61633.3913
Robert_Wagner, 1930-02-10, 11,23,43,223, 193250.6538
Roberto_Di_Matteo, 1970-05-29, 5,11,199,223, 112037.7838
Susan_Boyle, 1961-04-01, 2,5,223,1093, 201247.6167
William_Thomson,_1st_Baron_Kelvin, 1824-06-26, 2,53,101,223, 21123.46552
