Agnetha_Fältskog, 1950-04-05, 2433377, 23,241,439, 0, 0, 146224.8511
Annie_Lennox, 1954-12-25, 2435102, 2,23,52937, 0, 0, 183038.5556
Bret_Hart, 1957-07-02, 2436022, 2,23,52957, 0, 0, 313482.7576
Conan_O'Brien, 1963-04-18, 2438138, 2,23,53003, 0, 0, 252868.4474
Cybill_Shepherd, 1950-02-18, 2433331, 23,47,2251, 0, 0, 135416.6897
Debbie_Reynolds, 1932-04-01, 2426799, 3,23,35171, 0, 0, 171905.8276
Donna_Summer, 1948-12-31, 2432917, 23,139,761, 0, 0, 148056.2833
Erica_Durance, 1978-06-21, 2443681, 23,181,587, 0, 0, 174457.8148
George_Soros, 1930-08-12, 2426201, 23,37,2851, 0, 0, 179072.1017
James_Stewart, 1908-05-20, 2418082, 2,23,52567, 0, 0, 140254.5741
John_Hurt, 1940-01-22, 2429651, 7,23,15091, 0, 0, 220798.1351
Kelly_Rowland, 1981-02-11, 2444647, 23,157,677, 0, 0, 271999.1
Krist_Novoselic, 1965-05-16, 2438897, 19,23,5581, 0, 0, 171239.8485
Langston_Hughes, 1902-02-01, 2415782, 2,23,52517, 0, 0, 150978.2857
Lewis_Hamilton, 1985-01-07, 2446073, 7,23,15193, 0, 0, 174792.4167
Nancy_Sinatra, 1940-06-08, 2429789, 23,89,1187, 0, 0, 192587.8387
Neil_deGrasse_Tyson, 1958-10-05, 2436482, 2,23,52967, 0, 0, 151935.8621
Otto_von_Bismarck, 1815-04-01, 2384065, 5,23,20731, 0, 0, 143378.8148
Piper_Perabo, 1976-10-31, 2443083, 3,23,35407, 0, 0, 288180.1786
Robert_Wadlow, 1918-02-22, 2421647, 23,211,499, 0, 0, 223082.7949
Tony_Parker, 1982-05-17, 2445107, 7,23,15187, 0, 0, 223032.3333
