Andrew_Garfield, 1983-08-20, 2445567, 3,23,23,23,67, 0, 0, 143083.2816
Andy_Warhol, 1928-08-06, 2425465, 5,7,23,23,131, 0, 0, 343545.84
Chuck_Yeager, 1923-02-13, 2423464, 2,2,2,23,13171, 0, 0, 127263.7
Corey_Taylor, 1973-12-08, 2442025, 5,5,23,31,137, 0, 0, 356730.0357
Danny_Elfman, 1953-05-29, 2434527, 3,3,19,23,619, 0, 0, 168895.5946
Date_Masamune, 1567-09-05, 2293652, 2,2,23,107,233, 0, 0, 277320.1481
Emperor_Meiji, 1852-11-03, 2397796, 2,2,23,67,389, 0, 0, 117513.9184
Isabella_Rossellini, 1952-06-18, 2434182, 2,3,23,31,569, 0, 0, 176287.0278
Isabelle_Adjani, 1955-06-27, 2435286, 2,3,7,23,2521, 0, 0, 120835.4255
Jeri_Ryan, 1968-02-22, 2439909, 3,3,3,23,3929, 0, 0, 234186.3462
Jesse_James, 1847-09-05, 2395910, 2,5,11,23,947, 0, 0, 429359.5556
Lily_Allen, 1985-05-02, 2446188, 2,2,3,23,8863, 0, 0, 295423.5682
Luca_Toni, 1977-05-26, 2443290, 2,3,5,23,3541, 0, 0, 169484.9524
Michael_Clarke_Duncan, 1957-12-10, 2436183, 3,3,3,23,3923, 0, 0, 361969.6111
Mother_Teresa, 1910-08-26, 2418910, 2,5,13,23,809, 0, 0, 298469.6139
Patricia_Arquette, 1968-04-08, 2439955, 5,7,7,23,433, 0, 0, 223049.1818
Ron_Howard, 1954-03-01, 2434803, 3,7,23,71,71, 0, 0, 216547.2093
Ryo_Miyaichi, 1992-12-14, 2448971, 7,7,23,41,53, 0, 0, 128376.8148
Steven_Seagal, 1952-04-10, 2434113, 3,3,11,23,1069, 0, 0, 446095.6667
Usher_(singer), 1978-10-14, 2443796, 2,2,23,101,263, 0, 0, 152092.8627
Édouard_Manet, 1832-01-23, 2390206, 2,7,13,23,571, 0, 0, 114859.9863
