Angela_Merkel, 1954-07-17, 2434941, 3,3,3,3,23,1307, 0, 0, 161930.6875
Benazir_Bhutto, 1953-06-21, 2434550, 2,5,5,23,29,73, 0, 0, 74179.77174
Brad_Renfro, 1982-07-25, 2445176, 2,2,2,23,97,137, 0, 0, 226666.0385
Chloë_Sevigny, 1974-11-18, 2442370, 2,5,7,23,37,41, 0, 0, 305713.5357
Dominique_Strauss-Kahn, 1949-04-25, 2433032, 2,2,2,7,23,1889, 0, 0, 155915.5769
Ferdinand_II_of_Aragon, 1452-03-10, 2251470, 2,3,5,13,23,251, 0, 0, 66013.89091
J._Michael_Straczynski, 1954-07-17, 2434941, 3,3,3,3,23,1307, 0, 0, 46339.32143
Jerry_Lewis, 1926-03-16, 2424591, 3,3,13,17,23,53, 0, 0, 300946.4138
Jimmy_Floyd_Hasselbaink, 1972-03-27, 2441404, 2,2,7,17,23,223, 0, 0, 61704.29032
John_Ford, 1894-02-01, 2412861, 3,11,11,17,17,23, 0, 0, 60659.30612
Kelly_Clarkson, 1982-04-24, 2445084, 2,2,3,3,23,2953, 0, 0, 303434.4259
Les_Paul, 1915-06-09, 2420658, 2,3,3,3,23,1949, 0, 0, 308494.4082
Martin_Škrtel, 1984-12-15, 2446050, 2,3,5,5,23,709, 0, 0, 49892.36842
Paul_Newman, 1925-01-26, 2424177, 3,3,7,7,23,239, 0, 0, 242660.0278
Rick_Riordan, 1964-06-05, 2438552, 2,2,2,23,29,457, 0, 0, 131900.6207
Sergio_Canales, 1991-02-16, 2448304, 2,2,2,2,23,6653, 0, 0, 74301.5625
Shah_Jahan, 1592-01-05, 2302530, 2,3,5,23,47,71, 0, 0, 67323.52542
Sébastien_Squillaci, 1980-08-11, 2444463, 3,3,7,7,23,241, 0, 0, 46577.54545
Tomáš_Berdych, 1985-09-17, 2446326, 2,3,3,19,23,311, 0, 0, 50892.94595
William_H._Macy, 1950-03-13, 2433354, 2,3,7,11,23,229, 0, 0, 161777.1
Willy_Sagnol, 1977-03-18, 2443221, 3,3,11,23,29,37, 0, 0, 40680.17241
