Alex_Haley, 1921-08-11, 2,2,2,2,2,2,2,23,823
Amaury_Nolasco, 1970-12-24, 2,2,2,2,3,3,11,23,67
Eduardo_Duhalde, 1941-10-05, 2,2,2,2,2,2,13,23,127
Ferdinand_I_of_Bulgaria, 1861-02-26, 2,2,2,2,2,2,7,23,233
Ferenc_Molnár, 1878-01-12, 2,2,3,3,3,3,17,19,23
Hipólito_Yrigoyen, 1852-07-12, 3,3,3,3,3,3,11,13,23
John_Rhys-Davies, 1944-05-05, 3,3,3,3,3,3,5,23,29
Julie_Delpy, 1969-12-21, 2,2,2,2,2,2,2,23,829
Lana_Turner, 1921-02-08, 2,2,2,3,3,7,11,19,23
Martin_Luther_King,_Jr., 1929-01-15, 2,3,3,3,3,3,7,23,31
Samuel_Morse, 1791-04-27, 3,3,3,3,3,5,5,17,23
