50_Cent, 1975-07-06, 2442600, 2,2,2,3,3,5,5,23,59, 0, 0, 632055.6716
Adolf_Hitler, 1889-04-20, 2411113, 23,104831, 0, 0, 759578.6864
Andy_Warhol, 1928-08-06, 2425465, 5,7,23,23,131, 0, 0, 343545.84
Corey_Taylor, 1973-12-08, 2442025, 5,5,23,31,137, 0, 0, 356730.0357
Darren_Criss, 1987-02-05, 2446832, 2,2,2,2,23,61,109, 0, 0, 340967.7143
Elvis_Presley, 1935-01-08, 2427811, 23,105557, 0, 0, 473697.7203
Gemma_Arterton, 1986-02-02, 2446464, 2,2,2,2,2,2,2,3,23,277, 0, 0, 481014.3103
Jared_Leto, 1971-12-26, 2441312, 2,2,2,2,2,23,31,107, 0, 0, 494313.6596
Jesse_James, 1847-09-05, 2395910, 2,5,11,23,947, 0, 0, 429359.5556
John_Dillinger, 1903-06-22, 2416288, 2,2,2,2,2,7,7,23,67, 0, 0, 521797.3438
Keith_Richards, 1943-12-18, 2431077, 3,11,23,3203, 0, 0, 337027.55
Marc_Anthony, 1968-09-16, 2440116, 2,2,3,3,7,23,421, 0, 0, 342956.3636
Matthew_McConaughey, 1969-11-04, 2440530, 2,3,3,3,3,5,23,131, 0, 0, 413178.9167
Michael_Clarke_Duncan, 1957-12-10, 2436183, 3,3,3,23,3923, 0, 0, 361969.6111
Natasha_Richardson, 1963-05-11, 2438161, 11,23,23,419, 0, 0, 363048.3158
Rosario_Dawson, 1979-05-09, 2444003, 23,106261, 0, 0, 392681.1071
Sarah_Palin, 1964-02-11, 2438437, 23,106019, 0, 0, 423057.2857
Scarlett_Johansson, 1984-11-22, 2446027, 23,106349, 0, 0, 516806.4066
Sean_Combs, 1969-11-04, 2440530, 2,3,3,3,3,5,23,131, 0, 0, 492898.4412
Steven_Seagal, 1952-04-10, 2434113, 3,3,11,23,1069, 0, 0, 446095.6667
Zooey_Deschanel, 1980-01-17, 2444256, 2,2,2,2,2,3,3,3,3,23,41, 0, 0, 851459.7436
