Amintore_Fanfani, 1908-02-06, 2417978, 2,17,19,19,197, 0, 0, 22961.4375
Chaim_Herzog, 1918-09-17, 2421854, 2,17,19,23,163, 0, 0, 16997.2
Darren_Aronofsky, 1969-02-12, 2440265, 5,17,19,1511, 0, 0, 193740.7105
Edgar_Allan_Poe, 1809-01-19, 2381802, 2,3,17,19,1229, 0, 0, 340889
Edson_Braafheid, 1983-04-08, 2445433, 17,19,67,113, 0, 0, 27263.4
Edward_G._Robinson, 1893-12-12, 2412810, 2,3,3,5,17,19,83, 0, 0, 81688.10714
Fábio_Aurélio, 1979-09-24, 2444141, 7,17,19,23,47, 0, 0, 41001.60606
J._K._Rowling, 1965-07-31, 2438973, 3,3,17,19,839, 0, 0, 244277.2527
James_Irwin, 1930-03-17, 2426053, 7,17,19,29,37, 0, 0, 21685.51852
Linda_Hamilton, 1956-09-26, 2435743, 17,19,7541, 0, 0, 199166.2059
Liédson, 1977-12-17, 2443495, 5,17,17,19,89, 0, 0, 40936.74074
Milan_Stanković, 1987-09-09, 2447048, 2,2,2,17,19,947, 0, 0, 12777.54839
Petr_Čech, 1982-05-20, 2445110, 2,5,17,19,757, 0, 0, 129238.3393
Rembrandt, 1606-07-15, 2307835, 5,17,19,1429, 0, 0, 167887.208
René_Guénon, 1886-11-15, 2410226, 2,7,13,17,19,41, 0, 0, 35919.21429
Ricardo_Lagos, 1938-03-02, 2428960, 2,2,2,2,2,5,17,19,47, 0, 0, 25821.30303
Roy_Scheider, 1932-11-10, 2427022, 2,13,17,17,17,19, 0, 0, 121478.6765
Samora_Machel, 1933-09-29, 2427345, 3,3,5,17,19,167, 0, 0, 32086.21875
Sinclair_Lewis, 1885-02-07, 2409580, 2,2,5,17,19,373, 0, 0, 32334.31148
Takuma_Sato, 1977-01-28, 2443172, 2,2,17,19,31,61, 0, 0, 50278.44118
Thomas_Gravesen, 1976-03-11, 2442849, 3,17,19,2521, 0, 0, 53536.80769
