Amanda_Seyfried, 1985-12-03, 2,7,17,19,541, 607842.4146
Bonnie_Tyler, 1951-06-08, 5,11,17,19,137, 203901.7241
Chris_Evert, 1954-12-21, 3,7,17,19,359, 87199.82609
Frederick_William_IV_of_Prussia, 1795-10-15, 3,11,17,19,223, 31818.14634
Jeremy_Clarkson, 1960-04-11, 3,5,17,19,503, 370308.7647
Joseph_I_of_Portugal, 1714-06-06, 13,13,17,19,43, 17795.6
Sam_Mendes, 1965-08-01, 3,3,17,19,839, 186579.871
Taylor_Lautner, 1992-02-11, 3,7,17,19,361, 363088.4505
Ulysses_S._Grant, 1822-04-27, 3,3,17,19,821, 137247.9545
Vint_Cerf, 1943-06-23, 2,17,19,53,71, 60861.71875
