Armin_Mueller-Stahl, 1930-12-17, 2426328, 2,2,2,3,3,3,47,239, 0, 0, 57167.86667
Charlotte_Brontë, 1816-04-21, 2384451, 3,3,3,47,1879, 0, 0, 87211.22807
Christiaan_Barnard, 1922-11-08, 2423367, 3,3,17,47,337, 0, 0, 44235.69767
Christian_X_of_Denmark, 1870-09-26, 2404332, 2,2,3,3,7,7,29,47, 0, 0, 30199.13514
Dmitry_Medvedev, 1965-09-14, 2439018, 2,3,3,3,31,31,47, 0, 0, 79416.62385
Duncan_Edwards, 1936-10-01, 2428443, 3,3,47,5741, 0, 0, 47414.27586
Francesco_Borromini, 1599-09-25, 2305350, 2,3,3,5,5,47,109, 0, 0, 35811.475
Gabriela_Mistral, 1889-04-07, 2411100, 2,2,3,3,3,5,5,19,47, 0, 0, 77513.51613
Goh_Chok_Tong, 1941-05-20, 2430135, 3,3,3,5,47,383, 0, 0, 23160.2963
Joshua_Jackson, 1978-06-11, 2443671, 3,3,47,53,109, 0, 0, 302592.2258
Marcia_Cross, 1962-03-25, 2437749, 3,3,3,17,47,113, 0, 0, 118584.0488
Nikolai_Berdyaev, 1874-03-18, 2405601, 3,3,11,11,47,47, 0, 0, 12740.71795
Robert_I_of_France, 0866-08-15, 2037591, 3,3,47,4817, 0, 0, 14238.23529
Russell_Westbrook, 1988-11-12, 2447478, 2,3,3,11,47,263, 0, 0, 144489.3333
Sarah_Michelle_Gellar, 1977-04-14, 2443248, 2,2,2,2,3,3,19,19,47, 0, 0, 424751
Sveinn_Björnsson, 1881-02-27, 2408139, 3,3,47,5693, 0, 0, 4833.515152
Syd_Barrett, 1946-01-06, 2431827, 3,3,47,5749, 0, 0, 252295.4894
Thomas_More, 1478-02-07, 2260935, 3,3,5,47,1069, 0, 0, 170460.5507
Tomáš_Rosický, 1980-10-04, 2444517, 3,3,47,5779, 0, 0, 68704.22449
Wayne_Gretzky, 1961-01-26, 2437326, 2,3,3,43,47,67, 0, 0, 307944.697
