Anders_Jonas_Ångström, 1814-08-13, 2383834, 2,43,53,523, 0, 0, 8072.390244
Annise_Parker, 1956-05-17, 2435611, 523,4657, 0, 0, 21823.33333
Arvydas_Sabonis, 1964-12-19, 2438749, 523,4663, 0, 0, 59764.10714
Brigitte_Nielsen, 1963-07-15, 2438226, 2,3,3,7,37,523, 0, 0, 277783.9394
Candice_Bergen, 1946-05-09, 2431950, 2,3,5,5,31,523, 0, 0, 105176.7568
David_Bryan, 1962-02-07, 2437703, 59,79,523, 0, 0, 37207.67857
Eddie_Izzard, 1962-02-07, 2437703, 59,79,523, 0, 0, 160274.125
Eleanor_Roosevelt, 1884-10-11, 2409461, 17,271,523, 0, 0, 127641.2167
Franz_Bopp, 1791-09-14, 2375466, 2,3,523,757, 0, 0, 7143.277778
Fredric_March, 1897-08-31, 2414168, 2,2,2,523,577, 0, 0, 29760.70588
Friedrich_Bergius, 1884-10-11, 2409461, 17,271,523, 0, 0, 7284.578947
Helena_Bonham_Carter, 1966-05-26, 2439272, 2,2,2,11,53,523, 0, 0, 499967.7872
Ibrahim_Rugova, 1944-12-02, 2431427, 523,4649, 0, 0, 17529.89744
James_Stirling_(architect), 1926-04-22, 2424628, 2,2,19,61,523, 0, 0, 3148
Klaus_von_Klitzing, 1943-06-28, 2430904, 2,2,2,7,83,523, 0, 0, 9541.857143
Monica_Lewinsky, 1973-07-23, 2441887, 7,23,29,523, 0, 0, 310701.4054
Nicole_Vaidišová, 1989-04-23, 2447640, 2,2,2,3,3,5,13,523, 0, 0, 26897.93548
Ossip_Zadkine, 1890-07-04, 2411553, 3,29,53,523, 0, 0, 13813.73077
Paul_Rudd, 1969-04-06, 2440318, 2,523,2333, 0, 0, 428930.7586
Prachanda, 1954-12-11, 2435088, 2,2,2,2,3,97,523, 0, 0, 19660.62069
Rudolf_II,_Holy_Roman_Emperor, 1552-07-18, 2288125, 5,5,5,5,7,523, 0, 0, 16688.16327
