Alexander_Herzen, 1812-04-06, 2382975, 3,3,5,5,7,17,89, 0, 0, 13161.75676
Bridget_Fonda, 1964-01-27, 2438422, 2,7,19,89,103, 0, 0, 163795.8286
César_Azpilicueta, 1989-08-28, 2447767, 7,89,3929, 0, 0, 62264.44828
George_R._R._Martin, 1948-09-20, 2432815, 5,7,11,71,89, 0, 0, 230031.5
Joseph_Fouché, 1759-05-21, 2363662, 2,7,7,89,271, 0, 0, 28189.5
L._Ron_Hubbard, 1911-03-13, 2419109, 7,11,89,353, 0, 0, 256989.0294
Pete_Best, 1941-11-24, 2430323, 7,47,83,89, 0, 0, 117583.3235
Robert_Bosch, 1861-09-23, 2401042, 2,7,41,47,89, 0, 0, 38654.18519
Serge_Gainsbourg, 1928-04-02, 2425339, 7,17,89,229, 0, 0, 307667.5
Shavo_Odadjian, 1974-04-22, 2442160, 2,2,2,2,5,7,7,7,89, 0, 0, 87919.96774
