Ernst_Haeckel, 1834-02-16, 2390961, 3,241,3307, 0, 0, 43190.125
Graham_Chapman, 1941-01-08, 2430003, 3,241,3361, 0, 0, 141284.4063
Grazia_Deledda, 1871-09-27, 2404698, 2,3,241,1663, 0, 0, 15987.93333
Joseph_Murray, 1919-04-01, 2422050, 2,3,5,5,67,241, 0, 0, 9392.909091
Kenzaburō_Ōe, 1935-01-31, 2427834, 2,3,23,73,241, 0, 0, 38584.79032
Kārlis_Ulmanis, 1877-09-04, 2406867, 3,241,3329, 0, 0, 11628.80769
Luca_Antonini, 1982-08-04, 2445186, 2,3,19,89,241, 0, 0, 49723
Sébastien_Squillaci, 1980-08-11, 2444463, 3,3,7,7,23,241, 0, 0, 46577.54545
Vasily_Smyslov, 1921-03-24, 2422773, 3,3,241,1117, 0, 0, 9103.340909
Will_Smith, 1968-09-25, 2440125, 3,3,3,3,5,5,5,241, 0, 0, 752834.4595
Zemfira, 1976-08-26, 2443017, 3,31,109,241, 0, 0, 69327.8125
