Abbé_Pierre, 1912-08-05, 2419620, 2,2,3,5,7,7,823, 0, 0, 50069.75
Aldous_Huxley, 1894-07-26, 2413036, 2,2,733,823, 0, 0, 149498.7097
Alfred_Radcliffe-Brown, 1881-01-17, 2408098, 2,7,11,19,823, 0, 0, 17455.88889
Blake_Griffin, 1989-03-16, 2447602, 2,823,1487, 0, 0, 282586.0345
Jean_Michel_Jarre, 1948-08-24, 2432788, 2,2,739,823, 0, 0, 99764.26531
Johannes_Stark, 1874-04-15, 2405629, 37,79,823, 0, 0, 9635.745098
Jon_Bon_Jovi, 1962-03-02, 2437726, 2,823,1481, 0, 0, 297354.7333
José_María_Aznar, 1953-02-25, 2434434, 2,3,17,29,823, 0, 0, 48814.04255
Leslie_Nielsen, 1926-02-11, 2424558, 2,3,491,823, 0, 0, 214057.2833
Petula_Clark, 1932-11-15, 2427027, 3,823,983, 0, 0, 114433.4074
Sam_Houston, 1793-03-02, 2376001, 823,2887, 0, 0, 82411.14706
Sauli_Niinistö, 1948-08-24, 2432788, 2,2,739,823, 0, 0, 24396.6087
Simon_Kuznets, 1901-04-30, 2415505, 5,587,823, 0, 0, 15196.05128
Tansu_Çiller, 1946-05-24, 2431965, 3,5,197,823, 0, 0, 30389.47059
Theo_Walcott, 1989-03-16, 2447602, 2,823,1487, 0, 0, 135591.8824
