Adolphe_Quetelet, 1796-02-22, 2,2,2,2,2,2,2,7,7,379, 16563.75
Andreas_Brehme, 1960-11-09, 2,2,2,2,2,2,2,3,11,577, 29412.06061
Arthur_Evans, 1851-07-08, 2,2,2,2,2,2,2,3,3,2081, 17376.8
Brooke_Shields, 1965-05-31, 2,2,2,2,2,2,2,2,7,1361, 360427.55
François_Bayrou, 1951-05-25, 2,2,2,2,2,2,2,2,3,3169, 36110.8125
Gemma_Arterton, 1986-02-02, 2,2,2,2,2,2,2,3,23,277, 481014.3103
Hank_Williams, 1923-09-17, 2,2,2,2,2,2,2,5,7,541, 151554.9412
Henri_Cartier-Bresson, 1908-08-22, 2,2,2,2,2,2,2,2,2,4723, 111299.75
Jacques_Santer, 1937-05-18, 2,2,2,2,2,2,2,2,53,179, 11366.76667
Juhi_Chawla, 1967-11-13, 2,2,2,2,2,2,2,7,7,389, 128468
Kirsan_Ilyumzhinov, 1962-04-05, 2,2,2,2,2,2,2,5,13,293, 13785.39286
Otho, 0032-04-28, 2,2,2,2,2,2,2,2,7,967, 24841.875
Pascal_Zuberbühler, 1971-01-08, 2,2,2,2,2,2,2,2,5,1907, 14411.84615
Raúl_Castro, 1931-06-03, 2,2,2,2,2,2,2,3,71,89, 66641.33824
Steve_Zahn, 1967-11-13, 2,2,2,2,2,2,2,7,7,389, 131170.8966
Walther_Nernst, 1864-06-25, 2,2,2,2,2,2,2,2,11,853, 11200.28261
