Ashley_Greene, 1987-02-21, 2446848, 2,2,2,2,2,2,2,2,2,3,3,3,3,59, 0, 0, 445138.6857
Brooke_Shields, 1965-05-31, 2438912, 2,2,2,2,2,2,2,2,7,1361, 0, 0, 360427.55
Ellen_Page, 1987-02-21, 2446848, 2,2,2,2,2,2,2,2,2,3,3,3,3,59, 0, 0, 452879.2553
Eva_Mendes, 1974-03-05, 2442112, 2,2,2,2,2,2,2,19079, 0, 0, 381499.8511
Gemma_Arterton, 1986-02-02, 2446464, 2,2,2,2,2,2,2,3,23,277, 0, 0, 481014.3103
Hank_Williams, 1923-09-17, 2423680, 2,2,2,2,2,2,2,5,7,541, 0, 0, 151554.9412
Inna, 1986-10-16, 2446720, 2,2,2,2,2,2,2,5,3823, 0, 0, 231981.7692
Isaac_Hayes, 1942-08-20, 2430592, 2,2,2,2,2,2,2,17,1117, 0, 0, 190313.7059
Jacques_Lacan, 1901-04-13, 2415488, 2,2,2,2,2,2,2,113,167, 0, 0, 119432.7347
James_Garner, 1928-04-07, 2425344, 2,2,2,2,2,2,2,2,2,3,1579, 0, 0, 223019.2414
Johannes_Vermeer, 1632-10-31, 2317440, 2,2,2,2,2,2,2,3,5,17,71, 0, 0, 130381.7838
Juhi_Chawla, 1967-11-13, 2439808, 2,2,2,2,2,2,2,7,7,389, 0, 0, 128468
Nicki_Minaj, 1982-12-08, 2445312, 2,2,2,2,2,2,2,2,2,2,2,2,3,199, 0, 0, 1115701.245
Patrick_Stewart, 1940-07-13, 2429824, 2,2,2,2,2,2,2,41,463, 0, 0, 284151.381
Paul_Scholes, 1974-11-16, 2442368, 2,2,2,2,2,2,2,19081, 0, 0, 126212.6923
Regina_Spektor, 1980-02-18, 2444288, 2,2,2,2,2,2,2,2,2,2,7,11,31, 0, 0, 235701.1071
Richard_Dawkins, 1941-03-26, 2430080, 2,2,2,2,2,2,2,5,3797, 0, 0, 166379.3971
Roald_Dahl, 1916-09-13, 2421120, 2,2,2,2,2,2,2,3,5,13,97, 0, 0, 261161.2745
Steve_Zahn, 1967-11-13, 2439808, 2,2,2,2,2,2,2,7,7,389, 0, 0, 131170.8966
Sylvia_Plath, 1932-10-27, 2427008, 2,2,2,2,2,2,2,67,283, 0, 0, 156827.0909
Woody_Harrelson, 1961-07-23, 2437504, 2,2,2,2,2,2,2,137,139, 0, 0, 333259.2432
