Aleksandr_Lyapunov, 1857-06-06, 2399472, 2,2,2,2,3,3,19,877, 0, 0, 13001.55556
Bohumil_Hrabal, 1914-03-28, 2420220, 2,2,3,5,11,19,193, 0, 0, 37298.70968
Caster_Semenya, 1991-01-07, 2448264, 2,2,2,3,7,13,19,59, 0, 0, 113576.6071
Conchita_Martínez, 1972-04-16, 2441424, 2,2,2,2,3,19,2677, 0, 0, 18148.35484
Donald_A._Glaser, 1926-09-21, 2424780, 2,2,3,3,5,19,709, 0, 0, 9220.931818
Eden_Hazard, 1991-01-07, 2448264, 2,2,2,3,7,13,19,59, 0, 0, 240831.7568
Emilia_Plater, 1806-11-13, 2381004, 2,2,3,3,19,59,59, 0, 0, 22150.2069
Fabio_Grosso, 1977-11-28, 2443476, 2,2,3,7,19,1531, 0, 0, 62542.40541
Felix_Klein, 1849-04-25, 2396508, 2,2,3,19,23,457, 0, 0, 15183.53846
Floriano_Peixoto, 1839-04-30, 2392860, 2,2,3,5,19,2099, 0, 0, 22539
Gabriela_Mistral, 1889-04-07, 2411100, 2,2,3,3,3,5,5,19,47, 0, 0, 77513.51613
Giovanni_Trapattoni, 1939-03-17, 2429340, 2,2,3,5,19,2131, 0, 0, 84015.85294
Hakan_Şükür, 1971-09-01, 2441196, 2,2,3,3,19,43,83, 0, 0, 80262.68421
Jon_Dahl_Tomasson, 1976-08-29, 2443020, 2,2,3,5,19,2143, 0, 0, 48195.02941
Pyotr_Nikolayevich_Wrangel, 1878-08-27, 2407224, 2,2,2,3,19,5279, 0, 0, 15690.42424
Sarah_Michelle_Gellar, 1977-04-14, 2443248, 2,2,2,2,3,3,19,19,47, 0, 0, 424751
Steve_Vai, 1960-06-06, 2437092, 2,2,3,3,7,19,509, 0, 0, 213699.7632
Wes_Brown, 1979-10-13, 2444160, 2,2,2,2,2,2,2,3,5,19,67, 0, 0, 42958.46667
William_Crookes, 1832-06-17, 2390352, 2,2,2,2,3,19,2621, 0, 0, 29551.59459
William_R._King, 1786-04-07, 2373480, 2,2,2,3,3,5,19,347, 0, 0, 17510.13793
Wyclef_Jean, 1969-10-17, 2440512, 2,2,2,2,2,2,3,3,19,223, 0, 0, 163833.3056
