Carrie-Anne_Moss, 1967-08-21, 2439724, 2,2,7,87133, 0, 0, 162136.6857
Craig_Venter, 1946-10-14, 2432108, 2,2,7,86861, 0, 0, 58817.59259
Elinor_Ostrom, 1933-08-07, 2427292, 2,2,7,86689, 0, 0, 24183.7
Franklin_D._Roosevelt, 1882-01-30, 2408476, 2,2,7,86017, 0, 0, 302324.0442
François_Bozizé, 1946-10-14, 2432108, 2,2,7,86861, 0, 0, 16165.23529
Henri_Lebesgue, 1875-06-28, 2406068, 2,2,7,85931, 0, 0, 11106.76471
Italo_Calvino, 1923-10-15, 2423708, 2,2,7,86561, 0, 0, 93962.0625
Jeremy_Clarkson, 1960-04-11, 2437036, 2,2,7,87037, 0, 0, 370308.7647
Jodie_Foster, 1962-11-19, 2437988, 2,2,7,87071, 0, 0, 315427
Louis_Mountbatten,_1st_Earl_Mountbatten_of_Burma, 1900-06-25, 2415196, 2,2,7,86257, 0, 0, 21007.72222
Madame_du_Barry, 1743-08-19, 2357908, 2,2,7,84211, 0, 0, 69476.45161
Max_Frisch, 1911-05-15, 2419172, 2,2,7,86399, 0, 0, 51854.27907
Mikhail_Prokhorov, 1965-05-03, 2438884, 2,2,7,87103, 0, 0, 63387.61765
Naomie_Harris, 1976-09-06, 2443028, 2,2,7,87251, 0, 0, 218468.5385
Oscar_Wilde, 1854-10-16, 2398508, 2,2,7,85661, 0, 0, 275413.4
Richard_Francis_Burton, 1821-03-19, 2386244, 2,2,7,85223, 0, 0, 46606.28947
Serj_Tankian, 1967-08-21, 2439724, 2,2,7,87133, 0, 0, 259699.325
