Cristian_Zaccardo, 1981-12-21, 2444960, 2,2,2,2,2,5,7,37,59, 0, 0, 36038.72414
Hafez_al-Assad, 1930-10-06, 2426256, 2,2,2,2,3,3,7,29,83, 0, 0, 75907.44444
Hayden_Panettiere, 1989-08-21, 2447760, 2,2,2,2,3,5,7,31,47, 0, 0, 537846.0213
Hélder_Postiga, 1982-08-02, 2445184, 2,2,2,2,2,2,2,7,2729, 0, 0, 42539.28571
Jean-Léon_Gérôme, 1824-05-10, 2387392, 2,2,2,2,2,2,7,73,73, 0, 0, 43071.81818
Jody_Williams, 1950-10-09, 2433564, 2,2,3,3,3,3,7,29,37, 0, 0, 16278.65625
John_Dillinger, 1903-06-22, 2416288, 2,2,2,2,2,7,7,23,67, 0, 0, 521797.3438
Kurt_Angle, 1968-12-09, 2440200, 2,2,2,3,5,5,7,7,83, 0, 0, 324973.8889
Lynn_Redgrave, 1943-03-08, 2430792, 2,2,2,3,3,7,7,13,53, 0, 0, 75009.74074
Nani, 1986-11-17, 2446752, 2,2,2,2,2,3,7,11,331, 0, 0, 104851.4464
Nicolas-Joseph_Cugnot, 1725-02-26, 2351160, 2,2,2,3,3,3,5,7,311, 0, 0, 33408.86667
Odilon_Redon, 1840-04-20, 2393216, 2,2,2,2,2,2,2,7,2671, 0, 0, 49060.34375
Peter_Schmeichel, 1963-11-18, 2438352, 2,2,2,2,3,3,7,41,59, 0, 0, 109452.093
Radek_Štěpánek, 1978-11-27, 2443840, 2,2,2,2,2,2,5,7,1091, 0, 0, 36428.51724
Rudolph_Valentino, 1895-05-06, 2413320, 2,2,2,3,5,7,13,13,17, 0, 0, 103537.025
Shavo_Odadjian, 1974-04-22, 2442160, 2,2,2,2,5,7,7,7,89, 0, 0, 87919.96774
Émile_Loubet, 1838-12-31, 2392740, 2,2,3,3,3,3,5,7,211, 0, 0, 15937.38462
