Anna_Faris, 1976-11-29, 2443112, 2,2,2,7,43627, 0, 0, 379445.6
Brooke_Shields, 1965-05-31, 2438912, 2,2,2,2,2,2,2,2,7,1361, 0, 0, 360427.55
Chris_Jericho, 1970-11-09, 2440900, 2,2,5,5,7,11,317, 0, 0, 424251.5
Edward_Norton, 1969-08-18, 2440452, 2,2,3,7,17,1709, 0, 0, 359733.8596
Fran_Drescher, 1957-09-30, 2436112, 2,2,2,2,7,21751, 0, 0, 315304.1034
Hayden_Panettiere, 1989-08-21, 2447760, 2,2,2,2,3,5,7,31,47, 0, 0, 537846.0213
Jeremy_Clarkson, 1960-04-11, 2437036, 2,2,7,87037, 0, 0, 370308.7647
Jodie_Foster, 1962-11-19, 2437988, 2,2,7,87071, 0, 0, 315427
John_Dillinger, 1903-06-22, 2416288, 2,2,2,2,2,7,7,23,67, 0, 0, 521797.3438
Josh_Hutcherson, 1992-10-12, 2448908, 2,2,7,11,7951, 0, 0, 583363.4412
Kurt_Angle, 1968-12-09, 2440200, 2,2,2,3,5,5,7,7,83, 0, 0, 324973.8889
Lil_Wayne, 1982-09-27, 2445240, 2,2,2,3,5,7,41,71, 0, 0, 1401836.674
Marc_Anthony, 1968-09-16, 2440116, 2,2,3,3,7,23,421, 0, 0, 342956.3636
Michael_C._Hall, 1971-02-01, 2440984, 2,2,2,7,7,13,479, 0, 0, 383879.4571
Mick_Jagger, 1943-07-26, 2430932, 2,2,7,17,5107, 0, 0, 386252.1552
Neil_Young, 1945-11-12, 2431772, 2,2,7,7,19,653, 0, 0, 321384.093
Nina_Dobrev, 1989-01-09, 2447536, 2,2,2,2,7,13,41,41, 0, 0, 473772.2889
Reese_Witherspoon, 1976-03-22, 2442860, 2,2,5,7,17449, 0, 0, 344406.3971
Shirley_Temple, 1928-04-23, 2425360, 2,2,2,2,5,7,61,71, 0, 0, 340979.1111
Tom_Hanks, 1956-07-09, 2435664, 2,2,2,2,3,7,11,659, 0, 0, 405936.5769
Vitali_Klitschko, 1971-07-19, 2441152, 2,2,2,2,2,2,7,5449, 0, 0, 446598.2759
