Alexej_von_Jawlensky, 1864-03-13, 2401944, 2,2,2,3,41,2441, 0, 0, 18709.30769
Anna_Pavlovna_of_Russia, 1795-01-18, 2376688, 2,2,2,2,41,3623, 0, 0, 29074.19231
Arantxa_Sánchez_Vicario, 1971-12-18, 2441304, 2,2,2,3,3,41,827, 0, 0, 34445.26829
Aribert_Heim, 1914-06-28, 2420312, 2,2,2,41,47,157, 0, 0, 71607.73333
Bertrand_Delanoë, 1950-05-30, 2433432, 2,2,2,3,41,2473, 0, 0, 35780.30303
Carlo_Rubbia, 1934-03-31, 2427528, 2,2,2,3,41,2467, 0, 0, 18507.68293
Charles_IX_of_Sweden, 1550-10-04, 2287472, 2,2,2,2,11,41,317, 0, 0, 20110.25
Denílson_Pereira_Neves, 1988-02-16, 2447208, 2,2,2,3,3,41,829, 0, 0, 54456.08571
Henry_VIII_of_England, 1491-06-28, 2265824, 2,2,2,2,2,11,41,157, 0, 0, 631188.4286
Lil_Wayne, 1982-09-27, 2445240, 2,2,2,3,5,7,41,71, 0, 0, 1401836.674
Louise_of_Mecklenburg-Strelitz, 1776-03-10, 2369800, 2,2,2,5,5,17,17,41, 0, 0, 41603.88462
Markus_Rosenberg, 1982-09-27, 2445240, 2,2,2,3,5,7,41,71, 0, 0, 35385.89655
Martin_Niemöller, 1892-01-14, 2412112, 2,2,2,2,41,3677, 0, 0, 47213.58333
Massimo_Oddo, 1976-06-14, 2442944, 2,2,2,2,2,2,7,7,19,41, 0, 0, 42181.78378
Nilmar, 1984-07-14, 2445896, 2,2,2,41,7457, 0, 0, 68745.70968
Nina_Dobrev, 1989-01-09, 2447536, 2,2,2,2,7,13,41,41, 0, 0, 473772.2889
Patrick_Stewart, 1940-07-13, 2429824, 2,2,2,2,2,2,2,41,463, 0, 0, 284151.381
Peter_Schmeichel, 1963-11-18, 2438352, 2,2,2,2,3,3,7,41,59, 0, 0, 109452.093
Richard_Chamberlain, 1934-03-31, 2427528, 2,2,2,3,41,2467, 0, 0, 118327.2857
Yuan_Shikai, 1859-09-16, 2400304, 2,2,2,2,41,3659, 0, 0, 84622.96875
Zooey_Deschanel, 1980-01-17, 2444256, 2,2,2,2,2,3,3,3,3,23,41, 0, 0, 851459.7436
