ATB, 1973-02-26, 2441740, 2,2,5,7,107,163, 0, 0, 62744.15625
Aaron_Sorkin, 1961-06-09, 2437460, 2,2,5,17,67,107, 0, 0, 155314.7037
Alberto_Santos-Dumont, 1873-07-20, 2405360, 2,2,2,2,5,107,281, 0, 0, 99835.5
Amy_Winehouse, 1983-09-14, 2445592, 2,2,2,107,2857, 0, 0, 591760.859
Arthur_Rimbaud, 1854-10-20, 2398512, 2,2,2,2,3,107,467, 0, 0, 133604.7361
Bertrand_Russell, 1872-05-18, 2404932, 2,2,3,107,1873, 0, 0, 114952.2041
Carlo_Goldoni, 1707-02-25, 2344584, 2,2,2,3,11,83,107, 0, 0, 39076.36538
Date_Masamune, 1567-09-05, 2293652, 2,2,23,107,233, 0, 0, 277320.1481
Erwin_Schrödinger, 1887-08-12, 2410496, 2,2,2,2,2,2,2,2,2,2,2,11,107, 0, 0, 95208.1413
Inigo_Jones, 1573-07-15, 2295792, 2,2,2,2,3,3,107,149, 0, 0, 23965.96429
Jared_Leto, 1971-12-26, 2441312, 2,2,2,2,2,23,31,107, 0, 0, 494313.6596
Johann_Gottfried_Herder, 1744-08-25, 2358280, 2,2,2,5,19,29,107, 0, 0, 39952.11765
Karl_Brandt, 1904-01-08, 2416488, 2,2,2,3,107,941, 0, 0, 20580.57692
Karl_Malden, 1912-03-22, 2419484, 2,2,107,5653, 0, 0, 75445.78947
Michael_J._Fox, 1961-06-09, 2437460, 2,2,5,17,67,107, 0, 0, 467839.4
Ole_Gunnar_Solskjær, 1973-02-26, 2441740, 2,2,5,7,107,163, 0, 0, 82381.24324
Raymond_Domenech, 1952-01-24, 2434036, 2,2,11,11,47,107, 0, 0, 72593.13514
Robert_Baden-Powell,_1st_Baron_Baden-Powell, 1857-02-22, 2399368, 2,2,2,107,2803, 0, 0, 44948.125
Robert_Rodriguez, 1968-06-20, 2440028, 2,2,107,5701, 0, 0, 250577.3235
Ted_Kennedy, 1932-02-22, 2426760, 2,2,2,3,3,3,3,5,7,107, 0, 0, 206382.3585
William_Friedkin, 1935-08-29, 2428044, 2,2,3,31,61,107, 0, 0, 65834.19231
