David_Letterman, 1947-04-12, 2432288, 2,2,2,2,2,29,2621, 0, 0, 211728.0909
Hassan_Gouled_Aptidon, 1916-10-15, 2421152, 2,2,2,2,2,29,2609, 0, 0, 4567.642857
Marcelo_Caetano, 1906-08-17, 2417440, 2,2,2,2,2,5,29,521, 0, 0, 18192.84615
Oriana_Fallaci, 1929-06-29, 2425792, 2,2,2,2,2,2,29,1307, 0, 0, 50348.81395
Scatman_John, 1942-03-13, 2430432, 2,2,2,2,2,3,3,3,29,97, 0, 0, 150487.0645
Shohreh_Aghdashloo, 1952-05-11, 2434144, 2,2,2,2,2,29,43,61, 0, 0, 59829.30769
Thomas_Johansson, 1975-03-24, 2442496, 2,2,2,2,2,2,2,2,7,29,47, 0, 0, 13388.22222
Tom_Clancy, 1947-04-12, 2432288, 2,2,2,2,2,29,2621, 0, 0, 245108.6667
Tranquillo_Barnetta, 1985-05-22, 2446208, 2,2,2,2,2,2,2,29,659, 0, 0, 30923.06061
Yongle_Emperor, 1360-05-02, 2217920, 2,2,2,2,2,2,5,29,239, 0, 0, 52782.03226
