Alan_Moore, 1953-11-18, 2434700, 2,2,5,5,97,251, 0, 0, 214341.8485
Dominic_Howard, 1977-12-07, 2443485, 3,5,11,59,251, 0, 0, 60687.37931
Erich_Honecker, 1912-08-25, 2419640, 2,2,2,5,241,251, 0, 0, 95634.22449
Ferdinand_II_of_Aragon, 1452-03-10, 2251470, 2,3,5,13,23,251, 0, 0, 66013.89091
Jimmy_Greaves, 1940-02-20, 2429680, 2,2,2,2,5,11,11,251, 0, 0, 35770.26923
Karl_Ziegler, 1898-11-26, 2414620, 2,2,5,13,37,251, 0, 0, 7150.789474
Kieran_Richardson, 1984-10-21, 2445995, 5,251,1949, 0, 0, 28958.30769
Patrice_Evra, 1981-05-15, 2444740, 2,2,5,251,487, 0, 0, 88425.64706
Prince_Edward,_Earl_of_Wessex, 1964-03-10, 2438465, 5,29,67,251, 0, 0, 27402.22857
Skandar_Keynes, 1991-09-05, 2448505, 5,251,1951, 0, 0, 184977.5926
Zara_Phillips, 1981-05-15, 2444740, 2,2,5,251,487, 0, 0, 185055.1429
