Ernest_Rutherford, 1871-08-30, 2404670, 2,5,31,7757, 0, 0, 95994.26804
Felix_Magath, 1953-07-26, 2434585, 5,31,113,139, 0, 0, 72597.9
Haddaway, 1965-01-09, 2438770, 2,5,31,7867, 0, 0, 72681.77778
Henry_Wadsworth_Longfellow, 1807-02-27, 2381110, 2,5,31,7681, 0, 0, 64208.7561
Javier_Solana, 1942-07-14, 2430555, 3,5,31,5227, 0, 0, 32935.1
Michael_Jackson, 1958-08-29, 2436445, 5,11,31,1429, 0, 0, 988099.6531
Moshe_Katsav, 1945-12-05, 2431795, 5,29,31,541, 0, 0, 26447.43182
Rick_Perry, 1950-03-04, 2433345, 3,5,31,5233, 0, 0, 138200.7941
Stanford_Moore, 1913-09-04, 2420015, 5,13,31,1201, 0, 0, 5785.545455
Zhang_Yimou, 1951-11-14, 2433965, 5,31,41,383, 0, 0, 73821.17143
