Boris_Johnson, 1964-06-19, 3,5,17,73,131, 99659.86667
Francis_I,_Holy_Roman_Emperor, 1708-12-08, 3,5,17,17,541, 13806.29787
Franklin_D._Roosevelt, 1882-01-30, 3,5,5,17,1889, 302324.0442
Jay_Spearing, 1988-11-25, 2,3,5,17,4799, 42018.26923
Jeremy_Clarkson, 1960-04-11, 3,5,17,19,503, 370308.7647
Jessica_Simpson, 1980-07-10, 2,3,5,17,4793, 258221.04
José_Mourinho, 1963-01-26, 3,3,5,17,3187, 297051.9524
Marc_Gené, 1974-03-29, 3,5,17,61,157, 19499.03846
Nodar_Kumaritashvili, 1988-11-25, 2,3,5,17,4799, 38320.66667
Yasuo_Fukuda, 1936-07-16, 3,5,17,89,107, 45055.32203
