Aaron_Ciechanover, 1947-10-01, 2432460, 2,2,3,5,71,571, 0, 0, 10856.65714
Arthur_de_Gobineau, 1816-07-14, 2384535, 3,5,71,2239, 0, 0, 31366.2
Galba, -0003-12-24, 1720685, 5,37,71,131, 0, 0, 30359.55357
George_R._R._Martin, 1948-09-20, 2432815, 5,7,11,71,89, 0, 0, 230031.5
Gerhard_Herzberg, 1904-12-25, 2416840, 2,2,2,5,23,37,71, 0, 0, 8230.516129
Helmut_Kohl, 1930-04-03, 2426070, 2,3,5,17,67,71, 0, 0, 88218.78462
Jan_Vennegoor_of_Hesselink, 1978-11-07, 2443820, 2,2,5,71,1721, 0, 0, 46612.54839
Johannes_Vermeer, 1632-10-31, 2317440, 2,2,2,2,2,2,2,3,5,17,71, 0, 0, 130381.7838
Joseph_McCarthy, 1908-11-14, 2418260, 2,2,5,13,71,131, 0, 0, 164039.8293
Lil_Wayne, 1982-09-27, 2445240, 2,2,2,3,5,7,41,71, 0, 0, 1401836.674
Markus_Rosenberg, 1982-09-27, 2445240, 2,2,2,3,5,7,41,71, 0, 0, 35385.89655
Max_Stirner, 1806-10-25, 2380985, 5,19,71,353, 0, 0, 38236
Muhammad_al-Bukhari, 0810-07-19, 2017110, 2,3,5,71,947, 0, 0, 40334.75
Nikica_Jelavić, 1985-08-27, 2446305, 3,5,71,2297, 0, 0, 44060.51613
Nikita_Mikhalkov, 1945-10-21, 2431750, 2,5,5,5,71,137, 0, 0, 29408.26471
Rio_Ferdinand, 1978-11-07, 2443820, 2,2,5,71,1721, 0, 0, 118402.4545
Saki, 1870-12-18, 2404415, 5,13,71,521, 0, 0, 75863.26923
Shah_Jahan, 1592-01-05, 2302530, 2,3,5,23,47,71, 0, 0, 67323.52542
Shirley_Temple, 1928-04-23, 2425360, 2,2,2,2,5,7,61,71, 0, 0, 340979.1111
Torsten_Wiesel, 1924-06-03, 2423940, 2,2,3,5,71,569, 0, 0, 8874.09375
