Cesare_Prandelli, 1957-08-19, 2436070, 2,5,7,13,2677, 0, 0, 53463.42424
Connie_Francis, 1938-12-12, 2429245, 5,7,13,19,281, 0, 0, 105616.1481
David_Dacko, 1930-03-24, 2426060, 2,2,5,7,13,31,43, 0, 0, 9224.965517
Enzo_Bearzot, 1927-09-26, 2425150, 2,5,5,7,13,13,41, 0, 0, 26282.23077
Eva_Rivas, 1987-07-13, 2446990, 2,5,7,13,2689, 0, 0, 18256.7037
Frederick_I_of_Denmark, 1471-10-07, 2258620, 2,2,5,7,13,17,73, 0, 0, 15340.46154
Jared_Padalecki, 1982-07-19, 2445170, 2,5,7,13,2687, 0, 0, 349159.1471
Jeppe_Aakjær, 1866-09-10, 2402855, 5,7,13,5281, 0, 0, 6861.233333
Jon_Lord, 1941-06-09, 2430155, 5,7,7,7,13,109, 0, 0, 75831.89744
Kelsey_Grammer, 1955-02-21, 2435160, 2,2,2,3,5,7,13,223, 0, 0, 302374.5172
Kurt_Student, 1890-05-12, 2411500, 2,2,5,5,5,7,13,53, 0, 0, 26591.83333
Marie_Louise,_Duchess_of_Parma, 1791-12-12, 2375555, 5,7,13,23,227, 0, 0, 36425.18919
Max_Theiler, 1899-01-30, 2414685, 3,5,7,13,29,61, 0, 0, 7223.162162
Mel_Brooks, 1926-06-28, 2424695, 5,7,13,73,73, 0, 0, 194183.4565
Robert_Pirès, 1973-10-29, 2441985, 3,5,7,13,1789, 0, 0, 72993.38462
Rodney_Robert_Porter, 1917-10-08, 2421510, 2,3,5,7,13,887, 0, 0, 5416.965517
Rudolph_Valentino, 1895-05-06, 2413320, 2,2,2,3,5,7,13,13,17, 0, 0, 103537.025
Steve_McQueen, 1930-03-24, 2426060, 2,2,5,7,13,31,43, 0, 0, 281928.4259
Vladimir_Prelog, 1906-07-23, 2417415, 3,5,7,7,11,13,23, 0, 0, 8446.348837
