Alex_Oxlade-Chamberlain, 1993-08-15, 2449215, 3,3,5,37,1471, 0, 0, 87397.77419
Charles_X_Gustav_of_Sweden, 1622-11-08, 2313795, 3,5,11,37,379, 0, 0, 27627.68571
Cynthia_Nixon, 1966-04-09, 2439225, 3,3,5,5,37,293, 0, 0, 204391.3103
George_Boole, 1815-11-02, 2384280, 2,2,2,3,3,5,37,179, 0, 0, 36059.67925
Hun_Sen, 1952-08-05, 2434230, 2,3,3,5,17,37,43, 0, 0, 42468.96875
Jean-Honoré_Fragonard, 1732-04-05, 2353755, 3,5,37,4241, 0, 0, 36056.7381
Jennifer_Jones, 1919-03-02, 2422020, 2,2,3,5,37,1091, 0, 0, 51117.575
Lasse_Virén, 1949-07-22, 2433120, 2,2,2,2,2,3,5,37,137, 0, 0, 17062.75
Nikolai_Bukharin, 1888-10-09, 2410920, 2,2,2,3,3,5,37,181, 0, 0, 30570.07895
Pierre_Puvis_de_Chavannes, 1824-12-14, 2387610, 2,3,3,3,5,37,239, 0, 0, 22861.03846
Rafael_Trujillo, 1891-10-24, 2412030, 2,3,5,37,41,53, 0, 0, 113953.3077
