Carlos_Andrés_Pérez, 1922-10-27, 3,5,11,19,773, 67926.7
Carmelo_Anthony, 1984-05-29, 2,5,5,11,4447, 229297.925
Daniel_Cohn-Bendit, 1945-04-04, 2,5,5,11,4421, 78135.25806
Dominic_Howard, 1977-12-07, 3,5,11,59,251, 60687.37931
Emiliano_Zapata, 1879-08-08, 2,5,11,43,509, 153499.2632
George_R._R._Martin, 1948-09-20, 5,7,11,71,89, 230031.5
Giacomo_Casanova, 1725-04-02, 5,7,11,31,197, 139034.7541
Heidi_Klum, 1973-06-01, 3,3,5,11,4933, 364413
Jennifer_Hudson, 1981-09-12, 2,2,5,11,11113, 305279.4872
Jesse_James, 1847-09-05, 2,5,11,23,947, 429359.5556
Kate_Beckinsale, 1973-07-26, 2,5,11,79,281, 498613.9565
Konrad_Zuse, 1910-06-22, 5,11,13,17,199, 74877.11364
Levi_Strauss, 1829-02-26, 5,11,11,11,359, 75299.5
Marco_Hietala, 1966-01-14, 2,2,5,11,11087, 62113.2963
Milton_Friedman, 1912-07-31, 5,11,29,37,41, 141755.6923
Paul_Pierce, 1977-10-13, 2,5,11,97,229, 133974.8333
Raphael, 1483-03-28, 2,3,5,11,6857, 147547.6429
Theodore_Roosevelt, 1858-10-27, 2,2,5,11,10909, 249380.5979
Varg_Vikernes, 1973-02-11, 5,5,11,13,683, 166625.1765
Vin_Diesel, 1967-07-18, 2,3,5,11,7393, 861818.1304
Yossi_Benayoun, 1980-05-05, 5,7,7,11,907, 92866.475
