Albert_Fert, 1938-03-07, 3,3,5,7,11,701, 13182.95652
Brian_Epstein, 1934-09-19, 2,2,5,5,11,2207, 71272.34286
Briana_Banks, 1978-05-21, 2,3,5,5,11,1481, 278049.4615
Carlos_Valderrama, 1961-09-02, 3,5,11,11,17,79, 87651.18919
David_Baltimore, 1938-03-07, 3,3,5,7,11,701, 15832.47059
Diego_Ribas_da_Cunha, 1985-02-28, 3,5,5,5,11,593, 150365.2727
Enrico_Berlinguer, 1922-05-15, 2,3,5,7,11,1049, 252491.1852
Gaël_Monfils, 1986-09-01, 5,5,7,11,31,41, 53312.95122
George_Canning, 1770-04-11, 2,2,2,5,11,5381, 15493.0625
George_Habash, 1926-08-02, 2,5,7,11,47,67, 22428.07143
Jelena_Janković, 1985-02-28, 3,5,5,5,11,593, 49995.13333
Karel_Appel, 1921-04-25, 5,7,7,11,29,31, 27534.84375
Melanie_Griffith, 1957-08-09, 2,2,3,5,11,3691, 229125.2632
Meryl_Streep, 1949-06-22, 2,3,5,11,73,101, 325459.9481
Mihai_Ghimpu, 1951-11-19, 2,5,7,11,29,109, 8293
Möngke_Khan, 1209-01-10, 3,3,5,11,17,257, 26244.86667
Nikolai_Andrianov, 1952-10-14, 2,2,5,5,11,2213, 12399.5
Phoebe_Tonkin, 1989-07-12, 2,2,2,5,11,5563, 175445.8929
Robin_Cook, 1946-02-28, 2,2,2,5,11,5527, 33726.14815
Ross_Brawn, 1954-11-23, 2,3,5,11,47,157, 60187.73077
Samuel_C._C._Ting, 1936-01-27, 5,7,7,11,17,53, 12305.13158
