Anne_Frank, 1929-06-12, 2425775, 5,5,11,8821, 0, 0, 348138.1299
Bam_Margera, 1979-09-28, 2444145, 3,5,11,14813, 0, 0, 453206.5556
Cameron_Diaz, 1972-08-30, 2441560, 2,2,2,5,11,31,179, 0, 0, 442533.4559
Chris_Jericho, 1970-11-09, 2440900, 2,2,5,5,7,11,317, 0, 0, 424251.5
Dr._Dre, 1965-02-18, 2438810, 2,5,11,22171, 0, 0, 574374.2745
Elizabeth_Taylor, 1932-02-27, 2426765, 5,11,44123, 0, 0, 338903.0556
Heidi_Klum, 1973-06-01, 2441835, 3,3,5,11,4933, 0, 0, 364413
Jeff_Bridges, 1949-12-04, 2433255, 3,5,11,14747, 0, 0, 305174.1087
Jennifer_Hudson, 1981-09-12, 2444860, 2,2,5,11,11113, 0, 0, 305279.4872
Jesse_James, 1847-09-05, 2395910, 2,5,11,23,947, 0, 0, 429359.5556
Jesse_McCartney, 1987-04-09, 2446895, 5,11,17,2617, 0, 0, 401128.9211
John_Cusack, 1966-06-28, 2439305, 5,11,44351, 0, 0, 308510.9091
Kaley_Cuoco, 1985-11-30, 2446400, 2,2,2,2,2,2,5,5,11,139, 0, 0, 965585.4
Kate_Beckinsale, 1973-07-26, 2441890, 2,5,11,79,281, 0, 0, 498613.9565
Malcolm_X, 1925-05-19, 2424290, 2,5,11,22039, 0, 0, 368121.7143
Mark_Hamill, 1951-09-25, 2433915, 3,3,3,5,11,11,149, 0, 0, 378820.2353
Martin_Sheen, 1940-08-03, 2429845, 5,11,44179, 0, 0, 400678.0222
Meryl_Streep, 1949-06-22, 2433090, 2,3,5,11,73,101, 0, 0, 325459.9481
Michael_Jackson, 1958-08-29, 2436445, 5,11,31,1429, 0, 0, 988099.6531
Mischa_Barton, 1986-01-24, 2446455, 3,5,11,14827, 0, 0, 329740.6765
Vin_Diesel, 1967-07-18, 2439690, 2,3,5,11,7393, 0, 0, 861818.1304
