Anthony_Burgess, 1917-02-25, 2421285, 3,5,151,1069, 0, 0, 70351.39394
Bella_Thorne, 1997-10-08, 2450730, 2,3,5,151,541, 0, 0, 379715.4688
Damien_Duff, 1979-03-02, 2443935, 3,5,13,83,151, 0, 0, 40192.15789
Felipe_Calderón, 1962-08-18, 2437895, 5,151,3229, 0, 0, 87421.01786
Frank_Sherwood_Rowland, 1927-06-28, 2425060, 2,2,5,11,73,151, 0, 0, 7302.361111
Gilbert_N._Lewis, 1875-10-23, 2406185, 5,151,3187, 0, 0, 33844.21875
Herbert_Marcuse, 1898-07-19, 2414490, 2,3,5,13,41,151, 0, 0, 52662.16667
Heydar_Aliyev, 1923-05-10, 2423550, 2,3,5,5,107,151, 0, 0, 24598.68182
Kenny_G, 1956-06-05, 2435630, 2,5,151,1613, 0, 0, 140390.3929
Mercedes_Ruehl, 1948-02-28, 2432610, 2,3,3,5,151,179, 0, 0, 34483.17857
Miranda_Kerr, 1983-04-20, 2445445, 5,41,79,151, 0, 0, 479974.9189
Steven_Chu, 1948-02-28, 2432610, 2,3,3,5,151,179, 0, 0, 41290.17021
Tony_Curtis, 1925-06-03, 2424305, 5,13,13,19,151, 0, 0, 173627.3137
Željko_Ražnatović, 1952-04-17, 2434120, 2,2,2,5,13,31,151, 0, 0, 66580.33333
