Alan_Moore, 1953-11-18, 2434700, 2,2,5,5,97,251, 0, 0, 214341.8485
Albert_Finney, 1936-05-09, 2428298, 2,97,12517, 0, 0, 126226.7813
Ali_Khamenei, 1939-07-17, 2429462, 2,7,97,1789, 0, 0, 117237.2453
Ashley_Cole, 1980-12-20, 2444594, 2,97,12601, 0, 0, 127909.2407
Brad_Renfro, 1982-07-25, 2445176, 2,2,2,23,97,137, 0, 0, 226666.0385
Charles_II_of_England, 1630-05-29, 2316554, 2,97,11941, 0, 0, 131751.9661
Edward_I_of_England, 1239-06-17, 2173770, 2,3,3,3,5,83,97, 0, 0, 121767.5862
Ian_Curtis, 1956-07-15, 2435670, 2,3,3,3,3,5,31,97, 0, 0, 209369.3429
James_Cromwell, 1940-01-27, 2429656, 2,2,2,31,97,101, 0, 0, 172301.1538
Javier_Pastore, 1989-06-20, 2447698, 2,11,31,37,97, 0, 0, 159857.6207
Joachim_von_Ribbentrop, 1893-04-30, 2412584, 2,2,2,97,3109, 0, 0, 77586.4902
Joe_Satriani, 1956-07-15, 2435670, 2,3,3,3,3,5,31,97, 0, 0, 240564.2703
John_Williams, 1932-02-08, 2426746, 2,7,97,1787, 0, 0, 129878.4528
Mel_Gibson, 1956-01-03, 2435476, 2,2,97,6277, 0, 0, 368269.6
Michael_Fassbender, 1977-04-02, 2443236, 2,2,3,97,2099, 0, 0, 454186.0571
Morgan_Freeman, 1937-06-01, 2428686, 2,3,3,13,97,107, 0, 0, 432477.0909
Paul_Pierce, 1977-10-13, 2443430, 2,5,11,97,229, 0, 0, 133974.8333
Peter_Lorre, 1904-06-26, 2416658, 2,97,12457, 0, 0, 91115.6
Roald_Dahl, 1916-09-13, 2421120, 2,2,2,2,2,2,2,3,5,13,97, 0, 0, 261161.2745
Scatman_John, 1942-03-13, 2430432, 2,2,2,2,2,3,3,3,29,97, 0, 0, 150487.0645
Yeardley_Smith, 1964-07-03, 2438580, 2,2,3,5,97,419, 0, 0, 72923.11111
