Akira_Toriyama, 1955-04-05, 2,3,3,7,7,11,251, 298591.871
Alyssa_Milano, 1972-12-19, 2,3,5,7,7,11,151, 391663.175
Andreu_Fontàs, 1989-11-14, 2,2,3,7,7,23,181, 36891.48485
Arne_Friedrich, 1979-05-29, 2,3,3,7,7,17,163, 33843.73171
Brett_Holman, 1984-03-27, 2,3,3,7,7,47,59, 18516.6
Daniel_arap_Moi, 1924-09-02, 2,3,5,7,7,17,97, 17034.89474
Dean_Acheson, 1893-04-11, 2,2,3,7,7,11,373, 30438.22222
Elmer_Bernstein, 1922-04-04, 2,2,3,7,7,13,317, 30958.66667
Giulio_Andreotti, 1919-01-14, 2,2,3,3,7,7,1373, 101507.1282
Jim_Belushi, 1954-06-15, 2,2,3,7,7,41,101, 111295.9714
