Aldo_Moro, 1916-09-23, 2421130, 2,5,197,1229, 0, 0, 71978.27083
BoA, 1986-11-05, 2446740, 2,2,3,3,3,5,23,197, 0, 0, 244977.5588
Chris_Hemsworth, 1983-08-11, 2445558, 2,3,197,2069, 0, 0, 763770
Cláudio_Taffarel, 1966-05-08, 2439254, 2,41,151,197, 0, 0, 48055.42857
Empress_Elisabeth_of_Austria, 1837-12-24, 2392368, 2,2,2,2,3,11,23,197, 0, 0, 208457.3111
Endre_Ady, 1877-11-22, 2406946, 2,41,149,197, 0, 0, 32810.40625
Gerardus_Mercator, 1512-03-05, 2273380, 2,2,5,197,577, 0, 0, 31906.76596
Gianluca_Zambrotta, 1977-02-19, 2443194, 2,3,3,13,53,197, 0, 0, 70723.48837
Joan_Fontaine, 1917-10-22, 2421524, 2,2,7,197,439, 0, 0, 103268.7632
Kasper_Schmeichel, 1986-11-05, 2446740, 2,2,3,3,3,5,23,197, 0, 0, 72307.81481
Lazzaro_Spallanzani, 1729-01-10, 2352574, 2,7,197,853, 0, 0, 50563.13793
Lester_B._Pearson, 1897-04-23, 2414038, 2,11,197,557, 0, 0, 34352.04762
Louis_Blériot, 1872-07-01, 2404976, 2,2,2,2,7,109,197, 0, 0, 31437.90625
Marcelo_Salas, 1974-12-24, 2442406, 2,197,6199, 0, 0, 66710.57143
Matthew_Upson, 1979-04-18, 2443982, 2,197,6203, 0, 0, 25143.19444
Michael_Ondaatje, 1943-09-12, 2430980, 2,2,5,197,617, 0, 0, 39170.07407
Paul_Giamatti, 1967-06-06, 2439648, 2,2,2,2,2,3,3,43,197, 0, 0, 171443.7576
Queen_Rania_of_Jordan, 1970-08-31, 2440830, 2,3,5,7,59,197, 0, 0, 148003.2105
Raymond_Barre, 1924-04-12, 2423888, 2,2,2,2,197,769, 0, 0, 25492
Sarvepalli_Radhakrishnan, 1888-09-05, 2410886, 2,29,197,211, 0, 0, 47832.06818
Vitaly_Petrov, 1984-09-08, 2445952, 2,2,2,2,2,2,2,97,197, 0, 0, 27975.33333
