Al_Capone, 1899-01-17, 2414672, 2,2,2,2,13,13,19,47, 0, 0, 491181.2097
Caster_Semenya, 1991-01-07, 2448264, 2,2,2,3,7,13,19,59, 0, 0, 113576.6071
Dick_Advocaat, 1947-09-27, 2432456, 2,2,2,13,19,1231, 0, 0, 41790.66667
Eden_Hazard, 1991-01-07, 2448264, 2,2,2,3,7,13,19,59, 0, 0, 240831.7568
Felix_Bloch, 1905-10-23, 2417142, 2,3,7,13,19,233, 0, 0, 10487.44
Georges_Bataille, 1897-09-10, 2414178, 2,3,3,3,13,19,181, 0, 0, 63328
Li_Peng, 1928-10-20, 2425540, 2,2,5,13,19,491, 0, 0, 88356.85185
Louis_Bonaparte, 1778-09-02, 2370706, 2,13,19,4799, 0, 0, 46776
Maxi_López, 1984-04-03, 2445794, 2,13,19,4951, 0, 0, 99761.07692
Meat_Loaf, 1947-09-27, 2432456, 2,2,2,13,19,1231, 0, 0, 322372.4839
Pete_Seeger, 1919-05-03, 2422082, 2,13,19,4903, 0, 0, 106113.0938
Peter_Jackson_(footballer,_born_1961), 1961-04-06, 2437396, 2,2,13,19,2467, 0, 0, 186333.1379
Rahm_Emanuel, 1959-11-29, 2436902, 2,13,19,4933, 0, 0, 257546.963
René_Guénon, 1886-11-15, 2410226, 2,7,13,17,19,41, 0, 0, 35919.21429
Richard_J._Roberts, 1943-09-06, 2430974, 2,7,13,19,19,37, 0, 0, 8287.259259
Robert_Southey, 1774-08-12, 2369224, 2,2,2,11,13,19,109, 0, 0, 17644.92857
Roger_Waters, 1943-09-06, 2430974, 2,7,13,19,19,37, 0, 0, 246861.9556
Roy_Scheider, 1932-11-10, 2427022, 2,13,17,17,17,19, 0, 0, 121478.6765
Tunku_Abdul_Rahman, 1903-02-08, 2416154, 2,13,19,67,73, 0, 0, 64534.75
Viktor_Chernomyrdin, 1938-04-09, 2428998, 2,3,11,13,19,149, 0, 0, 14063.525
