Andrei_Grechko, 1903-10-04, 2416392, 2,2,2,3,3,3,3,3,11,113, 0, 0, 8287.785714
Aníbal_Cavaco_Silva, 1939-07-15, 2429460, 2,2,3,3,3,5,11,409, 0, 0, 21954
Boris_Kolker, 1939-07-15, 2429460, 2,2,3,3,3,5,11,409, 0, 0, 2086.814815
Charles_Le_Brun, 1619-02-24, 2312442, 2,3,3,3,11,17,229, 0, 0, 26154.09677
Elizabeth_Barrett_Browning, 1806-03-06, 2380752, 2,2,2,2,3,3,3,3,11,167, 0, 0, 52032.55556
Elton_Mayo, 1880-12-26, 2408076, 2,2,3,3,3,11,2027, 0, 0, 86670.53846
Emmy_Rossum, 1986-09-12, 2446686, 2,3,3,3,3,11,1373, 0, 0, 112408.7381
Ernst_Kaltenbrunner, 1903-10-04, 2416392, 2,2,2,3,3,3,3,3,11,113, 0, 0, 65302.60976
François_Fillon, 1954-03-04, 2434806, 2,3,3,3,11,4099, 0, 0, 42792.07018
Gabrielle_Giffords, 1970-06-08, 2440746, 2,3,3,3,7,11,587, 0, 0, 131759.1892
Gustav_Fechner, 1801-04-19, 2378970, 2,3,3,3,3,3,5,11,89, 0, 0, 18864.6
James_II_of_England, 1633-10-14, 2317788, 2,2,3,3,3,11,1951, 0, 0, 98626.44828
Nicolas_Léonard_Sadi_Carnot, 1796-06-01, 2377188, 2,2,3,3,3,3,11,23,29, 0, 0, 20451.72727
Richard_Owen, 1804-07-20, 2380158, 2,3,3,3,11,4007, 0, 0, 19520.18421
Shaggy_(musician), 1968-10-22, 2440152, 2,2,2,3,3,3,11,13,79, 0, 0, 50700.73333
Shawn_Michaels, 1965-07-22, 2438964, 2,2,3,3,3,11,2053, 0, 0, 554633.9706
Taylor_Swift, 1989-12-13, 2447874, 2,3,3,3,11,13,317, 0, 0, 863062.3971
Yuto_Nagatomo, 1986-09-12, 2446686, 2,3,3,3,3,11,1373, 0, 0, 197370.2308
