Arnaldur_Indriðason, 1961-01-28, 2437328, 2,2,2,2,347,439, 0, 0, 32644.11111
Christopher_Nolan, 1970-07-30, 2440798, 2,347,3517, 0, 0, 311038.0345
Christopher_Paolini, 1983-11-17, 2445656, 2,2,2,347,881, 0, 0, 96356.25
Dennis_Hopper, 1936-05-17, 2428306, 2,347,3499, 0, 0, 233161.0833
Edward_IV_of_England, 1442-04-28, 2247866, 2,41,79,347, 0, 0, 96922.13462
Frederick_III,_Holy_Roman_Emperor, 1415-09-21, 2238150, 2,3,5,5,43,347, 0, 0, 8784.860465
Georg_Cantor, 1845-03-03, 2394994, 2,7,17,29,347, 0, 0, 43481.06349
Ivan_Klasnić, 1980-01-29, 2444268, 2,2,3,347,587, 0, 0, 34959.55556
Louis_IX_of_France, 1214-04-25, 2164586, 2,347,3119, 0, 0, 57423.08333
Lucas_Papademos, 1947-10-11, 2432470, 2,5,347,701, 0, 0, 16867.3
Luciano_Floridi, 1964-11-16, 2438716, 2,2,7,251,347, 0, 0, 4519.444444
Michelle_Trachtenberg, 1985-10-11, 2446350, 2,3,5,5,47,347, 0, 0, 368302.8966
Queen_Silvia_of_Sweden, 1943-12-23, 2431082, 2,31,113,347, 0, 0, 66347.22222
William_R._King, 1786-04-07, 2373480, 2,2,2,3,3,5,19,347, 0, 0, 17510.13793
Zinedine_Zidane, 1972-06-23, 2441492, 2,2,347,1759, 0, 0, 249160.0952
