Allan_Simonsen, 1952-12-15, 2434362, 2,3,7,149,389, 0, 0, 24091.3871
Frank_Rijkaard, 1962-09-30, 2437938, 2,3,3,3,3,101,149, 0, 0, 110788.4286
Inigo_Jones, 1573-07-15, 2295792, 2,2,2,2,3,3,107,149, 0, 0, 23965.96429
Jean_Nouvel, 1945-08-12, 2431680, 2,2,2,2,2,2,3,5,17,149, 0, 0, 55852.30556
Kirsten_Dunst, 1982-04-30, 2445090, 2,3,5,149,547, 0, 0, 321621.0164
Lloyd_Banks, 1982-04-30, 2445090, 2,3,5,149,547, 0, 0, 210783.963
Oscar_Luigi_Scalfaro, 1918-09-09, 2421846, 2,3,3,3,7,43,149, 0, 0, 27593.61905
Piet_Mondrian, 1872-03-07, 2404860, 2,2,3,5,149,269, 0, 0, 185097.1731
Shimon_Peres, 1923-08-02, 2423634, 2,3,149,2711, 0, 0, 75266.42857
Viktor_Chernomyrdin, 1938-04-09, 2428998, 2,3,11,13,19,149, 0, 0, 14063.525
