Al_Capone, 1899-01-17, 2414672, 2,2,2,2,13,13,19,47, 0, 0, 491181.2097
Axl_Rose, 1962-02-06, 2437702, 2,47,25933, 0, 0, 429173.0952
Bryan_Cranston, 1956-03-07, 2435540, 2,2,5,47,2591, 0, 0, 586023.4615
Christina_Ricci, 1980-02-12, 2444282, 2,47,26003, 0, 0, 378789.9231
Hayden_Panettiere, 1989-08-21, 2447760, 2,2,2,2,3,5,7,31,47, 0, 0, 537846.0213
Heather_Graham, 1970-01-29, 2440616, 2,2,2,47,6491, 0, 0, 285918.6563
Jeremy_Irons, 1948-09-19, 2432814, 2,3,47,8627, 0, 0, 162936.2941
Jesse_Jackson, 1941-10-08, 2430276, 2,2,3,31,47,139, 0, 0, 191652.3704
John_Rhys-Davies, 1944-05-05, 2431216, 2,2,2,2,47,53,61, 0, 0, 192904.5161
Luis_Suárez, 1987-01-24, 2446820, 2,2,5,19,47,137, 0, 0, 138751.72
Matthew_Morrison, 1978-10-30, 2443812, 2,2,3,7,47,619, 0, 0, 289266.9286
Michael_Jordan, 1963-02-17, 2438078, 2,37,47,701, 0, 0, 665054.5733
Michelle_Trachtenberg, 1985-10-11, 2446350, 2,3,5,5,47,347, 0, 0, 368302.8966
Nick_Cave, 1957-09-22, 2436104, 2,2,2,11,19,31,47, 0, 0, 181472.9737
Paul_Ryan, 1970-01-29, 2440616, 2,2,2,47,6491, 0, 0, 169359.1143
Richard_III_of_England, 1452-10-02, 2251676, 2,2,7,29,47,59, 0, 0, 172495.0877
Russell_Westbrook, 1988-11-12, 2447478, 2,3,3,11,47,263, 0, 0, 144489.3333
Sarah_Michelle_Gellar, 1977-04-14, 2443248, 2,2,2,2,3,3,19,19,47, 0, 0, 424751
Sofia_Coppola, 1971-05-14, 2441086, 2,47,25969, 0, 0, 230098.7436
Vincent_Price, 1911-05-27, 2419184, 2,2,2,2,47,3217, 0, 0, 196147.8788
Wayne_Gretzky, 1961-01-26, 2437326, 2,3,3,43,47,67, 0, 0, 307944.697
