Danny_Welbeck, 1990-11-26, 2448222, 2,3,7,71,821, 0, 0, 95261.92683
John_Gurdon, 1933-10-02, 2427348, 2,2,3,7,11,37,71, 0, 0, 12947.89744
Josh_Radnor, 1974-07-29, 2442258, 2,3,3,3,7,7,13,71, 0, 0, 339447.7097
Kris_Kristofferson, 1936-06-22, 2428342, 2,7,7,71,349, 0, 0, 198308.7941
Lil_Wayne, 1982-09-27, 2445240, 2,2,2,3,5,7,41,71, 0, 0, 1401836.674
Louise_Bourgeois, 1911-12-25, 2419396, 2,2,7,71,1217, 0, 0, 56214.8125
Marcos_Baghdatis, 1985-06-17, 2446234, 2,7,23,71,107, 0, 0, 35513.68571
Markus_Rosenberg, 1982-09-27, 2445240, 2,2,2,3,5,7,41,71, 0, 0, 35385.89655
Mata_Hari, 1876-08-07, 2406474, 2,3,3,7,71,269, 0, 0, 162816.0328
Rita_Ora, 1990-11-26, 2448222, 2,3,7,71,821, 0, 0, 345841.6552
Robert_Koch, 1843-12-11, 2394546, 2,3,7,11,71,73, 0, 0, 56331.39506
Roberto_Donadoni, 1963-09-09, 2438282, 2,7,11,71,223, 0, 0, 49401.35714
Shirley_Temple, 1928-04-23, 2425360, 2,2,2,2,5,7,61,71, 0, 0, 340979.1111
Thomas_Häßler, 1966-05-30, 2439276, 2,2,3,7,71,409, 0, 0, 31074.24138
