Andrés_Segovia, 1893-02-21, 2,2,3,23,8741, 37971.05263
Gary_Neville, 1975-02-18, 2,3,11,23,1609, 74095.07843
Harold_Wilson, 1916-03-11, 2,3,23,53,331, 49131.86538
Isabella_Rossellini, 1952-06-18, 2,3,23,31,569, 176287.0278
Isabelle_Adjani, 1955-06-27, 2,3,7,23,2521, 120835.4255
Joseph_I_of_Portugal, 1714-06-06, 2,3,23,73,233, 17795.6
Julien_Offray_de_La_Mettrie, 1709-11-23, 2,3,23,23,739, 16236.87097
Kenzaburō_Ōe, 1935-01-31, 2,3,23,73,241, 38584.79032
Klemens_von_Metternich, 1773-05-15, 2,3,5,23,3433, 39558.32075
Lily_Allen, 1985-05-02, 2,2,3,23,8863, 295423.5682
Luca_Toni, 1977-05-26, 2,3,5,23,3541, 169484.9524
René_van_de_Kerkhof, 1951-09-16, 2,3,3,23,5879, 15626
Roger_Y._Tsien, 1952-02-01, 2,2,3,23,8819, 13082.68421
Sadako_Sasaki, 1943-01-07, 2,2,3,23,8807, 80820
Willy_van_de_Kerkhof, 1951-09-16, 2,3,3,23,5879, 14988.19231
