Andy_Roddick, 1982-08-30, 2445212, 2,2,7,11,17,467, 0, 0, 164783
Bhumibol_Adulyadej, 1927-12-05, 2425220, 2,2,5,7,17,1019, 0, 0, 142465.0357
Christian_Slater, 1969-08-18, 2440452, 2,2,3,7,17,1709, 0, 0, 228277.9394
Călin_Popescu-Tăriceanu, 1952-01-14, 2434026, 2,3,7,7,17,487, 0, 0, 8978.363636
Edward_Norton, 1969-08-18, 2440452, 2,2,3,7,17,1709, 0, 0, 359733.8596
Jimmy_Floyd_Hasselbaink, 1972-03-27, 2441404, 2,2,7,17,23,223, 0, 0, 61704.29032
John_Hume, 1937-01-18, 2428552, 2,2,2,7,17,2551, 0, 0, 15396.92105
John_Ruskin, 1819-02-08, 2385474, 2,3,7,13,17,257, 0, 0, 73597.11111
Ralf_Schumacher, 1975-06-30, 2442594, 2,3,7,11,17,311, 0, 0, 58244.29268
René_Guénon, 1886-11-15, 2410226, 2,7,13,17,19,41, 0, 0, 35919.21429
Sophia_of_Hanover, 1630-10-14, 2316692, 2,2,7,17,31,157, 0, 0, 46061.73077
Théodore_Géricault, 1791-09-26, 2375478, 2,3,3,7,17,1109, 0, 0, 49257.25581
