Agnieszka_Radwańska, 1989-03-06, 2447592, 2,2,2,3,7,17,857, 0, 0, 88787.22222
Andy_Roddick, 1982-08-30, 2445212, 2,2,7,11,17,467, 0, 0, 164783
Ayumi_Hamasaki, 1978-10-02, 2443784, 2,2,2,7,17,17,151, 0, 0, 304254.439
Barry_Levinson, 1942-04-06, 2430456, 2,2,2,3,7,17,23,37, 0, 0, 47865.37037
Bhumibol_Adulyadej, 1927-12-05, 2425220, 2,2,5,7,17,1019, 0, 0, 142465.0357
Christian_Slater, 1969-08-18, 2440452, 2,2,3,7,17,1709, 0, 0, 228277.9394
Claudio_Caniggia, 1967-01-09, 2439500, 2,2,5,5,5,7,17,41, 0, 0, 70636.19355
Dean_Koontz, 1945-07-09, 2431646, 2,7,17,17,601, 0, 0, 90175
Eckhart_Tolle, 1948-02-16, 2432598, 2,3,7,17,3407, 0, 0, 151654.2222
Edward_Norton, 1969-08-18, 2440452, 2,2,3,7,17,1709, 0, 0, 359733.8596
Janet_Jackson, 1966-05-16, 2439262, 2,7,17,37,277, 0, 0, 331152.5306
Jimmy_Floyd_Hasselbaink, 1972-03-27, 2441404, 2,2,7,17,23,223, 0, 0, 61704.29032
John_Ruskin, 1819-02-08, 2385474, 2,3,7,13,17,257, 0, 0, 73597.11111
Kim_Il-sung, 1912-04-15, 2419508, 2,2,7,13,17,17,23, 0, 0, 146347.3289
Magda_Goebbels, 1901-11-11, 2415700, 2,2,5,5,7,7,17,29, 0, 0, 92763.51724
Mick_Jagger, 1943-07-26, 2430932, 2,2,7,17,5107, 0, 0, 386252.1552
Ralf_Schumacher, 1975-06-30, 2442594, 2,3,7,11,17,311, 0, 0, 58244.29268
Richard_Clayderman, 1953-12-28, 2434740, 2,2,3,5,7,11,17,31, 0, 0, 82192.22581
Roland_Ratzenberger, 1960-07-04, 2437120, 2,2,2,2,2,2,2,2,2,2,2,2,5,7,17, 0, 0, 73821.15152
Rudolph_Valentino, 1895-05-06, 2413320, 2,2,2,3,5,7,13,13,17, 0, 0, 103537.025
Théodore_Géricault, 1791-09-26, 2375478, 2,3,3,7,17,1109, 0, 0, 49257.25581
