Andrei_Kirilenko, 1981-02-18, 2444654, 2,19,64333, 0, 0, 36476.32258
David_Gilmour, 1946-03-06, 2431886, 2,19,63997, 0, 0, 196829.5745
David_Rozehnal, 1980-07-05, 2444426, 2,19,64327, 0, 0, 22664.07692
Diego_Godín, 1986-02-16, 2446478, 2,19,64381, 0, 0, 26117.16667
Emma_Thompson, 1959-04-15, 2436674, 2,19,64123, 0, 0, 261354.9388
Eva_Green, 1980-07-05, 2444426, 2,19,64327, 0, 0, 360389.1429
Henry_I_of_France, 1008-05-04, 2089354, 2,19,54983, 0, 0, 16580.73333
January_Jones, 1978-01-05, 2443514, 2,19,64303, 0, 0, 371681.0333
Javier_Hernández, 1988-06-01, 2447314, 2,19,64403, 0, 0, 219817.2745
John_Carew, 1979-09-05, 2444122, 2,19,64319, 0, 0, 67395.84211
Mary_Wollstonecraft, 1759-04-27, 2363638, 2,19,62201, 0, 0, 56710.65517
Nick_Drake, 1948-06-19, 2432722, 2,19,64019, 0, 0, 186934.1333
Prince_Maximilian_of_Baden, 1867-07-10, 2403158, 2,19,63241, 0, 0, 18073.05882
Raj_Kapoor, 1924-12-14, 2424134, 2,19,63793, 0, 0, 111956.1875
René_Antoine_Ferchault_de_Réaumur, 1683-02-28, 2335822, 2,19,61469, 0, 0, 12709.53571
René_Goscinny, 1926-08-14, 2424742, 2,19,63809, 0, 0, 44736.81579
Sepp_Blatter, 1936-03-10, 2428238, 2,19,63901, 0, 0, 61252.96226
Thomas_Mann, 1875-06-06, 2406046, 2,19,63317, 0, 0, 97406.83333
Tyrone_Power, 1914-05-05, 2420258, 2,19,63691, 0, 0, 133996.6923
Téa_Leoni, 1966-02-25, 2439182, 2,19,64189, 0, 0, 230137
Łukasz_Fabiański, 1985-04-18, 2446174, 2,19,64373, 0, 0, 42357.71795
