Andrew_Garfield, 1983-08-20, 2,19,139,463, 143083.2816
Andrés_Escobar, 1967-03-13, 2,19,43,1493, 91160.75758
Bob_Dylan, 1941-05-24, 2,3,19,21317, 383274.3636
Elisabeth_Shue, 1963-10-06, 2,2,19,32083, 263223.2353
Garrett_Hedlund, 1984-09-03, 2,19,191,337, 256943.9615
Getúlio_Vargas, 1882-04-19, 2,19,241,263, 141283.8718
Hunter_S._Thompson, 1937-07-18, 2,2,19,31957, 362993.0313
Jenna_Jameson, 1974-04-09, 2,7,19,9181, 629642.0417
Jessica_Lange, 1949-04-20, 2,19,43,1489, 158506.9783
John_C._Calhoun, 1782-03-18, 2,3,19,20807, 84858.82857
Julia_Ormond, 1965-01-04, 2,2,19,32089, 127790.4444
Laurence_Fishburne, 1961-07-30, 2,5,19,12829, 266574.2105
Manuel_Neuer, 1986-03-27, 2,2,19,32191, 119769.4286
Otto_von_Habsburg, 1912-11-20, 2,19,37,1721, 74765.57447
Peter_Fonda, 1940-02-23, 2,3,19,21313, 142183.3333
Roberto_Mancini, 1964-11-27, 2,19,29,2213, 127441.7
Steve_Fossett, 1944-04-22, 2,19,137,467, 100067.6923
Timbaland, 1972-03-10, 2,19,41,1567, 294917.7045
Twiggy, 1949-09-19, 2,11,19,5821, 227879.4643
Zac_Efron, 1987-10-18, 2,19,71,907, 563371.3636
İlkay_Gündoğan, 1990-10-24, 2,2,19,32213, 86216.42308
