Andrés_Iniesta, 1984-05-11, 2,2,2,19,16091, 175989.6812
Bridget_Fonda, 1964-01-27, 2,7,19,89,103, 163795.8286
Camilla_Belle, 1986-10-02, 2,19,31,31,67, 411086
Craig_David, 1981-05-05, 2,3,5,19,4289, 135133.5882
Edgar_Allan_Poe, 1809-01-19, 2,3,17,19,1229, 340889
Emilia_Fox, 1974-07-31, 2,2,5,19,6427, 102005.1034
Giorgio_Armani, 1934-07-11, 2,3,5,19,4259, 140216.7949
Humphrey_Bogart, 1899-12-25, 2,7,7,19,1297, 162800.3571
Ian_McShane, 1942-09-29, 2,2,2,19,15991, 183328.4706
Jane_Lynch, 1960-07-14, 2,5,19,101,127, 388854.2414
Julia_Stiles, 1981-03-28, 2,2,19,19,1693, 338501.5152
Laura_Pausini, 1974-05-16, 2,2,2,19,16067, 157724.25
Noomi_Rapace, 1979-12-28, 2,2,19,29,1109, 315876.9
Paul_Gascoigne, 1967-05-27, 2,19,19,31,109, 124610.25
Peter_Jackson_(footballer,_born_1961), 1961-04-06, 2,2,13,19,2467, 186333.1379
Petr_Čech, 1982-05-20, 2,5,17,19,757, 129238.3393
Queen_Latifah, 1970-03-18, 2,2,2,19,16057, 305108.7714
Ricardo_Quaresma, 1983-09-26, 2,2,7,19,4597, 201245.4146
Ricky_Martin, 1971-12-24, 2,3,5,19,4283, 233111.8421
Sienna_Guillory, 1975-03-16, 2,2,2,19,16069, 200468.2143
Tim_Roth, 1961-05-14, 2,3,3,19,7127, 249384.4167
