Adriana_Lima, 1981-06-12, 2,2,2,2,2,19,4021, 400258.5106
Bohumil_Hrabal, 1914-03-28, 2,2,3,5,11,19,193, 37298.70968
Claire_Forlani, 1972-07-01, 2,2,5,5,5,19,257, 215274.8621
Claudio_Abbado, 1933-06-26, 2,5,5,5,7,19,73, 33907.69231
Conchita_Martínez, 1972-04-16, 2,2,2,2,3,19,2677, 18148.35484
Donald_A._Glaser, 1926-09-21, 2,2,3,3,5,19,709, 9220.931818
Edward_G._Robinson, 1893-12-12, 2,3,3,5,17,19,83, 81688.10714
Emilia_Plater, 1806-11-13, 2,2,3,3,19,59,59, 22150.2069
Emilio_G._Segrè, 1905-01-30, 2,2,7,7,11,19,59, 9271.229167
Fiona_Apple, 1977-09-13, 2,2,2,5,5,19,643, 201736.5926
Georges_Bataille, 1897-09-10, 2,3,3,3,13,19,181, 63328
Hakan_Şükür, 1971-09-01, 2,2,3,3,19,43,83, 80262.68421
James_K._Polk, 1795-11-02, 2,2,2,2,7,19,1117, 54555.22989
Jean_Baptiste_Perrin, 1870-09-30, 2,2,2,2,11,19,719, 12098.77358
Johann_Gottfried_Herder, 1744-08-25, 2,2,2,5,19,29,107, 39952.11765
Juliusz_Słowacki, 1809-09-04, 2,3,3,5,7,19,199, 79692.86667
Nick_Cave, 1957-09-22, 2,2,2,11,19,31,47, 181472.9737
Robert_Southey, 1774-08-12, 2,2,2,11,13,19,109, 17644.92857
Steve_Vai, 1960-06-06, 2,2,3,3,7,19,509, 213699.7632
William_Crookes, 1832-06-17, 2,2,2,2,3,19,2621, 29551.59459
Yoshikatsu_Kawaguchi, 1975-08-15, 2,2,2,2,5,19,1607, 38048.1875
