Adriana_Lima, 1981-06-12, 2444768, 2,2,2,2,2,19,4021, 0, 0, 400258.5106
Al_Capone, 1899-01-17, 2414672, 2,2,2,2,13,13,19,47, 0, 0, 491181.2097
Camilla_Belle, 1986-10-02, 2446706, 2,19,31,31,67, 0, 0, 411086
Ciara, 1985-10-25, 2446364, 2,2,19,32189, 0, 0, 333901.1111
Edgar_Allan_Poe, 1809-01-19, 2381802, 2,3,17,19,1229, 0, 0, 340889
Emma_Thompson, 1959-04-15, 2436674, 2,19,64123, 0, 0, 261354.9388
Eva_Green, 1980-07-05, 2444426, 2,19,64327, 0, 0, 360389.1429
Jane_Lynch, 1960-07-14, 2437130, 2,5,19,101,127, 0, 0, 388854.2414
January_Jones, 1978-01-05, 2443514, 2,19,64303, 0, 0, 371681.0333
Jim_Parsons, 1973-03-24, 2441766, 2,3,19,21419, 0, 0, 673222.3846
Julia_Stiles, 1981-03-28, 2444692, 2,2,19,19,1693, 0, 0, 338501.5152
Karl_Lagerfeld, 1933-09-10, 2427326, 2,11,19,5807, 0, 0, 265219.0909
Meat_Loaf, 1947-09-27, 2432456, 2,2,2,13,19,1231, 0, 0, 322372.4839
Neil_Young, 1945-11-12, 2431772, 2,2,7,7,19,653, 0, 0, 321384.093
Noomi_Rapace, 1979-12-28, 2444236, 2,2,19,29,1109, 0, 0, 315876.9
Queen_Latifah, 1970-03-18, 2440664, 2,2,2,19,16057, 0, 0, 305108.7714
Rahm_Emanuel, 1959-11-29, 2436902, 2,13,19,4933, 0, 0, 257546.963
Roger_Waters, 1943-09-06, 2430974, 2,7,13,19,19,37, 0, 0, 246861.9556
Sarah_Michelle_Gellar, 1977-04-14, 2443248, 2,2,2,2,3,3,19,19,47, 0, 0, 424751
Tilda_Swinton, 1960-11-05, 2437244, 2,2,19,32069, 0, 0, 246862.7838
Tim_Roth, 1961-05-14, 2437434, 2,3,3,19,7127, 0, 0, 249384.4167
