Anders_Fogh_Rasmussen, 1953-01-26, 2434404, 2,2,3,7,73,397, 0, 0, 30848.08475
Dennis_Quaid, 1954-04-09, 2434842, 2,3,3,17,73,109, 0, 0, 292619.1111
Glenn_T._Seaborg, 1912-04-19, 2419512, 2,2,2,3,73,1381, 0, 0, 20086.36585
Józef_Piłsudski, 1867-12-05, 2403306, 2,3,3,31,59,73, 0, 0, 136777.2642
Larry_King, 1933-11-19, 2427396, 2,2,3,17,73,163, 0, 0, 169079.4722
Lars_Onsager, 1903-11-27, 2416446, 2,3,3,3,73,613, 0, 0, 9906.073171
Margaret_Atwood, 1939-11-18, 2429586, 2,3,3,43,43,73, 0, 0, 83117.90476
Meryl_Streep, 1949-06-22, 2433090, 2,3,5,11,73,101, 0, 0, 325459.9481
Robert_Koch, 1843-12-11, 2394546, 2,3,7,11,71,73, 0, 0, 56331.39506
Ronald_Reagan, 1911-02-06, 2419074, 2,3,3,7,73,263, 0, 0, 334460.6822
Ulf_von_Euler, 1905-02-07, 2416884, 2,2,3,31,73,89, 0, 0, 6411.78125
