Albert_Kesselring, 1885-11-30, 2409876, 2,2,3,3,7,73,131, 0, 0, 64988.48387
Alessandro_Manzoni, 1785-03-07, 2373084, 2,2,3,3,3,7,43,73, 0, 0, 72838.91489
Anna_Pavlova, 1881-02-12, 2408124, 2,2,3,73,2749, 0, 0, 47162.26829
Chris_Pine, 1980-08-26, 2444478, 2,3,73,5581, 0, 0, 109093.1009
Dennis_Quaid, 1954-04-09, 2434842, 2,3,3,17,73,109, 0, 0, 292619.1111
Ellen_Pompeo, 1969-11-10, 2440536, 2,2,2,3,7,73,199, 0, 0, 252505.697
Henry_Mancini, 1924-04-16, 2423892, 2,2,3,73,2767, 0, 0, 62238.31579
Henryk_Sienkiewicz, 1846-05-05, 2395422, 2,3,3,73,1823, 0, 0, 65709.1831
Jacob_Zuma, 1942-04-12, 2430462, 2,3,31,73,179, 0, 0, 69472.19298
Jens_Lehmann, 1969-11-10, 2440536, 2,2,2,3,7,73,199, 0, 0, 61921.83333
Józef_Piłsudski, 1867-12-05, 2403306, 2,3,3,31,59,73, 0, 0, 136777.2642
Kenzaburō_Ōe, 1935-01-31, 2427834, 2,3,23,73,241, 0, 0, 38584.79032
Larry_King, 1933-11-19, 2427396, 2,2,3,17,73,163, 0, 0, 169079.4722
Macaulay_Culkin, 1980-08-26, 2444478, 2,3,73,5581, 0, 0, 852066.5778
Margaret_Atwood, 1939-11-18, 2429586, 2,3,3,43,43,73, 0, 0, 83117.90476
Meryl_Streep, 1949-06-22, 2433090, 2,3,5,11,73,101, 0, 0, 325459.9481
Michel_Platini, 1955-06-21, 2435280, 2,2,2,2,3,5,73,139, 0, 0, 101190.0984
Robert_Koch, 1843-12-11, 2394546, 2,3,7,11,71,73, 0, 0, 56331.39506
Ronald_Reagan, 1911-02-06, 2419074, 2,3,3,7,73,263, 0, 0, 334460.6822
Tommy_Haas, 1978-04-03, 2443602, 2,3,7,73,797, 0, 0, 69791.3871
Yusuf_al-Qaradawi, 1926-09-09, 2424768, 2,2,2,2,2,2,3,73,173, 0, 0, 58827.21429
