Arantxa_Sánchez_Vicario, 1971-12-18, 2441304, 2,2,2,3,3,41,827, 0, 0, 34445.26829
Camille_Pissarro, 1830-07-10, 2389644, 2,2,3,3,41,1619, 0, 0, 65733.87273
Cesária_Évora, 1941-08-27, 2430234, 2,3,3,37,41,89, 0, 0, 42942.5098
Darren_Fletcher, 1984-02-01, 2445732, 2,2,3,3,41,1657, 0, 0, 54531.15217
David_Morse_(actor), 1953-10-11, 2434662, 2,3,3,41,3299, 0, 0, 61555.40741
Denílson_Pereira_Neves, 1988-02-16, 2447208, 2,2,2,3,3,41,829, 0, 0, 54456.08571
Franz_Beckenbauer, 1945-09-11, 2431710, 2,3,3,5,41,659, 0, 0, 134288.2857
Gennaro_Gattuso, 1978-01-09, 2443518, 2,3,3,7,11,41,43, 0, 0, 116553.5
Janet_Leigh, 1927-07-06, 2425068, 2,2,3,3,31,41,53, 0, 0, 136405.1429
John_F._Kennedy, 1917-05-29, 2421378, 2,3,3,17,41,193, 0, 0, 496524.431
Karl_Ernst_von_Baer, 1792-02-17, 2375622, 2,3,3,3,29,37,41, 0, 0, 12786.66667
Paz_Vega, 1976-01-02, 2442780, 2,2,3,3,5,41,331, 0, 0, 131161.2333
Peter_Schmeichel, 1963-11-18, 2438352, 2,2,2,2,3,3,7,41,59, 0, 0, 109452.093
Zooey_Deschanel, 1980-01-17, 2444256, 2,2,2,2,2,3,3,3,3,23,41, 0, 0, 851459.7436
