Andrey_Kolmogorov, 1903-04-25, 2416230, 2,3,3,3,3,5,19,157, 0, 0, 21115
Aníbal_Cavaco_Silva, 1939-07-15, 2429460, 2,2,3,3,3,5,11,409, 0, 0, 21954
BoA, 1986-11-05, 2446740, 2,2,3,3,3,5,23,197, 0, 0, 244977.5588
Boris_Kolker, 1939-07-15, 2429460, 2,2,3,3,3,5,11,409, 0, 0, 2086.814815
Françoise_Sagan, 1935-06-21, 2427975, 3,3,3,3,5,5,11,109, 0, 0, 64807.75676
Ian_Curtis, 1956-07-15, 2435670, 2,3,3,3,3,5,31,97, 0, 0, 209369.3429
Jimmy_Carter, 1924-10-01, 2424060, 2,2,3,3,3,5,67,67, 0, 0, 201643.7596
Joe_Satriani, 1956-07-15, 2435670, 2,3,3,3,3,5,31,97, 0, 0, 240564.2703
José_Ortega_y_Gasset, 1883-05-09, 2408940, 2,2,3,3,3,3,5,1487, 0, 0, 75256.16667
Kasper_Schmeichel, 1986-11-05, 2446740, 2,2,3,3,3,5,23,197, 0, 0, 72307.81481
Manuel_Azaña, 1880-01-10, 2407725, 3,3,3,3,5,5,29,41, 0, 0, 32292.34211
Marie_de_Rabutin-Chantal,_marquise_de_Sévigné, 1626-02-05, 2314980, 2,2,3,3,3,3,5,1429, 0, 0, 6861.346154
Matthew_McConaughey, 1969-11-04, 2440530, 2,3,3,3,3,5,23,131, 0, 0, 413178.9167
Sean_Combs, 1969-11-04, 2440530, 2,3,3,3,3,5,23,131, 0, 0, 492898.4412
Stephen_Fry, 1957-08-24, 2436075, 3,3,3,3,3,5,5,401, 0, 0, 357339.3421
Will_Smith, 1968-09-25, 2440125, 3,3,3,3,5,5,5,241, 0, 0, 752834.4595
