Ben_Bernanke, 1953-12-13, 3,3,3,5,5,3607, 166832.5135
Carl_Schmitt, 1888-07-11, 2,3,3,3,5,8929, 68688.24138
Charles_Curtis, 1860-01-25, 3,3,3,3,5,5927, 20156.16667
Charles_M._Schulz, 1922-11-26, 3,3,3,5,29,619, 82367.51724
Emina_Jahović, 1982-01-15, 3,3,3,3,5,6037, 24728.42857
Girolamo_Savonarola, 1452-09-21, 3,3,3,5,13,1283, 68041.46
Goh_Chok_Tong, 1941-05-20, 3,3,3,5,47,383, 23160.2963
L._Frank_Baum, 1856-05-15, 3,3,3,5,13,1367, 72106.79412
Mirko_Cvetković, 1950-08-16, 2,3,3,3,5,9013, 8750.6
Niki_Lauda, 1949-02-22, 2,3,3,3,5,9011, 182704.9362
Richard_Stone, 1913-08-30, 2,3,3,3,5,8963, 6583.90625
Shamil_Basayev, 1965-01-14, 3,3,3,5,5,3613, 40684.875
Thomas_A._Steitz, 1940-08-23, 3,3,3,5,41,439, 7304.444444
William_Cavendish,_4th_Duke_of_Devonshire, 1720-05-08, 3,3,3,3,5,5801, 1514.451613
