Amaury_Nolasco, 1970-12-24, 2440945, 5,13,17,47,47, 0, 0, 118412.2121
Anna_Paquin, 1982-07-24, 2445175, 5,5,47,2081, 0, 0, 405451.925
Bryan_Cranston, 1956-03-07, 2435540, 2,2,5,47,2591, 0, 0, 586023.4615
Catherine_de'_Medici, 1519-04-13, 2275975, 5,5,13,47,149, 0, 0, 89131.09091
Cheech_Marin, 1946-07-13, 2432015, 5,47,79,131, 0, 0, 140636.3448
Eric_Clapton, 1945-03-30, 2431545, 3,5,47,3449, 0, 0, 369178.7846
Esteban_Cambiasso, 1980-08-18, 2444470, 2,5,7,47,743, 0, 0, 72909.65789
Gabriela_Mistral, 1889-04-07, 2411100, 2,2,3,3,3,5,5,19,47, 0, 0, 77513.51613
Hayden_Panettiere, 1989-08-21, 2447760, 2,2,2,2,3,5,7,31,47, 0, 0, 537846.0213
Isiah_Thomas, 1961-04-30, 2437420, 2,2,5,47,2593, 0, 0, 127405.7407
Kylie_Minogue, 1968-05-28, 2440005, 3,5,47,3461, 0, 0, 246058.4026
Lin_Biao, 1907-12-05, 2417915, 5,47,10289, 0, 0, 101945
Luis_Suárez, 1987-01-24, 2446820, 2,2,5,19,47,137, 0, 0, 138751.72
Mahmoud_Ahmadinejad, 1956-10-28, 2435775, 3,5,5,47,691, 0, 0, 119549.1319
Michael_Keaton, 1951-09-05, 2433895, 5,47,10357, 0, 0, 242593.875
Michelle_Trachtenberg, 1985-10-11, 2446350, 2,3,5,5,47,347, 0, 0, 368302.8966
Montgomery_Clift, 1920-10-17, 2422615, 5,13,13,47,61, 0, 0, 103532.3421
Rafael_Nadal, 1986-06-03, 2446585, 5,29,47,359, 0, 0, 365178.7529
Shah_Jahan, 1592-01-05, 2302530, 2,3,5,23,47,71, 0, 0, 67323.52542
Sun_Myung_Moon, 1920-02-25, 2422380, 2,2,3,5,47,859, 0, 0, 110619.1071
Thomas_More, 1478-02-07, 2260935, 3,3,5,47,1069, 0, 0, 170460.5507
