Antoine_Lavoisier, 1743-08-26, 2357915, 5,7,67369, 0, 0, 126016.0133
Berti_Vogts, 1946-12-30, 2432185, 5,7,69491, 0, 0, 41072.03571
Charles_Taze_Russell, 1852-02-16, 2397535, 5,7,68501, 0, 0, 72477.67857
Frits_Zernike, 1888-07-16, 2410835, 5,7,68881, 0, 0, 8869.690476
Gottfried_Keller, 1819-07-19, 2385635, 5,7,68161, 0, 0, 37295.34483
Harold_Shipman, 1946-01-14, 2431835, 5,7,69481, 0, 0, 128871
James_Baker, 1930-04-28, 2426095, 5,7,69317, 0, 0, 41347.83871
John_Cassavetes, 1929-12-09, 2425955, 5,7,69313, 0, 0, 109029.4848
Kajol, 1974-08-05, 2442265, 5,7,69779, 0, 0, 244413.45
Kim_Campbell, 1947-03-10, 2432255, 5,7,69493, 0, 0, 42198.16667
Kristanna_Loken, 1979-10-08, 2444155, 5,7,69833, 0, 0, 166417.5882
Mark_Ruffalo, 1967-11-20, 2439815, 5,7,69709, 0, 0, 323909.8235
Noemi_(singer), 1982-01-25, 2444995, 5,7,69857, 0, 0, 1299.730337
Patti_Smith, 1946-12-30, 2432185, 5,7,69491, 0, 0, 205034.119
Pope_Urban_VIII, 1568-04-05, 2293865, 5,7,65539, 0, 0, 20577.0339
Robert_Johnson, 1911-05-08, 2419165, 5,7,69119, 0, 0, 151232.9167
Rogério_Ceni, 1973-01-22, 2441705, 5,7,69763, 0, 0, 108334.2759
Serge_Haroche, 1944-09-11, 2431345, 5,7,69467, 0, 0, 13181.91892
The_Rev, 1981-02-09, 2444645, 5,7,69847, 0, 0, 307043.3333
Tom_Hiddleston, 1981-02-09, 2444645, 5,7,69847, 0, 0, 305432.3793
Viktor_Dyk, 1877-12-31, 2406985, 5,7,68771, 0, 0, 9897.263158
