Alberto_Sordi, 1920-06-15, 2,5,7,34607, 75820.48276
Ashley_Young, 1985-07-09, 5,7,37,1889, 79130.8
Brendan_Gleeson, 1955-03-29, 5,7,41,1697, 142647.2857
Dana_Delany, 1956-03-13, 5,7,7,9941, 171397.6667
Daniel_Auteuil, 1950-01-24, 5,7,37,1879, 86147.68966
Dave_Grohl, 1969-01-14, 5,7,113,617, 383898.7292
David_Carradine, 1936-12-08, 2,5,7,34693, 320729.3902
Don_McLean, 1945-10-02, 2,5,7,34739, 94988.92593
Jane_Goodall, 1934-04-03, 2,5,7,34679, 106391.1111
Jason_Bateman, 1969-01-14, 5,7,113,617, 224535.5319
Marion_Cotillard, 1975-09-30, 5,7,101,691, 345001.7692
Michael_Biehn, 1956-07-31, 3,5,7,23197, 165545.2903
Michael_Caine, 1933-03-14, 5,7,31,2237, 241638.6441
Plácido_Domingo, 1941-01-21, 3,5,7,23143, 71081.5283
Quincy_Jones, 1933-03-14, 5,7,31,2237, 239618.4595
Randy_Orton, 1980-04-01, 2,5,7,34919, 614329.4474
Sergey_Brin, 1973-08-21, 5,7,7,9967, 138490.322
Sigmund_Freud, 1856-05-06, 5,5,7,13709, 324447.2388
Susan_B._Anthony, 1820-02-15, 5,7,11,6197, 147182.8
Totò, 1898-02-15, 5,7,11,6271, 105379.7692
Vinnie_Jones, 1965-01-05, 5,7,59,1181, 277912.7037
