Andy_Warhol, 1928-08-06, 2425465, 5,7,23,23,131, 0, 0, 343545.84
Chaka_Khan, 1953-03-23, 2434460, 2,2,5,7,17389, 0, 0, 148208.3704
Colin_Farrell, 1976-05-31, 2442930, 2,3,5,7,11633, 0, 0, 383619.9167
Connie_Francis, 1938-12-12, 2429245, 5,7,13,19,281, 0, 0, 105616.1481
Ed_Gein, 1906-08-27, 2417450, 2,5,5,7,6907, 0, 0, 607577.6296
George_R._R._Martin, 1948-09-20, 2432815, 5,7,11,71,89, 0, 0, 230031.5
Giacomo_Casanova, 1725-04-02, 2351195, 5,7,11,31,197, 0, 0, 139034.7541
Holly_Marie_Combs, 1973-12-03, 2442020, 2,2,5,7,17443, 0, 0, 210280
Jacques_Brel, 1929-04-08, 2425710, 2,3,5,7,11551, 0, 0, 101786.5088
Jared_Padalecki, 1982-07-19, 2445170, 2,5,7,13,2687, 0, 0, 349159.1471
Jennifer_Garner, 1972-04-17, 2441425, 5,5,7,7,1993, 0, 0, 355992.7021
Mark_Zuckerberg, 1984-05-14, 2445835, 5,7,7,67,149, 0, 0, 736947.6353
Mel_Brooks, 1926-06-28, 2424695, 5,7,13,73,73, 0, 0, 194183.4565
Miley_Cyrus, 1992-11-23, 2448950, 2,5,5,7,6997, 0, 0, 1277051.847
Patricia_Arquette, 1968-04-08, 2439955, 5,7,7,23,433, 0, 0, 223049.1818
Reese_Witherspoon, 1976-03-22, 2442860, 2,2,5,7,17449, 0, 0, 344406.3971
Richard_Simmons, 1948-07-12, 2432745, 3,3,5,7,7723, 0, 0, 134405.4286
Taylor_Momsen, 1993-07-26, 2449195, 5,7,19,29,127, 0, 0, 448704.027
Tina_Fey, 1970-05-18, 2440725, 3,5,5,7,4649, 0, 0, 399426.9412
Tracy_Chapman, 1964-03-30, 2438485, 5,7,7,37,269, 0, 0, 208501.9762
Ville_Valo, 1976-11-22, 2443105, 5,7,29,29,83, 0, 0, 124567.1944
