ATB, 1973-02-26, 2441740, 2,2,5,7,107,163, 0, 0, 62744.15625
Alex_Jones_(radio_host), 1974-02-11, 2442090, 2,3,5,7,29,401, 0, 0, 77174.76923
Bhumibol_Adulyadej, 1927-12-05, 2425220, 2,2,5,7,17,1019, 0, 0, 142465.0357
Charles_III_of_Spain, 1716-01-20, 2347835, 5,7,7,7,37,37, 0, 0, 59198.94231
Chloë_Sevigny, 1974-11-18, 2442370, 2,5,7,23,37,41, 0, 0, 305713.5357
Enrico_Berlinguer, 1922-05-15, 2423190, 2,3,5,7,11,1049, 0, 0, 252491.1852
Eugenio_Montale, 1896-10-12, 2413845, 3,3,5,7,79,97, 0, 0, 38511.78333
Gaël_Monfils, 1986-09-01, 2446675, 5,5,7,11,31,41, 0, 0, 53312.95122
Georg_Simmel, 1858-03-01, 2399740, 2,2,5,7,61,281, 0, 0, 64252.28947
Jon_Lord, 1941-06-09, 2430155, 5,7,7,7,13,109, 0, 0, 75831.89744
Mary_I_of_England, 1516-02-18, 2274825, 3,5,5,7,7,619, 0, 0, 280028.0328
Noel_Gallagher, 1967-05-29, 2439640, 2,2,2,5,7,8713, 0, 0, 251010.3158
Ole_Gunnar_Solskjær, 1973-02-26, 2441740, 2,2,5,7,107,163, 0, 0, 82381.24324
Papiss_Cissé, 1985-06-03, 2446220, 2,2,5,7,101,173, 0, 0, 90264.88462
Paul_Auster, 1947-02-03, 2432220, 2,2,3,5,7,5791, 0, 0, 104283.6667
Paul_Kruger, 1825-10-10, 2387910, 2,3,5,7,83,137, 0, 0, 33392.74194
Pete_Conrad, 1930-06-02, 2426130, 2,3,3,5,7,3851, 0, 0, 36538.65517
Queen_Rania_of_Jordan, 1970-08-31, 2440830, 2,3,5,7,59,197, 0, 0, 148003.2105
Sasha_Grey, 1988-03-14, 2447235, 3,3,5,7,17,457, 0, 0, 1061929.568
Stan_Laurel, 1890-06-16, 2411535, 3,5,7,7,17,193, 0, 0, 119604.7576
Werner_von_Blomberg, 1878-09-02, 2407230, 2,3,3,5,7,3821, 0, 0, 38617.03226
