Alyssa_Milano, 1972-12-19, 2,3,5,7,7,11,151
André_Citroën, 1878-02-05, 2,2,3,5,7,11,521
Anna_Freud, 1895-12-03, 2,3,3,3,5,7,1277
Ben_Wallace, 1974-09-10, 2,2,3,5,5,7,1163
Cory_Monteith, 1982-05-11, 2,2,5,5,7,7,499
Daniel_arap_Moi, 1924-09-02, 2,3,5,7,7,17,97
George_Soros, 1930-08-12, 2,2,2,5,5,7,1733
Gordon_Bajnai, 1968-03-05, 2,2,2,2,5,7,4357
James_Clark_Ross, 1800-04-15, 2,2,2,5,5,7,1699
Jim_Broadbent, 1949-05-24, 2,2,3,3,5,7,1931
John_Candy, 1950-10-31, 3,5,7,7,7,11,43
Johnny_Hallyday, 1943-06-15, 2,5,7,7,11,11,41
Jonathan_Woodgate, 1980-01-22, 2,2,5,7,13,17,79
Kevin_Costner, 1955-01-18, 5,5,5,7,11,11,23
Mandy_Moore, 1984-04-10, 2,2,2,5,5,7,1747
Michael_Sata, 1937-07-06, 2,2,2,2,5,7,4337
Poul_Nyrup_Rasmussen, 1943-06-15, 2,5,7,7,11,11,41
Ryan_Phillippe, 1974-09-10, 2,2,3,5,5,7,1163
Timothy_Dalton, 1944-03-21, 2,3,3,5,7,17,227
Tom_Felton, 1987-09-22, 2,2,5,7,7,11,227
Władysław_Szpilman, 1911-12-05, 5,5,5,5,7,7,79
Yann_Tiersen, 1970-06-23, 2,2,2,5,7,23,379
Zaha_Hadid, 1950-10-31, 3,5,7,7,7,11,43
Zdravko_Kuzmanović, 1987-09-22, 2,2,5,7,7,11,227
