Eduardo_Chillida, 1924-01-10, 2423795, 5,11,127,347, 0, 0, 27731.5
Edward_Drinker_Cope, 1840-07-28, 2393315, 5,127,3769, 0, 0, 14051.60714
Edward_Emerson_Barnard, 1857-12-16, 2399665, 5,127,3779, 0, 0, 5829.542857
Getúlio_Vargas, 1882-04-19, 2408555, 5,127,3793, 0, 0, 141283.8718
Henri_Moissan, 1852-09-28, 2397760, 2,2,2,2,2,2,5,59,127, 0, 0, 8804.137255
Jane_Lynch, 1960-07-14, 2437130, 2,5,19,101,127, 0, 0, 388854.2414
Ken_Russell, 1927-07-03, 2425065, 3,5,19,67,127, 0, 0, 52580.80769
Lennart_Meri, 1929-03-29, 2425700, 2,2,5,5,127,191, 0, 0, 10326.10256
Marc_Chagall, 1887-07-07, 2410460, 2,2,5,13,73,127, 0, 0, 163803.3559
Pietro_Metastasio, 1698-01-03, 2341245, 3,5,127,1229, 0, 0, 16945.28125
Taylor_Momsen, 1993-07-26, 2449195, 5,7,19,29,127, 0, 0, 448704.027
Traian_Băsescu, 1951-11-04, 2433955, 5,127,3833, 0, 0, 24039.22951
Ögedei_Khan, 1186-11-07, 2154555, 3,3,5,13,29,127, 0, 0, 30582.2093
