Abbé_Pierre, 1912-08-05, 2419620, 2,2,3,5,7,7,823, 0, 0, 50069.75
Anna_Maria_Jopek, 1970-12-14, 2440935, 3,3,3,3,3,5,7,7,41, 0, 0, 9214.767123
Frederick_V,_Elector_Palatine, 1596-08-26, 2304225, 3,3,5,5,7,7,11,19, 0, 0, 8792.25
George_Berkeley, 1685-03-12, 2336565, 3,5,7,7,11,17,17, 0, 0, 45852.2459
Hermann_Oberth, 1894-06-25, 2413005, 3,5,7,7,7,7,67, 0, 0, 19439.80645
Jim_Cummings, 1952-11-03, 2434320, 2,2,2,2,3,3,3,5,7,7,23, 0, 0, 120277.8846
Kurt_Angle, 1968-12-09, 2440200, 2,2,2,3,5,5,7,7,83, 0, 0, 324973.8889
Mary_I_of_England, 1516-02-18, 2274825, 3,5,5,7,7,619, 0, 0, 280028.0328
Patricia_Kaas, 1966-12-05, 2439465, 3,5,7,7,3319, 0, 0, 73509.45455
Prince_Claus_of_the_Netherlands, 1926-09-06, 2424765, 3,5,7,7,3299, 0, 0, 46159.84615
Pyotr_Stolypin, 1862-04-14, 2401245, 3,3,3,3,5,7,7,11,11, 0, 0, 23055.94118
Stan_Laurel, 1890-06-16, 2411535, 3,5,7,7,17,193, 0, 0, 119604.7576
Vladimir_Prelog, 1906-07-23, 2417415, 3,5,7,7,11,13,23, 0, 0, 8446.348837
