Carlos_Valderrama, 1961-09-02, 2437545, 3,5,11,11,17,79, 0, 0, 87651.18919
Charles,_Prince_of_Wales, 1948-11-14, 2432870, 2,5,11,17,1301, 0, 0, 44704.31429
George_Berkeley, 1685-03-12, 2336565, 3,5,7,7,11,17,17, 0, 0, 45852.2459
Jesse_McCartney, 1987-04-09, 2446895, 5,11,17,2617, 0, 0, 401128.9211
John_Pople, 1925-10-31, 2424455, 5,11,17,2593, 0, 0, 7775.514286
János_Bolyai, 1802-12-15, 2379575, 5,5,11,17,509, 0, 0, 14160.30556
Katie_Melua, 1984-09-16, 2445960, 2,2,2,3,5,11,17,109, 0, 0, 127300.8333
Konrad_Zuse, 1910-06-22, 2418845, 5,11,13,17,199, 0, 0, 74877.11364
Möngke_Khan, 1209-01-10, 2162655, 3,3,5,11,17,257, 0, 0, 26244.86667
Richard_Clayderman, 1953-12-28, 2434740, 2,2,3,5,7,11,17,31, 0, 0, 82192.22581
Samuel_C._C._Ting, 1936-01-27, 2428195, 5,7,7,11,17,53, 0, 0, 12305.13158
