Danny_Welbeck, 1990-11-26, 2,3,7,71,821, 95261.92683
Grace_Kelly, 1929-11-12, 2,2,2,71,4271, 274777.4923
Hera_Björk, 1972-03-29, 2,3,11,71,521, 6575.321429
Jan_Vennegoor_of_Hesselink, 1978-11-07, 2,2,5,71,1721, 46612.54839
Josef_Mengele, 1911-03-16, 2,2,2,71,4259, 390980.0833
Julia_Gillard, 1961-09-29, 2,2,3,71,2861, 71735.47887
Kris_Kristofferson, 1936-06-22, 2,7,7,71,349, 198308.7941
Louise_Bourgeois, 1911-12-25, 2,2,7,71,1217, 56214.8125
Marcos_Baghdatis, 1985-06-17, 2,7,23,71,107, 35513.68571
Michael_Carrick, 1981-07-28, 2,3,3,71,1913, 56211.63462
Michael_Ende, 1929-11-12, 2,2,2,71,4271, 61407.41463
Muhammad_al-Bukhari, 0810-07-19, 2,3,5,71,947, 40334.75
Paul_Feyerabend, 1924-01-13, 2,13,13,71,101, 42351.55882
Rio_Ferdinand, 1978-11-07, 2,2,5,71,1721, 118402.4545
Rita_Ora, 1990-11-26, 2,3,7,71,821, 345841.6552
Roberto_Donadoni, 1963-09-09, 2,7,11,71,223, 49401.35714
Rudolf_Virchow, 1821-10-13, 2,2,3,71,2801, 55168.54545
Rui_Costa, 1972-03-29, 2,3,11,71,521, 53330.13158
Wes_Craven, 1939-08-02, 2,3,3,71,1901, 137666.0938
