Aaron_Ciechanover, 1947-10-01, 2432460, 2,2,3,5,71,571, 0, 0, 10856.65714
Anna_Popplewell, 1988-12-16, 2447512, 2,2,2,31,71,139, 0, 0, 196293.9286
Criss_Angel, 1967-12-19, 2439844, 2,2,11,11,71,71, 0, 0, 245902.5714
Helmut_Kohl, 1930-04-03, 2426070, 2,3,5,17,67,71, 0, 0, 88218.78462
Joseph_McCarthy, 1908-11-14, 2418260, 2,2,5,13,71,131, 0, 0, 164039.8293
Louis_XVII_of_France, 1785-03-27, 2373104, 2,2,2,2,71,2089, 0, 0, 67765.56522
Mata_Hari, 1876-08-07, 2406474, 2,3,3,7,71,269, 0, 0, 162816.0328
Mats_Hummels, 1988-12-16, 2447512, 2,2,2,31,71,139, 0, 0, 101952.7714
Nikita_Mikhalkov, 1945-10-21, 2431750, 2,5,5,5,71,137, 0, 0, 29408.26471
Robert_Koch, 1843-12-11, 2394546, 2,3,7,11,71,73, 0, 0, 56331.39506
Shah_Jahan, 1592-01-05, 2302530, 2,3,5,23,47,71, 0, 0, 67323.52542
Thomas_Häßler, 1966-05-30, 2439276, 2,2,3,7,71,409, 0, 0, 31074.24138
Torsten_Wiesel, 1924-06-03, 2423940, 2,2,3,5,71,569, 0, 0, 8874.09375
Wole_Soyinka, 1934-07-13, 2427632, 2,2,2,2,71,2137, 0, 0, 25346.11475
