Anna_Popplewell, 1988-12-16, 2447512, 2,2,2,31,71,139, 0, 0, 196293.9286
Billy_Idol, 1955-11-30, 2435442, 2,3,71,5717, 0, 0, 256713.6875
Christopher_Lloyd, 1938-10-22, 2429194, 2,71,17107, 0, 0, 241213.8378
Criss_Angel, 1967-12-19, 2439844, 2,2,11,11,71,71, 0, 0, 245902.5714
Grace_Kelly, 1929-11-12, 2425928, 2,2,2,71,4271, 0, 0, 274777.4923
Helen_Keller, 1880-06-27, 2407894, 2,31,71,547, 0, 0, 237778.7143
Jeff_Daniels, 1955-02-19, 2435158, 2,11,71,1559, 0, 0, 155584.8571
Jon_Favreau, 1966-10-19, 2439418, 2,41,71,419, 0, 0, 210651.1786
Josef_Mengele, 1911-03-16, 2419112, 2,2,2,71,4259, 0, 0, 390980.0833
Joseph_McCarthy, 1908-11-14, 2418260, 2,2,5,13,71,131, 0, 0, 164039.8293
Josh_Radnor, 1974-07-29, 2442258, 2,3,3,3,7,7,13,71, 0, 0, 339447.7097
Kris_Kristofferson, 1936-06-22, 2428342, 2,7,7,71,349, 0, 0, 198308.7941
Lady_Gaga, 1986-03-28, 2446518, 2,3,71,5743, 0, 0, 786185.3158
Lil_Wayne, 1982-09-27, 2445240, 2,2,2,3,5,7,41,71, 0, 0, 1401836.674
Liza_Minnelli, 1946-03-12, 2431892, 2,2,71,8563, 0, 0, 201417.2745
Mata_Hari, 1876-08-07, 2406474, 2,3,3,7,71,269, 0, 0, 162816.0328
Naomi_Watts, 1968-09-28, 2440128, 2,2,2,2,2,2,3,71,179, 0, 0, 273029.2407
Peter_O'Toole, 1932-08-02, 2426922, 2,3,3,3,3,71,211, 0, 0, 162080.3778
Rita_Ora, 1990-11-26, 2448222, 2,3,7,71,821, 0, 0, 345841.6552
Rod_Stewart, 1945-01-10, 2431466, 2,71,17123, 0, 0, 311032.1628
Shirley_Temple, 1928-04-23, 2425360, 2,2,2,2,5,7,61,71, 0, 0, 340979.1111
