Carlos_Filipe_Ximenes_Belo, 1948-02-03, 2,2,2,7,11,11,359, 9715.472222
Chris_Columbus_(filmmaker), 1958-09-10, 2,2,2,3,11,11,839, 31434.32353
Dirk_Kuyt, 1980-07-22, 2,3,7,11,11,13,37, 106860.8511
Henning_Mankell, 1948-02-03, 2,2,2,7,11,11,359, 91384.29412
Johnny_Hallyday, 1943-06-15, 2,5,7,7,11,11,41, 158154.5405
Juanes, 1972-08-09, 2,3,3,11,11,19,59, 76709.41176
Kate_Ryan, 1980-07-22, 2,3,7,11,11,13,37, 63870.28205
Kostas_Karamanlis, 1956-09-14, 2,3,5,11,11,11,61, 17600.14634
Lady_Bird_Johnson, 1912-12-22, 2,3,3,11,11,11,101, 87880.59259
Otto_Hahn, 1879-03-08, 2,2,2,3,11,11,829, 30377.71667
Pehr_Evind_Svinhufvud, 1861-12-15, 2,2,11,11,11,11,41, 8997.636364
Poul_Nyrup_Rasmussen, 1943-06-15, 2,5,7,7,11,11,41, 15207.57692
Ruud_Gullit, 1962-09-01, 2,2,3,11,11,23,73, 105698.7174
