Andy_Kaufman, 1949-01-17, 2,3,3,7,19309, 264313
Aristotle_Onassis, 1906-01-15, 2,3,7,67,859, 138229.5111
Cam_Gigandet, 1982-08-16, 2,3,7,7,8317, 324834.4828
Colin_Farrell, 1976-05-31, 2,3,5,7,11633, 383619.9167
Daniel_Day-Lewis, 1957-04-29, 2,3,3,7,19333, 354080.0769
Danny_Welbeck, 1990-11-26, 2,3,7,71,821, 95261.92683
Eckhart_Tolle, 1948-02-16, 2,3,7,17,3407, 151654.2222
Evan_Rachel_Wood, 1987-09-07, 2,3,3,7,19421, 486217.3667
Greg_Grunberg, 1966-07-11, 2,3,7,7,8297, 81664.61538
Hank_Aaron, 1934-02-05, 2,3,7,29,1993, 132335.8462
Isabelle_Adjani, 1955-06-27, 2,3,7,23,2521, 120835.4255
Jacques_Brel, 1929-04-08, 2,3,5,7,11551, 101786.5088
Janusz_Korczak, 1878-07-22, 2,2,3,7,28657, 88786.675
John_le_Carré, 1931-10-19, 2,3,3,7,19259, 83250.76316
Marek_Hamšík, 1987-07-27, 2,2,3,7,29131, 95399.36111
Peter_Cushing, 1913-05-26, 2,3,7,7,8231, 97268.25
Raymond_Chandler, 1888-07-23, 2,3,7,61,941, 69268.86957
Rita_Ora, 1990-11-26, 2,3,7,71,821, 345841.6552
Sean_Connery, 1930-08-25, 2,3,7,61,947, 309066
Tommy_Haas, 1978-04-03, 2,3,7,73,797, 69791.3871
Trent_Reznor, 1965-05-17, 2,3,7,11,5279, 224082.3871
