Abbé_Pierre, 1912-08-05, 2419620, 2,2,3,5,7,7,823, 0, 0, 50069.75
Agnieszka_Radwańska, 1989-03-06, 2447592, 2,2,2,3,7,17,857, 0, 0, 88787.22222
Albert_Kesselring, 1885-11-30, 2409876, 2,2,3,3,7,73,131, 0, 0, 64988.48387
Alberto_Gilardino, 1982-07-05, 2445156, 2,2,3,3,7,31,313, 0, 0, 71737.77778
Andoni_Zubizarreta, 1961-10-23, 2437596, 2,2,3,3,7,17,569, 0, 0, 46454.70588
Anette_Olzon, 1971-06-21, 2441124, 2,2,3,3,3,7,3229, 0, 0, 89964.15385
Bill_Clinton, 1946-08-19, 2432052, 2,2,3,3,3,7,3217, 0, 0, 263930.3983
Ellen_Pompeo, 1969-11-10, 2440536, 2,2,2,3,7,73,199, 0, 0, 252505.697
Gabrielle_Giffords, 1970-06-08, 2440746, 2,3,3,3,7,11,587, 0, 0, 131759.1892
Gennaro_Gattuso, 1978-01-09, 2443518, 2,3,3,7,11,41,43, 0, 0, 116553.5
Goran_Ivanišević, 1971-09-13, 2441208, 2,2,2,3,7,11,1321, 0, 0, 58302.22222
Indira_Gandhi, 1917-11-19, 2421552, 2,2,2,2,3,7,7207, 0, 0, 119306.4388
Jens_Lehmann, 1969-11-10, 2440536, 2,2,2,3,7,73,199, 0, 0, 61921.83333
John_Tyler, 1790-03-29, 2374932, 2,2,3,7,7,7,577, 0, 0, 50866.2967
Juliusz_Słowacki, 1809-09-04, 2382030, 2,3,3,5,7,19,199, 0, 0, 79692.86667
Käthe_Kollwitz, 1867-07-08, 2403156, 2,2,3,7,7,61,67, 0, 0, 48019.88571
Marc_Anthony, 1968-09-16, 2440116, 2,2,3,3,7,23,421, 0, 0, 342956.3636
Scott_Parker, 1980-10-13, 2444526, 2,3,3,3,7,29,223, 0, 0, 46525.8
Steve_Vai, 1960-06-06, 2437092, 2,2,3,3,7,19,509, 0, 0, 213699.7632
Victor_Vasarely, 1906-04-09, 2417310, 2,3,3,3,5,7,1279, 0, 0, 72000.2
Zita_of_Bourbon-Parma, 1892-05-09, 2412228, 2,2,3,7,13,47,47, 0, 0, 53554.73333
