Alicia_Silverstone, 1976-10-04, 2443056, 2,2,2,2,3,7,11,661, 0, 0, 265780.2703
Andy_Kaufman, 1949-01-17, 2432934, 2,3,3,7,19309, 0, 0, 264313
Brigitte_Nielsen, 1963-07-15, 2438226, 2,3,3,7,37,523, 0, 0, 277783.9394
Cam_Gigandet, 1982-08-16, 2445198, 2,3,7,7,8317, 0, 0, 324834.4828
Colin_Farrell, 1976-05-31, 2442930, 2,3,5,7,11633, 0, 0, 383619.9167
Courteney_Cox, 1964-06-15, 2438562, 2,3,7,58061, 0, 0, 353607.1333
Daniel_Day-Lewis, 1957-04-29, 2435958, 2,3,3,7,19333, 0, 0, 354080.0769
Edward_Norton, 1969-08-18, 2440452, 2,2,3,7,17,1709, 0, 0, 359733.8596
Evan_Rachel_Wood, 1987-09-07, 2447046, 2,3,3,7,19421, 0, 0, 486217.3667
Hayden_Panettiere, 1989-08-21, 2447760, 2,2,2,2,3,5,7,31,47, 0, 0, 537846.0213
Josh_Radnor, 1974-07-29, 2442258, 2,3,3,3,7,7,13,71, 0, 0, 339447.7097
Kelsey_Grammer, 1955-02-21, 2435160, 2,2,2,3,5,7,13,223, 0, 0, 302374.5172
Kurt_Angle, 1968-12-09, 2440200, 2,2,2,3,5,5,7,7,83, 0, 0, 324973.8889
Lil_Wayne, 1982-09-27, 2445240, 2,2,2,3,5,7,41,71, 0, 0, 1401836.674
Marc_Anthony, 1968-09-16, 2440116, 2,2,3,3,7,23,421, 0, 0, 342956.3636
Matthew_Morrison, 1978-10-30, 2443812, 2,2,3,7,47,619, 0, 0, 289266.9286
Rebecca_Romijn, 1972-11-06, 2441628, 2,2,3,3,7,9689, 0, 0, 279454.8889
Rita_Ora, 1990-11-26, 2448222, 2,3,7,71,821, 0, 0, 345841.6552
Ronald_Reagan, 1911-02-06, 2419074, 2,3,3,7,73,263, 0, 0, 334460.6822
Sean_Connery, 1930-08-25, 2426214, 2,3,7,61,947, 0, 0, 309066
Tom_Hanks, 1956-07-09, 2435664, 2,2,2,2,3,7,11,659, 0, 0, 405936.5769
