Arne_Tiselius, 1902-08-10, 2415972, 2,2,3,13,17,911, 0, 0, 6718.472222
Caroline,_Princess_of_Hanover, 1957-01-23, 2435862, 2,3,11,13,17,167, 0, 0, 103893.1
Colin_Firth, 1960-09-10, 2437188, 2,2,3,13,17,919, 0, 0, 280620.9216
Eminem, 1972-10-17, 2441608, 2,2,2,13,17,1381, 0, 0, 1312695.181
Jean-Antoine_Watteau, 1684-10-10, 2336412, 2,2,3,13,17,881, 0, 0, 40980.72093
John_Ruskin, 1819-02-08, 2385474, 2,3,7,13,17,257, 0, 0, 73597.11111
Norma_Shearer, 1902-08-10, 2415972, 2,2,3,13,17,911, 0, 0, 44842
Pope_Gregory_XIII, 1502-01-07, 2269670, 2,5,13,13,17,79, 0, 0, 22895.03175
René_Guénon, 1886-11-15, 2410226, 2,7,13,17,19,41, 0, 0, 35919.21429
Roy_Scheider, 1932-11-10, 2427022, 2,13,17,17,17,19, 0, 0, 121478.6765
Sebastian_of_Portugal, 1554-01-20, 2288676, 2,2,3,13,17,863, 0, 0, 29179.22581
Tarkan_(singer), 1972-10-17, 2441608, 2,2,2,13,17,1381, 0, 0, 75961
