Caroline,_Princess_of_Hanover, 1957-01-23, 2435862, 2,3,11,13,17,167, 0, 0, 103893.1
Charles_Aznavour, 1924-05-22, 2423928, 2,2,2,3,13,17,457, 0, 0, 131114.234
Colin_Firth, 1960-09-10, 2437188, 2,2,3,13,17,919, 0, 0, 280620.9216
Edmund_Hillary, 1919-07-20, 2422160, 2,2,2,2,5,13,17,137, 0, 0, 53212.875
Eminem, 1972-10-17, 2441608, 2,2,2,13,17,1381, 0, 0, 1312695.181
Javier_Bardem, 1969-03-01, 2440282, 2,13,17,5521, 0, 0, 308785.3462
Jean-Antoine_Watteau, 1684-10-10, 2336412, 2,2,3,13,17,881, 0, 0, 40980.72093
John_Ruskin, 1819-02-08, 2385474, 2,3,7,13,17,257, 0, 0, 73597.11111
Kakuei_Tanaka, 1918-05-04, 2421718, 2,13,17,5479, 0, 0, 92312
Kieran_Gibbs, 1989-09-26, 2447796, 2,2,3,13,13,17,71, 0, 0, 50196.78788
Kim_Il-sung, 1912-04-15, 2419508, 2,2,7,13,17,17,23, 0, 0, 146347.3289
Lucas_Grabeel, 1984-11-23, 2446028, 2,2,13,17,2767, 0, 0, 176727.7037
Miranda_Cosgrove, 1993-05-14, 2449122, 2,3,13,17,1847, 0, 0, 728958.5946
Norma_Shearer, 1902-08-10, 2415972, 2,2,3,13,17,911, 0, 0, 44842
Paul_Ehrlich, 1854-03-14, 2398292, 2,2,13,17,2713, 0, 0, 30404.43137
René_Guénon, 1886-11-15, 2410226, 2,7,13,17,19,41, 0, 0, 35919.21429
Roy_Scheider, 1932-11-10, 2427022, 2,13,17,17,17,19, 0, 0, 121478.6765
Rudolph_Valentino, 1895-05-06, 2413320, 2,2,2,3,5,7,13,13,17, 0, 0, 103537.025
Sebastian_of_Portugal, 1554-01-20, 2288676, 2,2,3,13,17,863, 0, 0, 29179.22581
Tarkan_(singer), 1972-10-17, 2441608, 2,2,2,13,17,1381, 0, 0, 75961
Victor_Moses, 1990-12-12, 2448238, 2,13,17,29,191, 0, 0, 85301.75862
