Andrus_Ansip, 1956-10-01, 2435748, 2,2,3,7,107,271, 0, 0, 10090.82609
Arthur_Kornberg, 1918-03-03, 2421656, 2,2,2,271,1117, 0, 0, 13992.32258
Carl_Michael_Bellman, 1740-02-04, 2356616, 2,2,2,271,1087, 0, 0, 21788.96296
Danny_DeVito, 1944-11-17, 2431412, 2,2,271,2243, 0, 0, 221287.9787
Debra_Messing, 1968-08-15, 2440084, 2,2,271,2251, 0, 0, 146401.3871
Jeff_Gordon, 1971-08-04, 2441168, 2,2,2,2,271,563, 0, 0, 67049.95
Joseph_Fouché, 1759-05-21, 2363662, 2,7,7,89,271, 0, 0, 28189.5
Kurt_Cobain, 1967-02-20, 2439542, 2,7,271,643, 0, 0, 679065.5147
Leighton_Baines, 1984-12-11, 2446046, 2,271,4513, 0, 0, 48129.88571
Maurice_Greene_(athlete), 1974-07-23, 2442252, 2,2,3,271,751, 0, 0, 9878.62069
Miguel_de_Unamuno, 1864-09-29, 2402144, 2,2,2,2,2,271,277, 0, 0, 74151.13953
Pope_Alexander_VII, 1599-02-13, 2305126, 2,271,4253, 0, 0, 15416.40678
Rem_Koolhaas, 1944-11-17, 2431412, 2,2,271,2243, 0, 0, 74309.68421
