Alex_Ferguson, 1941-12-31, 2430360, 2,2,2,3,3,5,43,157, 0, 0, 211358.4697
Andrey_Kolmogorov, 1903-04-25, 2416230, 2,3,3,3,3,5,19,157, 0, 0, 21115
Emre_Belözoğlu, 1980-09-07, 2444490, 2,3,3,5,157,173, 0, 0, 94989.19444
Franck_Ribéry, 1983-04-07, 2445432, 2,2,2,3,11,59,157, 0, 0, 236676.5574
Frank_de_Boer, 1970-05-15, 2440722, 2,3,157,2591, 0, 0, 64657.0625
Gabriel_Milito, 1980-09-07, 2444490, 2,3,3,5,157,173, 0, 0, 70721.63158
John_Bosco, 1815-08-16, 2384202, 2,3,157,2531, 0, 0, 82678.13725
John_Russell_Hind, 1823-05-12, 2387028, 2,2,3,7,157,181, 0, 0, 3228.107143
Marcell_Jansen, 1985-11-04, 2446374, 2,3,7,7,53,157, 0, 0, 31052
Nigar_Jamal, 1980-09-07, 2444490, 2,3,3,5,157,173, 0, 0, 17099.84615
Ronald_de_Boer, 1970-05-15, 2440722, 2,3,157,2591, 0, 0, 40662
Ross_Brawn, 1954-11-23, 2435070, 2,3,5,11,47,157, 0, 0, 60187.73077
Roy_Emerson, 1936-11-03, 2428476, 2,2,3,157,1289, 0, 0, 25779.88462
Will_Wright_(game_designer), 1960-01-20, 2436954, 2,3,13,157,199, 0, 0, 28961.96296
Wilson_Kipketer, 1972-12-12, 2441664, 2,2,2,2,2,2,3,3,3,3,3,157, 0, 0, 18113.53846
