Buddy_Holly, 1936-09-07, 2428419, 3,7,197,587, 0, 0, 212139.76
George_Akerlof, 1940-06-17, 2429798, 2,7,197,881, 0, 0, 24406.35484
Giacomo_Casanova, 1725-04-02, 2351195, 5,7,11,31,197, 0, 0, 139034.7541
Joan_Fontaine, 1917-10-22, 2421524, 2,2,7,197,439, 0, 0, 103268.7632
Khalid_Boulahrouz, 1981-12-28, 2444967, 3,3,7,197,197, 0, 0, 54866.02632
Lazzaro_Spallanzani, 1729-01-10, 2352574, 2,7,197,853, 0, 0, 50563.13793
Louis_Blériot, 1872-07-01, 2404976, 2,2,2,2,7,109,197, 0, 0, 31437.90625
Nikola_Gruevski, 1970-08-31, 2440830, 2,3,5,7,59,197, 0, 0, 11086.95
Queen_Rania_of_Jordan, 1970-08-31, 2440830, 2,3,5,7,59,197, 0, 0, 148003.2105
Rudolf_Carnap, 1891-05-18, 2411871, 3,7,11,53,197, 0, 0, 25429.05556
Sienna_Miller, 1981-12-28, 2444967, 3,3,7,197,197, 0, 0, 315693.3684
