Cameron_Diaz, 1972-08-30, 2441560, 2,2,2,5,11,31,179, 0, 0, 442533.4559
Carey_Mulligan, 1985-05-28, 2446214, 2,179,6833, 0, 0, 392045.8571
Christine_Lagarde, 1956-01-01, 2435474, 2,179,6803, 0, 0, 82863.86957
Colbie_Caillat, 1985-05-28, 2446214, 2,179,6833, 0, 0, 207105.2222
Cornelia_Funke, 1958-12-10, 2436548, 2,2,41,83,179, 0, 0, 69351.46154
Demi_Moore, 1962-11-11, 2437980, 2,2,3,5,179,227, 0, 0, 396399.0143
Don_DeLillo, 1936-11-20, 2428493, 179,13567, 0, 0, 76202.03846
Fahd_of_Saudi_Arabia, 1921-03-16, 2422765, 5,179,2707, 0, 0, 64990
Francisco_Goya, 1746-03-30, 2358862, 2,11,179,599, 0, 0, 117316.5517
Giuseppe_Garibaldi, 1807-07-04, 2381237, 53,179,251, 0, 0, 105997.1667
Jacob_Zuma, 1942-04-12, 2430462, 2,3,31,73,179, 0, 0, 69472.19298
Jim_Jarmusch, 1953-01-22, 2434400, 2,2,2,2,2,5,5,17,179, 0, 0, 110784.1081
Mika_Häkkinen, 1968-09-28, 2440128, 2,2,2,2,2,2,3,71,179, 0, 0, 71184.91304
Naomi_Watts, 1968-09-28, 2440128, 2,2,2,2,2,2,3,71,179, 0, 0, 273029.2407
Nigel_de_Jong, 1984-11-30, 2446035, 3,5,179,911, 0, 0, 74471.40476
Nwankwo_Kanu, 1976-08-01, 2442992, 2,2,2,2,179,853, 0, 0, 87212.66667
Pavel_Nedvěd, 1972-08-30, 2441560, 2,2,2,5,11,31,179, 0, 0, 102004.7872
Peter_Gabriel, 1950-02-13, 2433326, 2,7,179,971, 0, 0, 186782.5208
Sezen_Aksu, 1954-07-13, 2434937, 61,179,223, 0, 0, 57118.2069
Steve_Wozniak, 1950-08-11, 2433505, 5,179,2719, 0, 0, 311643.2182
Thelonious_Monk, 1917-10-10, 2421512, 2,2,2,19,89,179, 0, 0, 100906.9444
