Allan_McLeod_Cormack, 1924-02-23, 2423839, 11,179,1231, 0, 0, 8187
Carey_Mulligan, 1985-05-28, 2446214, 2,179,6833, 0, 0, 392045.8571
Christine_Lagarde, 1956-01-01, 2435474, 2,179,6803, 0, 0, 82863.86957
Colbie_Caillat, 1985-05-28, 2446214, 2,179,6833, 0, 0, 207105.2222
Eduard_Shevardnadze, 1928-01-25, 2425271, 17,179,797, 0, 0, 24409.44681
Fahd_of_Saudi_Arabia, 1921-03-16, 2422765, 5,179,2707, 0, 0, 64990
George_Arliss, 1868-04-10, 2403433, 29,179,463, 0, 0, 9172.769231
Giovanni_Battista_Piranesi, 1720-10-04, 2349554, 2,179,6563, 0, 0, 49561.07692
Giuseppe_Garibaldi, 1807-07-04, 2381237, 53,179,251, 0, 0, 105997.1667
Nguyễn_Minh_Triết, 1942-10-08, 2430641, 37,179,367, 0, 0, 26102.58333
Sezen_Aksu, 1954-07-13, 2434937, 61,179,223, 0, 0, 57118.2069
Steve_Wozniak, 1950-08-11, 2433505, 5,179,2719, 0, 0, 311643.2182
Yevgeny_Kafelnikov, 1974-02-18, 2442097, 7,179,1949, 0, 0, 29852.94118
