Anthony_van_Dyck, 1599-03-22, 2,47,137,179, 35878.36538
Carol_Reed, 1906-12-30, 2,3,179,2251, 25348.07692
David_Arquette, 1971-09-08, 2,3,179,2273, 284445.8966
Ferdinand_III,_Holy_Roman_Emperor, 1608-07-13, 3,3,179,1433, 10736.39535
Inge_de_Bruijn, 1973-08-24, 2,19,179,359, 20953.07692
Julia_Görges, 1988-11-02, 11,11,113,179, 35021.69231
Martin_Freeman, 1971-09-08, 2,3,179,2273, 284868.6
Meg_Ryan, 1961-11-19, 2,11,179,619, 300319.4898
Robert_Walpole, 1676-08-26, 2,2,179,3259, 27497.54
Shirley_Booth, 1898-08-30, 7,41,47,179, 25615.10714
Stan_Getz, 1927-02-02, 19,23,31,179, 53702.48485
Ugo_Foscolo, 1778-02-06, 17,19,41,179, 92770.5
Vespasian, 0009-11-17, 5,41,47,179, 58268.92754
