Alberto_Gilardino, 1982-07-05, 2445156, 2,2,3,3,7,31,313, 0, 0, 71737.77778
Antonio_Machado, 1875-07-26, 2406096, 2,2,2,2,3,3,7,7,11,31, 0, 0, 140250.9032
Bono, 1960-05-10, 2437065, 3,3,5,31,1747, 0, 0, 233445.2264
Carl_Jung, 1875-07-26, 2406096, 2,2,2,2,3,3,7,7,11,31, 0, 0, 224846.8472
Carlos_Castaneda, 1925-12-25, 2424510, 2,3,3,5,11,31,79, 0, 0, 114968.2286
Cillian_Murphy, 1976-05-25, 2442924, 2,2,3,3,11,31,199, 0, 0, 270884.6316
Dianna_Agron, 1986-04-30, 2446551, 3,3,3,31,37,79, 0, 0, 540759.6429
Dmitry_Medvedev, 1965-09-14, 2439018, 2,3,3,3,31,31,47, 0, 0, 79416.62385
Ian_Curtis, 1956-07-15, 2435670, 2,3,3,3,3,5,31,97, 0, 0, 209369.3429
Janet_Leigh, 1927-07-06, 2425068, 2,2,3,3,31,41,53, 0, 0, 136405.1429
Joe_Satriani, 1956-07-15, 2435670, 2,3,3,3,3,5,31,97, 0, 0, 240564.2703
Józef_Piłsudski, 1867-12-05, 2403306, 2,3,3,31,59,73, 0, 0, 136777.2642
Meg_Ryan, 1961-11-19, 2437623, 3,3,31,8737, 0, 0, 300319.4898
Paul_Landers, 1964-12-09, 2438739, 3,3,31,8741, 0, 0, 73822.22222
Seth_Green, 1974-02-08, 2442087, 3,3,31,8753, 0, 0, 373231.6429
Stephen_Appiah, 1980-12-24, 2444598, 2,3,3,13,31,337, 0, 0, 58712.93333
Tom_Selleck, 1945-01-29, 2431485, 3,3,3,5,7,31,83, 0, 0, 277634.5278
Tony_Iommi, 1948-02-19, 2432601, 3,3,31,8719, 0, 0, 143742.1714
William-Adolphe_Bouguereau, 1825-11-30, 2387961, 3,3,3,3,3,31,317, 0, 0, 62041.91489
Yitzhak_Rabin, 1922-03-01, 2423115, 3,3,3,3,5,31,193, 0, 0, 92744.10938
İsmet_İnönü, 1884-09-24, 2409444, 2,2,3,3,17,31,127, 0, 0, 51190.11364
