Cesare_Lombroso, 1835-11-06, 2,2,3,3,31,2143, 59119.76316
Chad_Kroeger, 1974-11-15, 2,3,3,3,31,1459, 246369.7143
Lucie_Šafářová, 1987-02-04, 2,3,3,5,31,877, 18265.57692
Ludwig_Wittgenstein, 1889-04-26, 2,3,3,29,31,149, 99919.0241
Manuel_Zelaya, 1952-09-20, 3,3,5,5,31,349, 33608.58974
Nicolas_Steno, 1638-01-01, 3,3,3,17,31,163, 160773.5946
Rudolf_Nureyev, 1938-03-17, 2,3,3,3,31,1451, 84813.58824
Tariq_Ramadan, 1962-08-26, 2,3,3,17,31,257, 84560.14815
Ursula_K._Le_Guin, 1929-10-21, 3,3,5,31,37,47, 60033.30233
Woody_Allen, 1935-12-01, 3,3,3,3,31,967, 351917.4805
