Adolphe_Quetelet, 1796-02-22, 2377088, 2,2,2,2,2,2,2,7,7,379, 0, 0, 16563.75
Ante_Pavelić, 1889-07-14, 2411198, 2,379,3181, 0, 0, 42983.77143
Charles_X_Gustav_of_Sweden, 1622-11-08, 2313795, 3,5,11,37,379, 0, 0, 27627.68571
Charlie_Watts, 1941-06-02, 2430148, 2,2,7,229,379, 0, 0, 134499.3929
Costa-Gavras, 1933-02-12, 2427116, 2,2,379,1601, 0, 0, 41533.4
Dominique_de_Villepin, 1953-11-14, 2434696, 2,2,2,11,73,379, 0, 0, 36500.72727
Ernő_Rubik, 1944-07-13, 2431285, 5,379,1283, 0, 0, 37585.21951
Fred_Hoyle, 1915-06-24, 2420673, 3,379,2129, 0, 0, 30655.025
Johannes_Rau, 1931-01-16, 2426358, 2,3,11,97,379, 0, 0, 26597.92453
Maciej_Żurawski, 1976-09-12, 2443034, 2,11,293,379, 0, 0, 33753.88462
Marlene_Dietrich, 1901-12-27, 2415746, 2,379,3187, 0, 0, 82002.60526
Nick_Vujicic, 1982-12-04, 2445308, 2,2,379,1613, 0, 0, 205538.1071
Paulo_Coelho, 1947-08-24, 2432422, 2,379,3209, 0, 0, 207411.3913
Vanessa_L._Williams, 1963-03-18, 2438107, 7,379,919, 0, 0, 276110.9722
Walther_Rathenau, 1867-09-29, 2403239, 17,373,379, 0, 0, 33804.44444
Władysław_Gomułka, 1905-02-06, 2416883, 7,379,911, 0, 0, 44005.93939
Yohan_Cabaye, 1986-01-14, 2446445, 5,379,1291, 0, 0, 59900.06667
