Adriano_Celentano, 1938-01-06, 2428905, 3,5,193,839, 0, 0, 152334.3571
Blanche_of_Castile, 1188-03-04, 2155038, 2,3,193,1861, 0, 0, 26304.60606
Bohumil_Hrabal, 1914-03-28, 2420220, 2,2,3,5,11,19,193, 0, 0, 37298.70968
Enrique_Peña_Nieto, 1966-07-20, 2439327, 3,11,193,383, 0, 0, 124494.3684
John_F._Kennedy, 1917-05-29, 2421378, 2,3,3,17,41,193, 0, 0, 496524.431
Madonna_(entertainer), 1958-08-16, 2436432, 2,2,2,2,3,193,263, 0, 0, 212726.0638
Marin_Čilić, 1988-09-28, 2447433, 3,3,193,1409, 0, 0, 29924.7
Mathieu_Debuchy, 1985-07-28, 2446275, 3,5,5,13,13,193, 0, 0, 36108.85714
Max_Beckmann, 1884-02-12, 2409219, 3,3,19,73,193, 0, 0, 41814.92308
Raymond_Queneau, 1903-02-21, 2416167, 3,3,13,107,193, 0, 0, 45005.72727
Robert_Enke, 1977-08-24, 2443380, 2,2,3,5,193,211, 0, 0, 128502.025
Stan_Laurel, 1890-06-16, 2411535, 3,5,7,7,17,193, 0, 0, 119604.7576
Vito_Volterra, 1860-05-03, 2400534, 2,3,3,193,691, 0, 0, 9301.571429
Yitzhak_Rabin, 1922-03-01, 2423115, 3,3,3,3,5,31,193, 0, 0, 92744.10938
