Abbas_Kiarostami, 1940-06-22, 2429803, 79,30757, 0, 0, 44379.02941
Arne_Friedrich, 1979-05-29, 2444023, 79,30937, 0, 0, 33843.73171
Aslan_Maskhadov, 1951-09-21, 2433911, 79,30809, 0, 0, 19584.34211
David_Nalbandian, 1982-01-01, 2444971, 79,30949, 0, 0, 49001.71429
Itzhak_Perlman, 1945-08-31, 2431699, 79,30781, 0, 0, 64212.41667
Jim_Morrison, 1943-12-08, 2431067, 79,30773, 0, 0, 428394.9688
Louis_I_of_Hungary, 1326-03-05, 2205443, 79,27917, 0, 0, 30933.65714
Lucius_Verus, 0130-12-15, 1768889, 79,22391, 0, 0, 26523.45652
Marcel_Schmelzer, 1988-01-22, 2447183, 79,30977, 0, 0, 33700.125
Michael_Bay, 1965-02-17, 2438809, 79,30871, 0, 0, 221646.5714
Michael_IX_Palaiologos, 1277-04-17, 2187589, 79,27691, 0, 0, 5609.846154
Patrick_Moore, 1923-03-04, 2423483, 79,30677, 0, 0, 60308.84615
Sidney_Sheldon, 1917-02-11, 2421271, 79,30649, 0, 0, 74491.6875
Van_Morrison, 1945-08-31, 2431699, 79,30781, 0, 0, 220720.9032
Willi_Stoph, 1914-07-09, 2420323, 79,30637, 0, 0, 22322.68966
