Bruce_Lee, 1940-11-27, 2429961, 3,79,10253, 0, 0, 670022.3452
Burt_Bacharach, 1928-05-12, 2425379, 11,79,2791, 0, 0, 127331.7333
Charles_Mingus, 1922-04-22, 2423167, 37,79,829, 0, 0, 72040.15152
Chet_Atkins, 1924-06-20, 2423957, 61,79,503, 0, 0, 73825.60714
Curtis_Mayfield, 1942-06-03, 2430514, 2,79,15383, 0, 0, 114958.963
Daniel_Dae_Kim, 1968-08-04, 2440073, 67,79,461, 0, 0, 124411.7857
Eddie_Izzard, 1962-02-07, 2437703, 59,79,523, 0, 0, 160274.125
Erich_von_Däniken, 1935-04-14, 2427907, 73,79,421, 0, 0, 87168.94118
Ja_Rule, 1976-02-29, 2442838, 2,79,15461, 0, 0, 303085.1923
Juninho_Pernambucano, 1975-01-30, 2442443, 43,79,719, 0, 0, 142658.8857
Kumi_Koda, 1982-11-13, 2445287, 13,79,2381, 0, 0, 228692.1071
Mark_Hughes, 1963-11-01, 2438335, 5,79,6173, 0, 0, 69617.45714
Mitchel_Musso, 1991-07-09, 2448447, 3,79,10331, 0, 0, 317108.2667
Pablo_Aimar, 1979-11-03, 2444181, 3,79,10313, 0, 0, 106634.125
Patsy_Cline, 1932-09-08, 2426959, 31,79,991, 0, 0, 147204.2222
Peter_Tosh, 1944-10-19, 2431383, 3,79,10259, 0, 0, 145462.9667
Russell_Crowe, 1964-04-07, 2438493, 3,79,10289, 0, 0, 337672.9649
Steve_Biko, 1946-12-18, 2432173, 17,79,1811, 0, 0, 95971.17143
Steven_Spielberg, 1946-12-18, 2432173, 17,79,1811, 0, 0, 301448.7732
Takeda_Shingen, 1521-12-01, 2276938, 2,79,14411, 0, 0, 173243.0345
Vedad_Ibišević, 1984-08-06, 2445919, 7,79,4423, 0, 0, 56057.80769
