Andre_Agassi, 1970-04-29, 5,37,79,167, 162956.9565
Andrei_Tarkovsky, 1932-04-04, 13,17,79,139, 78511.82353
Anne_Frank, 1929-06-12, 2,13,79,1181, 348138.1299
Anthony_Perkins, 1932-04-04, 13,17,79,139, 144160.2973
Antônio_Carlos_Jobim, 1927-01-25, 5,7,79,877, 50452.05128
Ashikaga_Takauji, 1305-08-18, 2,3,79,4637, 65938.07407
Bojan_Krkić, 1990-08-28, 7,19,79,233, 192750.8409
Corbin_Bleu, 1989-02-21, 2,7,79,2213, 34904.51295
Francisco_Goya, 1746-03-30, 3,37,79,269, 117316.5517
Hermann_Ebbinghaus, 1850-01-24, 3,3,79,3371, 37117.62963
Joan_Sutherland, 1926-11-07, 2,79,103,149, 34425
Johnny_Knoxville, 1971-03-11, 11,53,53,79, 429690.75
Katy_Perry, 1984-10-25, 2,79,113,137, 857817.0972
Kevin_Garnett, 1976-05-19, 17,17,79,107, 192039.2
Raila_Odinga, 1945-01-07, 2,11,79,1399, 40038.7037
Ricardo_Quaresma, 1983-09-26, 3,17,79,607, 201245.4146
Richard_I_of_England, 1157-09-08, 2,3,79,4523, 177619.0143
Rick_Rubin, 1963-03-10, 2,13,79,1187, 207100.1724
Tom_DeLonge, 1975-12-13, 3,11,79,937, 186471.129
Uma_Thurman, 1970-04-29, 5,37,79,167, 284231.2881
Wilhelm_Keitel, 1882-09-22, 2,5,79,3049, 92840.26
