Carlos_Valderrama, 1961-09-02, 2437545, 3,5,11,11,17,79, 0, 0, 87651.18919
Davíð_Oddsson, 1948-01-17, 2432568, 2,2,2,3,79,1283, 0, 0, 7657.925926
Dianna_Agron, 1986-04-30, 2446551, 3,3,3,31,37,79, 0, 0, 540759.6429
Eugenio_Montale, 1896-10-12, 2413845, 3,3,5,7,79,97, 0, 0, 38511.78333
Fabio_Quagliarella, 1983-01-31, 2445366, 2,3,7,11,67,79, 0, 0, 78678.25
Immanuel_Wallerstein, 1930-09-28, 2426248, 2,2,2,11,79,349, 0, 0, 51488.03571
Kim_Novak, 1933-02-13, 2427117, 3,7,7,11,19,79, 0, 0, 138737.0303
Paul_Biya, 1933-02-13, 2427117, 3,7,7,11,19,79, 0, 0, 22354.29545
Pope_Gregory_XIII, 1502-01-07, 2269670, 2,5,13,13,17,79, 0, 0, 22895.03175
Sani_Abacha, 1943-09-20, 2430988, 2,2,7,7,79,157, 0, 0, 27405.09091
