Anthony_Hopkins, 1937-12-31, 2428899, 3,11,89,827, 0, 0, 247001.3231
Avram_Hershko, 1937-12-31, 2428899, 3,11,89,827, 0, 0, 10060
George_R._R._Martin, 1948-09-20, 2432815, 5,7,11,71,89, 0, 0, 230031.5
Giulio_Natta, 1903-02-26, 2416172, 2,2,11,89,617, 0, 0, 13038.62857
Gustav_Fechner, 1801-04-19, 2378970, 2,3,3,3,3,3,5,11,89, 0, 0, 18864.6
Hugh_Laurie, 1959-06-11, 2436731, 11,19,89,131, 0, 0, 371158.7037
John_Marshall, 1755-09-24, 2362327, 11,19,89,127, 0, 0, 102694.7308
L._Ron_Hubbard, 1911-03-13, 2419109, 7,11,89,353, 0, 0, 256989.0294
Luís_Figo, 1972-11-04, 2441626, 2,11,29,43,89, 0, 0, 139567.4727
Raquel_Welch, 1940-09-05, 2429878, 2,11,17,73,89, 0, 0, 252577
Theo_Angelopoulos, 1935-04-27, 2427920, 2,2,2,2,5,11,31,89, 0, 0, 27522.36842
