Adolphe_Quetelet, 1796-02-22, 2377088, 2,2,2,2,2,2,2,7,7,379, 0, 0, 16563.75
Carole_King, 1942-02-09, 2430400, 2,2,2,2,2,2,5,5,7,7,31, 0, 0, 184115.7037
John_Dillinger, 1903-06-22, 2416288, 2,2,2,2,2,7,7,23,67, 0, 0, 521797.3438
João_Havelange, 1916-05-08, 2420992, 2,2,2,2,2,2,2,2,7,7,193, 0, 0, 29088.26471
Juhi_Chawla, 1967-11-13, 2439808, 2,2,2,2,2,2,2,7,7,389, 0, 0, 128468
Manuel_Castells, 1942-02-09, 2430400, 2,2,2,2,2,2,5,5,7,7,31, 0, 0, 58047.26923
Massimo_Oddo, 1976-06-14, 2442944, 2,2,2,2,2,2,7,7,19,41, 0, 0, 42181.78378
Otto_Jespersen, 1860-07-16, 2400608, 2,2,2,2,2,7,7,1531, 0, 0, 9536.433333
Steve_Zahn, 1967-11-13, 2439808, 2,2,2,2,2,2,2,7,7,389, 0, 0, 131170.8966
Zachary_Levi, 1980-09-29, 2444512, 2,2,2,2,2,7,7,1559, 0, 0, 275708.2593
