Agnieszka_Radwańska, 1989-03-06, 2447592, 2,2,2,3,7,17,857, 0, 0, 88787.22222
Alicia_Silverstone, 1976-10-04, 2443056, 2,2,2,2,3,7,11,661, 0, 0, 265780.2703
Antonio_Machado, 1875-07-26, 2406096, 2,2,2,2,3,3,7,7,11,31, 0, 0, 140250.9032
Carl_Jung, 1875-07-26, 2406096, 2,2,2,2,3,3,7,7,11,31, 0, 0, 224846.8472
Caster_Semenya, 1991-01-07, 2448264, 2,2,2,3,7,13,19,59, 0, 0, 113576.6071
Cesc_Fàbregas, 1987-05-04, 2446920, 2,2,2,3,3,5,7,971, 0, 0, 181519.6087
Eden_Hazard, 1991-01-07, 2448264, 2,2,2,3,7,13,19,59, 0, 0, 240831.7568
Ellen_Pompeo, 1969-11-10, 2440536, 2,2,2,3,7,73,199, 0, 0, 252505.697
Hafez_al-Assad, 1930-10-06, 2426256, 2,2,2,2,3,3,7,29,83, 0, 0, 75907.44444
Hayden_Panettiere, 1989-08-21, 2447760, 2,2,2,2,3,5,7,31,47, 0, 0, 537846.0213
Indira_Gandhi, 1917-11-19, 2421552, 2,2,2,2,3,7,7207, 0, 0, 119306.4388
Jim_Cummings, 1952-11-03, 2434320, 2,2,2,2,3,3,3,5,7,7,23, 0, 0, 120277.8846
Kelsey_Grammer, 1955-02-21, 2435160, 2,2,2,3,5,7,13,223, 0, 0, 302374.5172
Kurt_Angle, 1968-12-09, 2440200, 2,2,2,3,5,5,7,7,83, 0, 0, 324973.8889
Lil_Wayne, 1982-09-27, 2445240, 2,2,2,3,5,7,41,71, 0, 0, 1401836.674
Lynn_Redgrave, 1943-03-08, 2430792, 2,2,2,3,3,7,7,13,53, 0, 0, 75009.74074
Nani, 1986-11-17, 2446752, 2,2,2,2,2,3,7,11,331, 0, 0, 104851.4464
Peter_Schmeichel, 1963-11-18, 2438352, 2,2,2,2,3,3,7,41,59, 0, 0, 109452.093
Rudolph_Valentino, 1895-05-06, 2413320, 2,2,2,3,5,7,13,13,17, 0, 0, 103537.025
Ted_Kennedy, 1932-02-22, 2426760, 2,2,2,3,3,3,3,5,7,107, 0, 0, 206382.3585
Tom_Hanks, 1956-07-09, 2435664, 2,2,2,2,3,7,11,659, 0, 0, 405936.5769
