Bernd_Schuster, 1959-12-22, 2,2,3,7,67,433, 75301.06452
Dieter_Bohlen, 1954-02-07, 2,2,5,23,67,79, 121620.0732
Ignatius_of_Loyola, 1491-10-23, 2,2,5,19,67,89, 82991
Ilona_Staller, 1951-11-26, 2,2,2,19,67,239, 240297.8667
Jane_Krakowski, 1968-10-11, 2,2,3,5,67,607, 135872.2222
José_Echegaray, 1832-04-19, 2,2,3,3,67,991, 8038.175439
Larry_David, 1947-07-02, 2,2,2,2,67,2269, 230044.2222
Michael_Mann_(director), 1943-02-05, 2,2,2,5,67,907, 36369.31034
Mohamed_Ghannouchi, 1941-08-18, 2,2,2,2,67,2267, 15238.18421
William_Standish_Knowles, 1917-06-01, 2,2,5,13,67,139, 5947.264706
