Abdullah_Gül, 1950-10-29, 2433584, 2,2,2,2,17,23,389, 0, 0, 37440.98551
Alfonso_Cuarón, 1961-11-28, 2437632, 2,2,2,2,2,2,2,2,2,3,3,23,23, 0, 0, 89554.37931
Andre_Iguodala, 1984-01-28, 2445728, 2,2,2,2,2,23,3323, 0, 0, 76413.57143
Anne_Rice, 1941-10-04, 2430272, 2,2,2,2,2,2,13,23,127, 0, 0, 139508
Carlo_Collodi, 1826-11-24, 2388320, 2,2,2,2,2,5,11,23,59, 0, 0, 34591.8125
Darren_Criss, 1987-02-05, 2446832, 2,2,2,2,23,61,109, 0, 0, 340967.7143
Dashiell_Hammett, 1894-05-27, 2412976, 2,2,2,2,23,79,83, 0, 0, 47524.66667
Emile_Heskey, 1978-01-11, 2443520, 2,2,2,2,2,2,2,2,5,23,83, 0, 0, 102361.275
Empress_Elisabeth_of_Austria, 1837-12-24, 2392368, 2,2,2,2,3,11,23,197, 0, 0, 208457.3111
Fabricio_Coloccini, 1982-01-22, 2444992, 2,2,2,2,2,2,11,23,151, 0, 0, 47127.38235
Gemma_Arterton, 1986-02-02, 2446464, 2,2,2,2,2,2,2,3,23,277, 0, 0, 481014.3103
Gisela_Dulko, 1985-01-30, 2446096, 2,2,2,2,17,17,23,23, 0, 0, 36220.03448
Howard_Shore, 1946-10-18, 2432112, 2,2,2,2,3,23,2203, 0, 0, 64933.3125
Jared_Leto, 1971-12-26, 2441312, 2,2,2,2,2,23,31,107, 0, 0, 494313.6596
Jim_Cummings, 1952-11-03, 2434320, 2,2,2,2,3,3,3,5,7,7,23, 0, 0, 120277.8846
John_Dillinger, 1903-06-22, 2416288, 2,2,2,2,2,7,7,23,67, 0, 0, 521797.3438
Lajos_Kossuth, 1802-09-19, 2379488, 2,2,2,2,2,23,53,61, 0, 0, 36778.56757
Louis-Ferdinand_Céline, 1894-05-27, 2412976, 2,2,2,2,23,79,83, 0, 0, 61775.26923
Sergio_Canales, 1991-02-16, 2448304, 2,2,2,2,23,6653, 0, 0, 74301.5625
Zooey_Deschanel, 1980-01-17, 2444256, 2,2,2,2,2,3,3,3,3,23,41, 0, 0, 851459.7436
