Ahmed_Shafik, 1941-11-25, 2430324, 2,2,3,3,3,3,13,577, 0, 0, 40889
Alexander_Rodchenko, 1891-12-05, 2412072, 2,2,2,3,3,3,13,859, 0, 0, 41601.69231
Alfred_Hitchcock, 1899-08-13, 2414880, 2,2,2,2,2,3,3,3,5,13,43, 0, 0, 232167.01
Amedeo_Avogadro, 1776-08-09, 2369952, 2,2,2,2,2,3,3,3,13,211, 0, 0, 35850.27941
Amos_Oz, 1939-05-04, 2429388, 2,2,3,3,13,29,179, 0, 0, 38301.2973
Brook_Taylor, 1685-08-18, 2336724, 2,2,3,3,13,4993, 0, 0, 16421.83333
Eazy-E, 1963-09-07, 2438280, 2,2,2,3,3,5,13,521, 0, 0, 402529.2258
George_Abela, 1948-04-22, 2432664, 2,2,2,3,3,13,23,113, 0, 0, 10515.68966
Gerhard_Ertl, 1936-10-10, 2428452, 2,2,3,3,13,5189, 0, 0, 17261.31818
Jasper_Johns, 1930-05-15, 2426112, 2,2,2,2,2,2,2,2,3,3,3,3,3,3,13, 0, 0, 114247.1538
John_Petrucci, 1967-07-12, 2439684, 2,2,3,3,13,13,401, 0, 0, 128044.9688
Lynn_Redgrave, 1943-03-08, 2430792, 2,2,2,3,3,7,7,13,53, 0, 0, 75009.74074
Margaret,_Maid_of_Norway, 1283-04-09, 2189772, 2,2,3,3,13,4679, 0, 0, 5403.038462
Nicole_Vaidišová, 1989-04-23, 2447640, 2,2,2,3,3,5,13,523, 0, 0, 26897.93548
Olivier_Giroud, 1986-09-30, 2446704, 2,2,2,2,3,3,13,1307, 0, 0, 124776.1818
Shaggy_(musician), 1968-10-22, 2440152, 2,2,2,3,3,3,11,13,79, 0, 0, 50700.73333
Steven_Pinker, 1954-09-18, 2435004, 2,2,3,3,11,11,13,43, 0, 0, 61697.31034
