Anna_Popplewell, 1988-12-16, 2447512, 2,2,2,31,71,139, 0, 0, 196293.9286
Charles_Francis_Richter, 1900-04-26, 2415136, 2,2,2,2,2,71,1063, 0, 0, 14092.7907
Gerhard_Herzberg, 1904-12-25, 2416840, 2,2,2,5,23,37,71, 0, 0, 8230.516129
Grace_Kelly, 1929-11-12, 2425928, 2,2,2,71,4271, 0, 0, 274777.4923
Johannes_Vermeer, 1632-10-31, 2317440, 2,2,2,2,2,2,2,3,5,17,71, 0, 0, 130381.7838
Josef_Mengele, 1911-03-16, 2419112, 2,2,2,71,4259, 0, 0, 390980.0833
Lil_Wayne, 1982-09-27, 2445240, 2,2,2,3,5,7,41,71, 0, 0, 1401836.674
Louis_XVII_of_France, 1785-03-27, 2373104, 2,2,2,2,71,2089, 0, 0, 67765.56522
Markus_Rosenberg, 1982-09-27, 2445240, 2,2,2,3,5,7,41,71, 0, 0, 35385.89655
Mats_Hummels, 1988-12-16, 2447512, 2,2,2,31,71,139, 0, 0, 101952.7714
Michael_Ende, 1929-11-12, 2425928, 2,2,2,71,4271, 0, 0, 61407.41463
Mika_Häkkinen, 1968-09-28, 2440128, 2,2,2,2,2,2,3,71,179, 0, 0, 71184.91304
Naomi_Watts, 1968-09-28, 2440128, 2,2,2,2,2,2,3,71,179, 0, 0, 273029.2407
Osman_II, 1604-11-03, 2307216, 2,2,2,2,3,71,677, 0, 0, 26679.58333
Raúl_Castro, 1931-06-03, 2426496, 2,2,2,2,2,2,2,3,71,89, 0, 0, 66641.33824
Shirley_Temple, 1928-04-23, 2425360, 2,2,2,2,5,7,61,71, 0, 0, 340979.1111
Wole_Soyinka, 1934-07-13, 2427632, 2,2,2,2,71,2137, 0, 0, 25346.11475
