Alexios_II_Komnenos, 1169-09-10, 2148288, 2,2,2,2,2,2,3,67,167, 0, 0, 9262.935484
Elizabeth_Barrett_Browning, 1806-03-06, 2380752, 2,2,2,2,3,3,3,3,11,167, 0, 0, 52032.55556
Gerhart_Hauptmann, 1862-11-15, 2401460, 2,2,5,167,719, 0, 0, 26358.78873
Henry_Taube, 1915-11-30, 2420832, 2,2,2,2,2,3,151,167, 0, 0, 7692.909091
Hongwu_Emperor, 1328-10-21, 2206404, 2,2,3,3,167,367, 0, 0, 246512
Jacques_Lacan, 1901-04-13, 2415488, 2,2,2,2,2,2,2,113,167, 0, 0, 119432.7347
James_Prescott_Joule, 1818-12-24, 2385428, 2,2,167,3571, 0, 0, 33940.63855
John_V_Palaiologos, 1332-06-18, 2207740, 2,2,5,167,661, 0, 0, 11059.21875
Judith_Butler, 1956-02-24, 2435528, 2,2,2,167,1823, 0, 0, 82092.52941
Mark_Rutte, 1967-02-14, 2439536, 2,2,2,2,11,83,167, 0, 0, 26230.07018
Stanislav_Petrov, 1939-09-09, 2429516, 2,2,167,3637, 0, 0, 83845.06667
Émile_Lahoud, 1936-01-12, 2428180, 2,2,5,167,727, 0, 0, 12075.85294
