Gastón_Gaudio, 1978-12-09, 2443852, 2,2,17,83,433, 0, 0, 26141.82143
Gerry_Rafferty, 1947-04-16, 2432292, 2,2,3,17,11923, 0, 0, 102932.4643
Jacob_Bernoulli, 1654-12-27, 2325532, 2,2,11,17,3109, 0, 0, 20757.2549
Jamie_Bell, 1986-03-14, 2446504, 2,2,2,17,17989, 0, 0, 277332.3103
Jens_Stoltenberg, 1959-03-16, 2436644, 2,2,7,17,5119, 0, 0, 27796.15254
Johnny_Logan_(singer), 1954-05-13, 2434876, 2,2,17,61,587, 0, 0, 22435.03448
Joseph_Wright_of_Derby, 1734-09-03, 2354636, 2,2,17,31,1117, 0, 0, 15591.66667
José_Manuel_Barroso, 1956-03-23, 2435556, 2,2,3,17,11939, 0, 0, 43018.66071
Kareem_Abdul-Jabbar, 1947-04-16, 2432292, 2,2,3,17,11923, 0, 0, 260464.2045
Konstantin_Chernenko, 1911-09-24, 2419304, 2,2,2,17,17789, 0, 0, 48516.85965
Lucas_Grabeel, 1984-11-23, 2446028, 2,2,13,17,2767, 0, 0, 176727.7037
Michelle_Obama, 1964-01-17, 2438412, 2,2,3,17,11953, 0, 0, 219444.7808
Mick_Jagger, 1943-07-26, 2430932, 2,2,7,17,5107, 0, 0, 386252.1552
Mike_Powell_(long_jumper), 1963-11-10, 2438344, 2,2,2,17,17929, 0, 0, 22569.2
Mohamed_Ould_Abdel_Aziz, 1956-12-20, 2435828, 2,2,17,113,317, 0, 0, 16701.85714
Nastassja_Kinski, 1961-01-24, 2437324, 2,2,17,73,491, 0, 0, 174716.3333
Paul_Ehrlich, 1854-03-14, 2398292, 2,2,13,17,2713, 0, 0, 30404.43137
Pope_Gregory_XII, 1326-05-13, 2205512, 2,2,2,17,16217, 0, 0, 22383.77551
Pope_Pius_XII, 1876-03-02, 2406316, 2,2,11,17,3217, 0, 0, 90632.89474
Rock_Hudson, 1925-11-17, 2424472, 2,2,2,17,17827, 0, 0, 178601.0465
Thomas_R._Marshall, 1854-03-14, 2398292, 2,2,13,17,2713, 0, 0, 15170.51724
