Aaron_Sorkin, 1961-06-09, 2437460, 2,2,5,17,67,107, 0, 0, 155314.7037
Andy_Roddick, 1982-08-30, 2445212, 2,2,7,11,17,467, 0, 0, 164783
Bhumibol_Adulyadej, 1927-12-05, 2425220, 2,2,5,7,17,1019, 0, 0, 142465.0357
Chen_Guangcheng, 1971-11-12, 2441268, 2,2,3,3,17,3989, 0, 0, 74522.18519
Christian_Slater, 1969-08-18, 2440452, 2,2,3,7,17,1709, 0, 0, 228277.9394
Colin_Firth, 1960-09-10, 2437188, 2,2,3,13,17,919, 0, 0, 280620.9216
Colonel_Sanders, 1890-09-09, 2411620, 2,2,5,17,41,173, 0, 0, 168414.0385
E._E._Cummings, 1894-10-14, 2413116, 2,2,3,3,17,3943, 0, 0, 123238.6429
Edward_Norton, 1969-08-18, 2440452, 2,2,3,7,17,1709, 0, 0, 359733.8596
Eminem, 1972-10-17, 2441608, 2,2,2,13,17,1381, 0, 0, 1312695.181
Jimmy_Floyd_Hasselbaink, 1972-03-27, 2441404, 2,2,7,17,23,223, 0, 0, 61704.29032
John_Lennon, 1940-10-09, 2429912, 2,2,2,17,17,1051, 0, 0, 575654.3465
Kurt_Lewin, 1890-09-09, 2411620, 2,2,5,17,41,173, 0, 0, 89351.10345
Lakshmi_Mittal, 1950-06-15, 2433448, 2,2,2,17,29,617, 0, 0, 149781.5854
Larry_King, 1933-11-19, 2427396, 2,2,3,17,73,163, 0, 0, 169079.4722
Michael_J._Fox, 1961-06-09, 2437460, 2,2,5,17,67,107, 0, 0, 467839.4
Peter_Mandelson, 1953-10-21, 2434672, 2,2,2,2,17,8951, 0, 0, 59559.46154
Sebastian_Vettel, 1987-07-03, 2446980, 2,2,3,5,17,2399, 0, 0, 142688.7465
Tarkan_(singer), 1972-10-17, 2441608, 2,2,2,13,17,1381, 0, 0, 75961
Willy_Brandt, 1913-12-18, 2420120, 2,2,2,5,17,3559, 0, 0, 88754.5942
Woodrow_Wilson, 1856-12-28, 2399312, 2,2,2,2,17,8821, 0, 0, 154442.957
