Abdullah_Gül, 1950-10-29, 2,2,2,2,17,23,389, 37440.98551
Agnieszka_Radwańska, 1989-03-06, 2,2,2,3,7,17,857, 88787.22222
Andoni_Zubizarreta, 1961-10-23, 2,2,3,3,7,17,569, 46454.70588
Ayumi_Hamasaki, 1978-10-02, 2,2,2,7,17,17,151, 304254.439
Charles_Aznavour, 1924-05-22, 2,2,2,3,13,17,457, 131114.234
David_Schwimmer, 1966-11-02, 2,2,2,3,3,17,1993, 254211.1707
Ella_Fitzgerald, 1917-04-25, 2,2,2,2,2,17,4451, 200284.2667
Erich_von_Manstein, 1887-11-24, 2,2,2,5,5,17,709, 90219.05263
Friedrich_Wilhelm_Joseph_Schelling, 1775-01-27, 2,2,2,2,17,31,281, 35759.17778
Ja'far_al-Sadiq, 0702-04-23, 2,2,2,3,17,37,131, 37563.65517
Jack_Brabham, 1926-04-02, 2,2,2,2,2,17,4457, 25549.30556
John_Searle, 1932-07-31, 2,2,2,5,17,43,83, 54174.17857
Joseph_Conrad, 1857-12-03, 2,2,3,3,3,17,1307, 86888.59016
Kieran_Gibbs, 1989-09-26, 2,2,3,13,13,17,71, 50196.78788
Kim_Il-sung, 1912-04-15, 2,2,7,13,17,17,23, 146347.3289
Michael_Cera, 1988-06-07, 2,2,2,5,17,59,61, 487260.037
Mustafa_Kemal_Atatürk, 1881-05-19, 2,2,3,3,5,17,787, 117202.488
Oleg_Salenko, 1969-10-25, 2,2,2,5,17,37,97, 23304.51852
Olga_Kurylenko, 1979-11-14, 2,2,2,2,2,17,4493, 286350
Ronald_Fisher, 1890-02-17, 2,2,2,7,17,17,149, 31694.82857
İsmet_İnönü, 1884-09-24, 2,2,3,3,17,31,127, 51190.11364
