David_Wenham, 1965-09-21, 2,2,2,2,3,7,7,17,61, 130311.2593
Elbridge_Gerry, 1744-07-17, 2,2,2,2,2,3,5,17,289, 19874.57576
Ferenc_Molnár, 1878-01-12, 2,2,3,3,3,3,17,19,23, 28478.89286
Kurt_Schuschnigg, 1897-12-14, 2,2,2,2,2,2,7,17,317, 20996.54839
Maria_Kaczyńska, 1942-08-21, 2,2,2,2,2,2,2,17,1117, 51010.85714
Martin_Jol, 1956-01-16, 2,2,2,2,2,11,11,17,37, 47466.74074
Ossip_Zadkine, 1890-07-04, 2,2,2,2,2,11,13,17,31, 13813.73077
Samuel_Colt, 1814-07-19, 2,2,2,2,2,2,7,17,313, 59702.09091
Torsten_Frings, 1976-11-22, 2,2,2,2,2,3,3,17,499, 44018.41026
Ville_Valo, 1976-11-22, 2,2,2,2,2,3,3,17,499, 124567.1944
William_Moseley_(actor), 1987-04-27, 2,2,2,2,2,2,13,17,173, 78528.55172
