Doris_Leuthard, 1963-04-10, 2438130, 2,3,5,67,1213, 0, 0, 19552.54545
Helmut_Kohl, 1930-04-03, 2426070, 2,3,5,17,67,71, 0, 0, 88218.78462
Hermann_Oberth, 1894-06-25, 2413005, 3,5,7,7,7,7,67, 0, 0, 19439.80645
Jimmy_Carter, 1924-10-01, 2424060, 2,2,3,3,3,5,67,67, 0, 0, 201643.7596
Joseph_Murray, 1919-04-01, 2422050, 2,3,5,5,67,241, 0, 0, 9392.909091
Ken_Russell, 1927-07-03, 2425065, 3,5,19,67,127, 0, 0, 52580.80769
Louis_XV_of_France, 1710-02-15, 2345670, 2,3,3,5,67,389, 0, 0, 125024.9167
Marwan_I, 0623-03-28, 1948695, 3,5,7,67,277, 0, 0, 20131.32143
Ronald_Coase, 1910-12-29, 2419035, 3,5,29,67,83, 0, 0, 30765.36585
Silvio_Piola, 1913-09-29, 2420040, 2,2,2,3,5,7,43,67, 0, 0, 42284.66667
Wes_Brown, 1979-10-13, 2444160, 2,2,2,2,2,2,2,3,5,19,67, 0, 0, 42958.46667
