Abbé_Pierre, 1912-08-05, 2,2,3,5,7,7,823, 50069.75
Alexander_Herzen, 1812-04-06, 3,3,5,5,7,17,89, 13161.75676
Erwin_Neher, 1944-03-20, 2,3,3,5,7,17,227, 8000.548387
George_Berkeley, 1685-03-12, 3,5,7,7,11,17,17, 45852.2459
Hermann_Oberth, 1894-06-25, 3,5,7,7,7,7,67, 19439.80645
Juliusz_Słowacki, 1809-09-04, 2,3,3,5,7,19,199, 79692.86667
Laurent-Désiré_Kabila, 1939-11-27, 3,3,3,3,5,7,857, 24472.83333
Murad_V, 1840-09-21, 2,3,3,5,7,29,131, 17527.55814
Nat_King_Cole, 1919-03-17, 3,3,3,5,7,11,233, 131799.625
Noah_Webster, 1758-10-16, 3,3,3,5,7,41,61, 39217.87097
Oleh_Husyev, 1983-04-25, 2,3,5,5,7,17,137, 7777.935484
Tom_Selleck, 1945-01-29, 3,3,3,5,7,31,83, 277634.5278
Victor_Vasarely, 1906-04-09, 2,3,3,3,5,7,1279, 72000.2
Vladimir_Prelog, 1906-07-23, 3,5,7,7,11,13,23, 8446.348837
William_Lamb,_2nd_Viscount_Melbourne, 1779-03-15, 2,2,3,5,5,7,1129, 4498.5
