André-Pierre_Gignac, 1985-12-05, 2446405, 5,13,61,617, 0, 0, 71796.37037
Celia_Cruz, 1925-10-21, 2424445, 5,61,7949, 0, 0, 156487.2593
Emmanuel_Eboué, 1983-06-04, 2445490, 2,5,19,61,211, 0, 0, 68044.39474
Fedor_Emelianenko, 1976-09-28, 2443050, 2,3,3,5,5,61,89, 0, 0, 571876.4286
Frankie_Muniz, 1985-12-05, 2446405, 5,13,61,617, 0, 0, 521514.3077
Gabriella_Cilmi, 1991-10-10, 2448540, 2,2,3,3,5,61,223, 0, 0, 133658.9231
Georg_Simmel, 1858-03-01, 2399740, 2,2,5,7,61,281, 0, 0, 64252.28947
John_McCain, 1936-08-29, 2428410, 2,3,5,61,1327, 0, 0, 229144.573
Lee_Marvin, 1924-02-19, 2423835, 3,3,5,61,883, 0, 0, 101383.1163
Maggie_Smith, 1934-12-28, 2427800, 2,2,2,5,5,61,199, 0, 0, 217273.4681
Michael_Cera, 1988-06-07, 2447320, 2,2,2,5,17,59,61, 0, 0, 487260.037
Michael_Palin, 1943-05-05, 2430850, 2,5,5,61,797, 0, 0, 119048.5758
Montgomery_Clift, 1920-10-17, 2422615, 5,13,13,47,61, 0, 0, 103532.3421
Noah_Webster, 1758-10-16, 2363445, 3,3,3,5,7,41,61, 0, 0, 39217.87097
Philip_Seymour_Hoffman, 1967-07-23, 2439695, 5,19,61,421, 0, 0, 161298.8913
Saoirse_Ronan, 1994-04-12, 2449455, 3,5,61,2677, 0, 0, 322028.5161
Shirley_Temple, 1928-04-23, 2425360, 2,2,2,2,5,7,61,71, 0, 0, 340979.1111
Thomas_Paine, 1737-01-29, 2355515, 5,61,7723, 0, 0, 106821.3509
Whoopi_Goldberg, 1955-11-13, 2435425, 5,5,61,1597, 0, 0, 250719.5172
Xherdan_Shaqiri, 1991-10-10, 2448540, 2,2,3,3,5,61,223, 0, 0, 125993.7037
Yoshiki_(musician), 1965-11-20, 2439085, 5,11,61,727, 0, 0, 137877.4074
