Abdullah_II_of_Jordan, 1962-01-30, 2437695, 3,3,3,3,5,13,463, 0, 0, 78509.71429
Andrey_Kolmogorov, 1903-04-25, 2416230, 2,3,3,3,3,5,19,157, 0, 0, 21115
Emina_Jahović, 1982-01-15, 2444985, 3,3,3,3,5,6037, 0, 0, 24728.42857
Françoise_Sagan, 1935-06-21, 2427975, 3,3,3,3,5,5,11,109, 0, 0, 64807.75676
Hayao_Miyazaki, 1941-01-05, 2430000, 2,2,2,2,3,3,3,3,3,5,5,5,5, 0, 0, 414062.75
Ian_Curtis, 1956-07-15, 2435670, 2,3,3,3,3,5,31,97, 0, 0, 209369.3429
Joe_Satriani, 1956-07-15, 2435670, 2,3,3,3,3,5,31,97, 0, 0, 240564.2703
José_Ortega_y_Gasset, 1883-05-09, 2408940, 2,2,3,3,3,3,5,1487, 0, 0, 75256.16667
Laurent-Désiré_Kabila, 1939-11-27, 2429595, 3,3,3,3,5,7,857, 0, 0, 24472.83333
Manuel_Azaña, 1880-01-10, 2407725, 3,3,3,3,5,5,29,41, 0, 0, 32292.34211
Matthew_McConaughey, 1969-11-04, 2440530, 2,3,3,3,3,5,23,131, 0, 0, 413178.9167
Melanie_Klein, 1882-03-30, 2408535, 3,3,3,3,5,19,313, 0, 0, 60860.07692
Michael_Bloomberg, 1942-02-14, 2430405, 3,3,3,3,5,17,353, 0, 0, 167242.7273
Peter_Falk, 1927-09-16, 2425140, 2,2,3,3,3,3,3,5,499, 0, 0, 161894.8636
Philip_II_of_Spain, 1527-05-21, 2278935, 3,3,3,3,5,17,331, 0, 0, 142874.2344
Pyotr_Stolypin, 1862-04-14, 2401245, 3,3,3,3,5,7,7,11,11, 0, 0, 23055.94118
Sean_Combs, 1969-11-04, 2440530, 2,3,3,3,3,5,23,131, 0, 0, 492898.4412
Stephen_Fry, 1957-08-24, 2436075, 3,3,3,3,3,5,5,401, 0, 0, 357339.3421
Ted_Kennedy, 1932-02-22, 2426760, 2,2,2,3,3,3,3,5,7,107, 0, 0, 206382.3585
Will_Smith, 1968-09-25, 2440125, 3,3,3,3,5,5,5,241, 0, 0, 752834.4595
Yitzhak_Rabin, 1922-03-01, 2423115, 3,3,3,3,5,31,193, 0, 0, 92744.10938
