Ben_Affleck, 1972-08-15, 2441545, 5,488309, 0, 0, 425569.9153
Ben_Stiller, 1965-11-30, 2439095, 5,487819, 0, 0, 411622.3396
Billy_the_Kid, 1859-09-17, 2400305, 5,480061, 0, 0, 290096.7353
Chris_Martin, 1977-03-02, 2443205, 5,488641, 0, 0, 279257.7959
Chris_Tucker, 1971-08-31, 2441195, 5,488239, 0, 0, 263359.5758
Christopher_Walken, 1943-03-31, 2430815, 5,486163, 0, 0, 310138.4651
Dan_Aykroyd, 1952-07-01, 2434195, 5,486839, 0, 0, 246847.2821
Denzel_Washington, 1954-12-28, 2435105, 5,487021, 0, 0, 373075.2206
Gary_Coleman, 1968-02-08, 2439895, 5,487979, 0, 0, 379729.3103
Gene_Wilder, 1933-06-11, 2427235, 5,485447, 0, 0, 232969.8421
James_Hetfield, 1963-08-03, 2438245, 5,487649, 0, 0, 266040.5918
James_McAvoy, 1979-04-21, 2443985, 5,488797, 0, 0, 367678.0256
Jason_Kidd, 1973-03-23, 2441765, 5,488353, 0, 0, 215482.4688
M._Night_Shyamalan, 1970-08-06, 2440805, 5,488161, 0, 0, 272591
Richard_Pryor, 1940-12-01, 2429965, 5,485993, 0, 0, 316400.8214
Romy_Schneider, 1938-09-23, 2429165, 5,485833, 0, 0, 210811.4091
Ron_Perlman, 1950-04-13, 2433385, 5,486677, 0, 0, 331499.625
Sarah_Jessica_Parker, 1965-03-25, 2438845, 5,487769, 0, 0, 368720.3333
Seann_William_Scott, 1976-10-03, 2443055, 5,488611, 0, 0, 287517.2105
Snoop_Dogg, 1971-10-20, 2441245, 5,488249, 0, 0, 706028.283
Stevie_Wonder, 1950-05-13, 2433415, 5,486683, 0, 0, 337747.3774
