Al_Pacino, 1940-04-25, 2429745, 3,5,161983, 0, 0, 418018.0274
Alicia_Keys, 1981-01-25, 2444630, 2,5,244463, 0, 0, 394436.1695
Buckethead, 1969-05-13, 2440355, 5,271,1801, 0, 0, 360606.7407
Carly_Rae_Jepsen, 1985-11-20, 2446390, 2,5,244639, 0, 0, 449137.75
Chace_Crawford, 1985-07-18, 2446265, 5,41,11933, 0, 0, 400866.2759
David_Beckham, 1975-05-02, 2442535, 5,241,2027, 0, 0, 453207.7654
Ed_Sheeran, 1991-02-17, 2448305, 5,337,1453, 0, 0, 510663
Elizabeth_Taylor, 1932-02-27, 2426765, 5,11,44123, 0, 0, 338903.0556
Ellie_Goulding, 1986-12-30, 2446795, 5,13,37643, 0, 0, 456079.4815
Hugh_Hefner, 1926-04-09, 2424615, 3,5,161641, 0, 0, 546871.9474
J._Edgar_Hoover, 1895-01-01, 2413195, 5,31,15569, 0, 0, 482368.7353
Jennifer_Carpenter, 1979-12-07, 2444215, 5,41,11923, 0, 0, 380623.6923
Julia_Child, 1912-08-15, 2419630, 2,5,241963, 0, 0, 518714.4483
Juliette_Lewis, 1973-06-21, 2441855, 5,13,37567, 0, 0, 317264.4
Karl_Marx, 1818-05-05, 2385195, 3,5,159013, 0, 0, 314864.473
Liam_Hemsworth, 1990-01-13, 2447905, 5,41,11941, 0, 0, 745343.1724
Mark_Ruffalo, 1967-11-20, 2439815, 5,7,69709, 0, 0, 323909.8235
Martin_Sheen, 1940-08-03, 2429845, 5,11,44179, 0, 0, 400678.0222
Michael_Bublé, 1975-09-09, 2442665, 5,457,1069, 0, 0, 410006.3415
Triple_H, 1969-07-27, 2440430, 2,5,244043, 0, 0, 787557.9211
Yao_Ming, 1980-09-12, 2444495, 5,67,7297, 0, 0, 350230.7368
