50_Cent, 1975-07-06, 2442600, 2,2,2,3,3,5,5,23,59, 0, 0, 632055.6716
Elif_Şafak, 1971-10-25, 2441250, 2,3,3,5,5,5,5,7,31, 0, 0, 41302.69231
Frank_Lampard, 1978-06-20, 2443680, 2,2,2,2,2,3,3,5,1697, 0, 0, 185169.1176
Gabriela_Mistral, 1889-04-07, 2411100, 2,2,3,3,3,5,5,19,47, 0, 0, 77513.51613
Hayden_Panettiere, 1989-08-21, 2447760, 2,2,2,2,3,5,7,31,47, 0, 0, 537846.0213
Inna, 1986-10-16, 2446720, 2,2,2,2,2,2,2,5,3823, 0, 0, 231981.7692
Jamie_Oliver, 1975-05-27, 2442560, 2,2,2,2,2,2,5,17,449, 0, 0, 208293.7647
Jim_Jarmusch, 1953-01-22, 2434400, 2,2,2,2,2,5,5,17,179, 0, 0, 110784.1081
Kurt_Angle, 1968-12-09, 2440200, 2,2,2,3,5,5,7,7,83, 0, 0, 324973.8889
Marcelo_H._del_Pilar, 1850-08-30, 2397000, 2,2,2,3,5,5,5,17,47, 0, 0, 40049.92593
Martha_Graham, 1894-05-11, 2412960, 2,2,2,2,2,3,5,11,457, 0, 0, 225573.8824
Paulina_Rubio, 1971-06-17, 2441120, 2,2,2,2,2,5,11,19,73, 0, 0, 129890
Peter_Falk, 1927-09-16, 2425140, 2,2,3,3,3,3,3,5,499, 0, 0, 161894.8636
Philip_Johnson, 1906-07-08, 2417400, 2,2,2,3,3,5,5,17,79, 0, 0, 40671.56818
Radek_Štěpánek, 1978-11-27, 2443840, 2,2,2,2,2,2,5,7,1091, 0, 0, 36428.51724
Richard_Dawkins, 1941-03-26, 2430080, 2,2,2,2,2,2,2,5,3797, 0, 0, 166379.3971
Rudolph_Valentino, 1895-05-06, 2413320, 2,2,2,3,5,7,13,13,17, 0, 0, 103537.025
Seal_(musician), 1963-02-19, 2438080, 2,2,2,2,2,2,5,19,401, 0, 0, 132704.6061
Shavo_Odadjian, 1974-04-22, 2442160, 2,2,2,2,5,7,7,7,89, 0, 0, 87919.96774
Stanley_Milgram, 1933-08-15, 2427300, 2,2,3,3,3,5,5,29,31, 0, 0, 47217.96875
Yongle_Emperor, 1360-05-02, 2217920, 2,2,2,2,2,2,5,29,239, 0, 0, 52782.03226
