Carlos_Valderrama, 1961-09-02, 2437545, 3,5,11,11,17,79, 0, 0, 87651.18919
Jimmy_Greaves, 1940-02-20, 2429680, 2,2,2,2,5,11,11,251, 0, 0, 35770.26923
Katherine_Mansfield, 1888-10-14, 2410925, 5,5,11,11,797, 0, 0, 58392.51724
Levi_Strauss, 1829-02-26, 2389145, 5,11,11,11,359, 0, 0, 75299.5
Mark_Hamill, 1951-09-25, 2433915, 3,3,3,5,11,11,149, 0, 0, 378820.2353
Nâzım_Hikmet, 1902-01-15, 2415765, 3,5,11,11,11,11,11, 0, 0, 68682.825
Pyotr_Stolypin, 1862-04-14, 2401245, 3,3,3,3,5,7,7,11,11, 0, 0, 23055.94118
Saud_of_Saudi_Arabia, 1902-01-15, 2415765, 3,5,11,11,11,11,11, 0, 0, 58837.84848
William_Saroyan, 1908-08-31, 2418185, 5,7,11,11,571, 0, 0, 30527.18182
Zhelyu_Zhelev, 1935-03-03, 2427865, 5,11,11,4013, 0, 0, 8808.62069
