Alexander_Fleming, 1881-08-06, 2408299, 41,151,389, 0, 0, 115845.3951
Ayumi_Hamasaki, 1978-10-02, 2443784, 2,2,2,7,17,17,151, 0, 0, 304254.439
Bella_Thorne, 1997-10-08, 2450730, 2,3,5,151,541, 0, 0, 379715.4688
Chad_Michael_Murray, 1981-08-24, 2444841, 3,3,7,151,257, 0, 0, 362300.8611
Chris_O'Donnell, 1970-06-26, 2440764, 2,2,3,3,151,449, 0, 0, 182663.2941
Enzo_Ferrari, 1898-02-18, 2414339, 59,151,271, 0, 0, 99143.11111
Gianni_Versace, 1946-12-02, 2432157, 3,7,13,59,151, 0, 0, 142948.4359
Gloria_Estefan, 1957-09-01, 2436083, 13,17,73,151, 0, 0, 135408.1522
Irena_Sendler, 1910-02-15, 2418718, 2,151,8009, 0, 0, 120172.6341
Jack_Black, 1969-08-28, 2440462, 2,151,8081, 0, 0, 380868.5532
Jackson_Rathbone, 1984-12-14, 2446049, 97,151,167, 0, 0, 316283
Jean-Michel_Basquiat, 1960-12-22, 2437291, 151,16141, 0, 0, 208887.4194
Jefferson_Davis, 1808-06-03, 2381572, 2,2,151,3943, 0, 0, 129713.6471
Jérôme_Boateng, 1988-09-03, 2447408, 2,2,2,2,151,1013, 0, 0, 111636.525
Kenny_G, 1956-06-05, 2435630, 2,5,151,1613, 0, 0, 140390.3929
Martin_Luther, 1483-11-10, 2263037, 7,151,2141, 0, 0, 281343.952
Michelangelo, 1475-03-06, 2259866, 2,7,151,1069, 0, 0, 253119.0063
Miranda_Kerr, 1983-04-20, 2445445, 5,41,79,151, 0, 0, 479974.9189
T._E._Lawrence, 1888-08-16, 2410866, 2,3,3,151,887, 0, 0, 125299.4615
Tony_Curtis, 1925-06-03, 2424305, 5,13,13,19,151, 0, 0, 173627.3137
Vivien_Leigh, 1913-11-05, 2420077, 11,31,47,151, 0, 0, 165971.0794
