Alexander_Fleming, 1881-08-06, 2408299, 41,151,389, 0, 0, 115845.3951
Carlos_Marchena, 1979-07-31, 2444086, 2,151,8093, 0, 0, 29017
Enzo_Ferrari, 1898-02-18, 2414339, 59,151,271, 0, 0, 99143.11111
Felipe_Calderón, 1962-08-18, 2437895, 5,151,3229, 0, 0, 87421.01786
François_Jacob, 1920-06-17, 2422493, 61,151,263, 0, 0, 14421.12121
Gilbert_N._Lewis, 1875-10-23, 2406185, 5,151,3187, 0, 0, 33844.21875
Ian_Rush, 1961-10-20, 2437593, 3,151,5381, 0, 0, 59396.6875
Irena_Sendler, 1910-02-15, 2418718, 2,151,8009, 0, 0, 120172.6341
Jack_Black, 1969-08-28, 2440462, 2,151,8081, 0, 0, 380868.5532
Jackson_Rathbone, 1984-12-14, 2446049, 97,151,167, 0, 0, 316283
Lev_Landau, 1908-01-22, 2417963, 67,151,239, 0, 0, 21485.42593
Martin_Luther, 1483-11-10, 2263037, 7,151,2141, 0, 0, 281343.952
Max_Mirnyi, 1977-07-06, 2443331, 11,151,1471, 0, 0, 15525.51613
