Alan_Moore, 1953-11-18, 2434700, 2,2,5,5,97,251, 0, 0, 214341.8485
Allan_Kardec, 1804-10-03, 2380233, 3,29,109,251, 0, 0, 77545.625
Ayn_Rand, 1905-02-02, 2416879, 251,9629, 0, 0, 258331.2364
David_Archuleta, 1990-12-28, 2448254, 2,251,4877, 0, 0, 236504.9143
David_Strathairn, 1949-01-26, 2432943, 3,3,3,251,359, 0, 0, 97754.07692
Dominic_Howard, 1977-12-07, 2443485, 3,5,11,59,251, 0, 0, 60687.37931
Erich_Honecker, 1912-08-25, 2419640, 2,2,2,5,241,251, 0, 0, 95634.22449
Ernst_Röhm, 1887-11-28, 2410604, 2,2,7,7,7,7,251, 0, 0, 95777.06818
Ferdinand_II_of_Aragon, 1452-03-10, 2251470, 2,3,5,13,23,251, 0, 0, 66013.89091
Gary_Speed, 1969-09-08, 2440473, 3,7,251,463, 0, 0, 97354.91667
Giuseppe_Garibaldi, 1807-07-04, 2381237, 53,179,251, 0, 0, 105997.1667
Joe_Biden, 1942-11-20, 2430684, 2,2,3,3,251,269, 0, 0, 182686.0128
Juan_Sebastián_Verón, 1975-03-09, 2442481, 37,251,263, 0, 0, 97994.5
Norman_Rockwell, 1894-02-03, 2412863, 251,9613, 0, 0, 192521.1667
Olof_Palme, 1927-01-30, 2424911, 251,9661, 0, 0, 50234.76271
Ovid, -0043-03-20, 1705796, 2,2,251,1699, 0, 0, 79894.10227
Patrice_Evra, 1981-05-15, 2444740, 2,2,5,251,487, 0, 0, 88425.64706
Roy_Makaay, 1975-03-09, 2442481, 37,251,263, 0, 0, 72462.4375
Skandar_Keynes, 1991-09-05, 2448505, 5,251,1951, 0, 0, 184977.5926
Teddy_Sheringham, 1966-04-02, 2439218, 2,43,113,251, 0, 0, 64833.97059
Zara_Phillips, 1981-05-15, 2444740, 2,2,5,251,487, 0, 0, 185055.1429
