Allan_Kardec, 1804-10-03, 2380233, 3,29,109,251, 0, 0, 77545.625
Gary_Speed, 1969-09-08, 2440473, 3,7,251,463, 0, 0, 97354.91667
Gerald_Durrell, 1925-01-07, 2424158, 2,11,251,439, 0, 0, 37512.46429
Mahmud_of_Ghazni, 0971-11-02, 2076021, 3,3,251,919, 0, 0, 38163.81081
Muhammad_Ahmad, 1844-08-12, 2394791, 7,29,47,251, 0, 0, 37481.35714
Ovid, -0043-03-20, 1705796, 2,2,251,1699, 0, 0, 79894.10227
Prince_Edward,_Earl_of_Wessex, 1964-03-10, 2438465, 5,29,67,251, 0, 0, 27402.22857
Simon_Rolfes, 1982-01-21, 2444991, 3,17,191,251, 0, 0, 24718.39286
Spencer_Perceval, 1762-11-01, 2364922, 2,7,251,673, 0, 0, 23860.38235
Teddy_Sheringham, 1966-04-02, 2439218, 2,43,113,251, 0, 0, 64833.97059
Álvaro_Uribe, 1952-07-04, 2434198, 2,13,251,373, 0, 0, 44387.37209
