Alan_Shearer, 1970-08-13, 2440812, 2,2,3,11,11,41,41, 0, 0, 95239.17308
Charles_IX_of_Sweden, 1550-10-04, 2287472, 2,2,2,2,11,41,317, 0, 0, 20110.25
Gaël_Monfils, 1986-09-01, 2446675, 5,5,7,11,31,41, 0, 0, 53312.95122
Gennaro_Gattuso, 1978-01-09, 2443518, 2,3,3,7,11,41,43, 0, 0, 116553.5
Henry_VIII_of_England, 1491-06-28, 2265824, 2,2,2,2,2,11,41,157, 0, 0, 631188.4286
James_B._Sumner, 1887-11-19, 2410595, 5,11,41,1069, 0, 0, 5817.514286
Jean-Marie_Lehn, 1939-09-30, 2429537, 11,41,5387, 0, 0, 9257.029412
Klaus_Barbie, 1913-10-25, 2420066, 2,11,41,2683, 0, 0, 154626.9333
Max_Born, 1882-12-11, 2408791, 7,7,11,41,109, 0, 0, 28921.40984
Milton_Friedman, 1912-07-31, 2419615, 5,11,29,37,41, 0, 0, 141755.6923
Portia_de_Rossi, 1973-01-31, 2441714, 2,11,41,2707, 0, 0, 455631.5185
Robert_Doornbos, 1981-09-23, 2444871, 3,11,13,41,139, 0, 0, 12015.23077
Timo_Hildebrand, 1979-04-05, 2443969, 11,41,5419, 0, 0, 49730
Viktor_Vasnetsov, 1848-05-15, 2396163, 3,7,11,11,23,41, 0, 0, 17506.80556
Vladimir_Propp, 1895-04-17, 2413301, 11,41,5351, 0, 0, 37139.92857
William_IV_of_the_United_Kingdom, 1765-08-21, 2365946, 2,11,41,43,61, 0, 0, 82184.86207
