Albert_Bandura, 1925-12-04, 2424489, 3,17,137,347, 0, 0, 102727.697
Bernie_Mac, 1957-10-05, 2436117, 3,17,37,1291, 0, 0, 354973.9333
Bo_Diddley, 1928-12-30, 2425611, 3,17,199,239, 0, 0, 104926.1613
Christopher_Reeve, 1952-09-25, 2434281, 3,17,59,809, 0, 0, 267999.4783
Derrick_Rose, 1988-10-04, 2447439, 3,17,37,1297, 0, 0, 278586.3429
Elizabeth_Hurley, 1965-06-10, 2438922, 2,3,17,23911, 0, 0, 234033.9143
Fernando_Verdasco, 1983-11-15, 2445654, 2,3,17,23977, 0, 0, 55305.02632
Florence_Nightingale, 1820-05-12, 2385933, 3,11,17,4253, 0, 0, 150409.6049
Gabriel_Byrne, 1950-05-12, 2433414, 2,3,17,23857, 0, 0, 143780.5714
Gilles_Simon, 1984-12-27, 2446062, 2,3,17,23981, 0, 0, 42622.5
Irvine_Welsh, 1958-09-27, 2436474, 2,3,17,23887, 0, 0, 66301.06667
Jane_Austen, 1775-12-16, 2369715, 3,5,17,9293, 0, 0, 273167.0714
John_Heitinga, 1983-11-15, 2445654, 2,3,17,23977, 0, 0, 39369.88372
Leonard_Cohen, 1934-09-21, 2427702, 2,3,17,23801, 0, 0, 225222.2857
Leonard_Nimoy, 1931-03-26, 2426427, 3,3,17,15859, 0, 0, 358644.5455
Method_Man, 1971-03-02, 2441013, 3,17,23,2081, 0, 0, 269969.8929
Micah_Richards, 1988-06-24, 2447337, 3,17,47,1021, 0, 0, 62679.44118
Robert_Englund, 1947-06-06, 2432343, 3,17,37,1289, 0, 0, 203189.3846
Thomas_Gainsborough, 1727-05-14, 2351967, 3,17,107,431, 0, 0, 34684.83333
Thomas_Gravesen, 1976-03-11, 2442849, 3,17,19,2521, 0, 0, 53536.80769
Yoann_Gourcuff, 1986-07-11, 2446623, 3,3,17,15991, 0, 0, 135413.3784
