Alexander_Calder, 1898-07-22, 3,3,17,43,367, 166234.6579
Bruce_Dickinson, 1958-08-07, 3,11,17,43,101, 211911.225
Cindy_Crawford, 1966-02-20, 3,13,13,17,283, 197012.7895
Dalida, 1933-01-17, 2,3,5,17,4759, 150476.7143
Donald_Trump, 1946-06-14, 2,3,17,113,211, 355265.5577
Eckhart_Tolle, 1948-02-16, 2,3,7,17,3407, 151654.2222
Edgar_Allan_Poe, 1809-01-19, 2,3,17,19,1229, 340889
Eric_Idle, 1943-03-29, 3,7,11,17,619, 114131.2941
Gerry_Rafferty, 1947-04-16, 2,2,3,17,11923, 102932.4643
J._K._Rowling, 1965-07-31, 3,3,17,19,839, 244277.2527
John_Cena, 1977-04-23, 3,3,3,17,5323, 919637.4151
Kal_Penn, 1977-04-23, 3,3,3,17,5323, 314000.3438
Kareem_Abdul-Jabbar, 1947-04-16, 2,2,3,17,11923, 260464.2045
Michael_Chang, 1972-02-22, 2,3,5,17,4787, 82152.39394
Michelle_Obama, 1964-01-17, 2,2,3,17,11953, 219444.7808
Miranda_Cosgrove, 1993-05-14, 2,3,13,17,1847, 728958.5946
Pharrell_Williams, 1973-04-05, 2,3,17,37,647, 490308.9231
Rajiv_Gandhi, 1944-08-20, 3,3,3,17,5297, 75520.01667
Seth_MacFarlane, 1973-10-26, 2,3,17,89,269, 438789.8261
Teresa_of_Ávila, 1515-03-28, 2,3,3,17,7433, 97761.8913
Vangelis, 1943-03-29, 3,7,11,17,619, 135301.5217
