Agnieszka_Radwańska, 1989-03-06, 2447592, 2,2,2,3,7,17,857, 0, 0, 88787.22222
Alexander_Herzen, 1812-04-06, 2382975, 3,3,5,5,7,17,89, 0, 0, 13161.75676
Andoni_Zubizarreta, 1961-10-23, 2437596, 2,2,3,3,7,17,569, 0, 0, 46454.70588
Charles_Aznavour, 1924-05-22, 2423928, 2,2,2,3,13,17,457, 0, 0, 131114.234
Charles_Le_Brun, 1619-02-24, 2312442, 2,3,3,3,11,17,229, 0, 0, 26154.09677
David_Schwimmer, 1966-11-02, 2439432, 2,2,2,3,3,17,1993, 0, 0, 254211.1707
Edward_G._Robinson, 1893-12-12, 2412810, 2,3,3,5,17,19,83, 0, 0, 81688.10714
Erwin_Neher, 1944-03-20, 2431170, 2,3,3,5,7,17,227, 0, 0, 8000.548387
Ferhat_Abbas, 1899-10-24, 2414952, 2,2,2,3,3,17,1973, 0, 0, 15585.27273
George_Berkeley, 1685-03-12, 2336565, 3,5,7,7,11,17,17, 0, 0, 45852.2459
Hun_Sen, 1952-08-05, 2434230, 2,3,3,5,17,37,43, 0, 0, 42468.96875
Ja'far_al-Sadiq, 0702-04-23, 1977576, 2,2,2,3,17,37,131, 0, 0, 37563.65517
Joseph_Conrad, 1857-12-03, 2399652, 2,2,3,3,3,17,1307, 0, 0, 86888.59016
Josip_Jelačić, 1801-10-16, 2379150, 2,3,3,5,5,17,311, 0, 0, 17949.96552
Kieran_Gibbs, 1989-09-26, 2447796, 2,2,3,13,13,17,71, 0, 0, 50196.78788
Michael_Bloomberg, 1942-02-14, 2430405, 3,3,3,3,5,17,353, 0, 0, 167242.7273
Mustafa_Kemal_Atatürk, 1881-05-19, 2408220, 2,2,3,3,5,17,787, 0, 0, 117202.488
Oleh_Husyev, 1983-04-25, 2445450, 2,3,5,5,7,17,137, 0, 0, 7777.935484
Philip_II_of_Spain, 1527-05-21, 2278935, 3,3,3,3,5,17,331, 0, 0, 142874.2344
Thomas_Huckle_Weller, 1915-06-15, 2420664, 2,2,2,3,17,17,349, 0, 0, 5808.535714
İsmet_İnönü, 1884-09-24, 2409444, 2,2,3,3,17,31,127, 0, 0, 51190.11364
