Carl_Friedrich_Gauss, 1777-04-30, 2370216, 2,2,2,3,61,1619, 0, 0, 92773.60185
Darren_Criss, 1987-02-05, 2446832, 2,2,2,2,23,61,109, 0, 0, 340967.7143
David_Seaman, 1963-09-19, 2438292, 2,2,3,61,3331, 0, 0, 54429.36111
Erich_Hartmann, 1922-04-19, 2423164, 2,2,61,9931, 0, 0, 80212.18421
Gabriella_Cilmi, 1991-10-10, 2448540, 2,2,3,3,5,61,223, 0, 0, 133658.9231
Georg_Simmel, 1858-03-01, 2399740, 2,2,5,7,61,281, 0, 0, 64252.28947
Isabella_II_of_Spain, 1830-10-10, 2389736, 2,2,2,59,61,83, 0, 0, 71567.27907
John_Rhys-Davies, 1944-05-05, 2431216, 2,2,2,2,47,53,61, 0, 0, 192904.5161
Justin_Timberlake, 1981-01-31, 2444636, 2,2,43,61,233, 0, 0, 571333.029
Lily_Tomlin, 1939-09-01, 2429508, 2,2,3,61,3319, 0, 0, 114911.1154
Maggie_Smith, 1934-12-28, 2427800, 2,2,2,5,5,61,199, 0, 0, 217273.4681
Michael_Cera, 1988-06-07, 2447320, 2,2,2,5,17,59,61, 0, 0, 487260.037
Shirley_Temple, 1928-04-23, 2425360, 2,2,2,2,5,7,61,71, 0, 0, 340979.1111
Shohreh_Aghdashloo, 1952-05-11, 2434144, 2,2,2,2,2,29,43,61, 0, 0, 59829.30769
Takuma_Sato, 1977-01-28, 2443172, 2,2,17,19,31,61, 0, 0, 50278.44118
William_Friedkin, 1935-08-29, 2428044, 2,2,3,31,61,107, 0, 0, 65834.19231
Xherdan_Shaqiri, 1991-10-10, 2448540, 2,2,3,3,5,61,223, 0, 0, 125993.7037
Yasser_Arafat, 1929-08-24, 2425848, 2,2,2,3,61,1657, 0, 0, 114414.3936
Yelena_Isinbayeva, 1982-06-03, 2445124, 2,2,11,61,911, 0, 0, 68242.41667
Zubin_Mehta, 1936-04-29, 2428288, 2,2,2,2,2,2,2,61,311, 0, 0, 48123.57143
Óscar_Romero, 1917-08-15, 2421456, 2,2,2,2,3,61,827, 0, 0, 95163.2069
