Carl_Friedrich_Gauss, 1777-04-30, 2,2,2,3,61,1619, 92773.60185
Frederick_IV_of_Denmark, 1671-10-11, 2,2,2,2,61,2389, 14230.25
Georg_Simmel, 1858-03-01, 2,2,5,7,61,281, 64252.28947
Heinrich_Cornelius_Agrippa, 1486-09-14, 2,2,3,3,61,1031, 32362.90625
Isabella_II_of_Spain, 1830-10-10, 2,2,2,59,61,83, 71567.27907
John_Churchill,_1st_Duke_of_Marlborough, 1650-05-26, 2,2,2,2,61,2381, 4655.944444
Rutherford_B._Hayes, 1822-10-04, 2,2,2,61,67,73, 46857.84884
Takuma_Sato, 1977-01-28, 2,2,17,19,31,61, 50278.44118
William_Friedkin, 1935-08-29, 2,2,3,31,61,107, 65834.19231
Yasser_Arafat, 1929-08-24, 2,2,2,3,61,1657, 114414.3936
