Barry_Levinson, 1942-04-06, 2430456, 2,2,2,3,7,17,23,37, 0, 0, 47865.37037
Ernesto_Zedillo, 1951-12-27, 2434008, 2,2,2,3,37,2741, 0, 0, 51673.24138
Franklin_Pierce, 1804-11-23, 2380284, 2,2,3,3,37,1787, 0, 0, 48260.7191
George_Boole, 1815-11-02, 2384280, 2,2,2,3,3,5,37,179, 0, 0, 36059.67925
George_Tupou_V, 1948-05-04, 2432676, 2,2,3,37,5479, 0, 0, 20862.46667
Ja'far_al-Sadiq, 0702-04-23, 1977576, 2,2,2,3,17,37,131, 0, 0, 37563.65517
Jennifer_Jones, 1919-03-02, 2422020, 2,2,3,5,37,1091, 0, 0, 51117.575
Jody_Williams, 1950-10-09, 2433564, 2,2,3,3,3,3,7,29,37, 0, 0, 16278.65625
John_Gurdon, 1933-10-02, 2427348, 2,2,3,7,11,37,71, 0, 0, 12947.89744
John_McCarthy_(computer_scientist), 1927-09-04, 2425128, 2,2,2,3,37,2731, 0, 0, 11950.45
Lasse_Virén, 1949-07-22, 2433120, 2,2,2,2,2,3,5,37,137, 0, 0, 17062.75
Lucrezia_Borgia, 1480-04-18, 2261736, 2,2,2,3,3,3,37,283, 0, 0, 226326.925
Nikolai_Bukharin, 1888-10-09, 2410920, 2,2,2,3,3,5,37,181, 0, 0, 30570.07895
Preity_Zinta, 1975-01-31, 2442444, 2,2,3,37,5501, 0, 0, 197209.7619
Roger_Guillemin, 1924-01-11, 2423796, 2,2,3,37,53,103, 0, 0, 6075.53125
Tjalling_Koopmans, 1910-08-28, 2418912, 2,2,2,2,2,3,3,37,227, 0, 0, 7230.806452
