Adolf_Hitler, 1889-04-20, 2,2,2,3,11,9133, 759578.6864
Antonio_Adán, 1987-05-13, 2,2,2,2,11,13903, 44108.84848
Cadel_Evans, 1977-02-14, 2,2,3,11,83,223, 54956.5641
Candice_Accola, 1987-05-13, 2,2,2,2,11,13903, 175560.8077
Douglas_Engelbart, 1925-01-30, 2,2,3,5,11,3673, 52617.7027
Edward_Hopper, 1882-07-22, 2,2,2,11,101,271, 177118.4118
Emperor_Taishō, 1879-08-31, 2,2,2,11,109,251, 107188.725
Eugène_Ionesco, 1909-11-26, 2,2,3,11,73,251, 69307.82353
Giuseppe_Garibaldi, 1807-07-04, 2,2,11,13,23,181, 105997.1667
James_Dean, 1931-02-08, 2,2,5,11,41,269, 339287.7742
Jane_Fonda, 1937-12-21, 2,2,2,7,11,3943, 202965.0175
K'naan, 1978-02-01, 2,2,5,11,29,383, 146117.8966
Madeleine_Albright, 1937-05-15, 2,2,3,3,11,6133, 73920.76087
Martin_Van_Buren, 1782-12-05, 2,2,5,11,41,263, 61169.58242
Mika_(singer), 1983-08-18, 2,2,3,11,97,191, 69181.60976
Mohammed_bin_Rashid_Al_Maktoum, 1949-07-15, 2,2,2,11,43,643, 150002.4054
Nicko_McBrain, 1952-06-05, 2,2,2,11,139,199, 78918.87097
Pope_John_Paul_I, 1912-10-17, 2,2,3,11,23,797, 119024.3875
Qianlong_Emperor, 1711-09-25, 2,2,2,2,11,13331, 96050.51515
Sophia_Loren, 1934-09-20, 2,2,5,5,11,2207, 204127.8429
Tina_Fey, 1970-05-18, 2,2,11,13,17,251, 399426.9412
