Alan_Shearer, 1970-08-13, 2,2,3,11,11,41,41, 95239.17308
Cameron_Diaz, 1972-08-30, 2,2,2,5,11,31,179, 442533.4559
Carlo_Goldoni, 1707-02-25, 2,2,2,3,11,83,107, 39076.36538
Chris_Jericho, 1970-11-09, 2,2,5,5,7,11,317, 424251.5
Cillian_Murphy, 1976-05-25, 2,2,3,3,11,31,199, 270884.6316
Doug_Savant, 1964-06-21, 2,2,2,3,3,11,3079, 54362.76471
Eljero_Elia, 1987-02-13, 2,2,2,5,11,67,83, 67714.44444
Elton_Mayo, 1880-12-26, 2,2,3,3,3,11,2027, 86670.53846
Franck_Ribéry, 1983-04-07, 2,2,2,3,11,59,157, 236676.5574
Goran_Ivanišević, 1971-09-13, 2,2,2,3,7,11,1321, 58302.22222
Hope_Solo, 1981-07-30, 2,2,2,2,11,29,479, 231283.8889
James_II_of_England, 1633-10-14, 2,2,3,3,3,11,1951, 98626.44828
Joseph_Barbera, 1911-03-24, 2,2,2,2,5,11,2749, 41229.3
Lisa_Marie_Presley, 1968-02-01, 2,2,2,2,3,11,4621, 424263.2857
Lothar_Matthäus, 1961-03-21, 2,2,3,3,5,11,1231, 106941.5882
Marco_van_Basten, 1964-10-31, 2,2,3,5,5,11,739, 116366.8654
Nick_Cave, 1957-09-22, 2,2,2,11,19,31,47, 181472.9737
Paul_Verlaine, 1844-03-30, 2,2,2,2,2,11,6803, 97859.78571
Pavel_Nedvěd, 1972-08-30, 2,2,2,5,11,31,179, 102004.7872
Santi_Cazorla, 1984-12-13, 2,2,2,2,2,11,6949, 102091.225
Shawn_Michaels, 1965-07-22, 2,2,3,3,3,11,2053, 554633.9706
