Abraham_de_Moivre, 1667-05-26, 2,2,2,2,3,3,11,1471, 16287.56757
Agnetha_Fältskog, 1950-04-05, 2,2,2,2,2,11,31,223, 146224.8511
Ayman_al-Zawahiri, 1951-06-19, 2,2,2,3,3,7,11,439, 105545.7381
Bill_Russell, 1934-02-12, 2,2,2,3,3,5,11,613, 159493.9355
Edmond_H._Fischer, 1920-04-06, 2,2,5,7,11,11,11,13, 6899.896552
Friedrich_Gottlieb_Klopstock, 1724-07-02, 2,2,2,3,5,11,13,137, 20607
George_Stevens, 1904-12-18, 2,2,2,2,2,2,11,3433, 18128.53846
Golda_Meir, 1898-05-03, 2,2,3,3,7,11,13,67, 72860.85507
Jean_le_Rond_d'Alembert, 1717-11-16, 2,2,5,5,5,7,11,61, 29662.67347
John_Philip_Sousa, 1854-11-06, 2,2,2,2,2,2,11,3407, 70618.03704
Jonás_Gutiérrez, 1983-07-05, 2,2,2,2,5,7,11,397, 32791.46875
Luis_Buñuel, 1900-02-22, 2,2,2,2,2,3,11,2287, 102266.6909
Nihat_Kahveci, 1979-11-23, 2,2,2,5,5,11,11,101, 44361.38095
Predrag_Mijatović, 1969-01-19, 2,2,2,2,5,11,47,59, 37965.09677
Priyanka_Chopra, 1982-07-18, 2,2,2,2,3,11,11,421, 275068.898
Ramzan_Kadyrov, 1976-10-05, 2,2,2,2,3,7,11,661, 59848.20588
Sarah_Palin, 1964-02-11, 2,2,3,7,7,11,13,29, 423057.2857
Tite_Kubo, 1977-06-26, 2,2,2,3,3,5,11,617, 100239.7857
William_Faulkner, 1897-09-25, 2,2,2,2,11,11,29,43, 97529.07792
Zheng_Jie, 1983-07-05, 2,2,2,2,5,7,11,397, 20622
