Alicia_Silverstone, 1976-10-04, 2443056, 2,2,2,2,3,7,11,661, 0, 0, 265780.2703
Cameron_Diaz, 1972-08-30, 2441560, 2,2,2,5,11,31,179, 0, 0, 442533.4559
Carmen_Electra, 1972-04-20, 2441428, 2,2,11,55487, 0, 0, 345729.3095
Che_Guevara, 1928-06-14, 2425412, 2,2,11,199,277, 0, 0, 425557.124
Chris_Jericho, 1970-11-09, 2440900, 2,2,5,5,7,11,317, 0, 0, 424251.5
Cillian_Murphy, 1976-05-25, 2442924, 2,2,3,3,11,31,199, 0, 0, 270884.6316
Gackt, 1973-07-04, 2441868, 2,2,3,11,13,1423, 0, 0, 304094.2857
Helena_Bonham_Carter, 1966-05-26, 2439272, 2,2,2,11,53,523, 0, 0, 499967.7872
Henry_VIII_of_England, 1491-06-28, 2265824, 2,2,2,2,2,11,41,157, 0, 0, 631188.4286
Jay_Chou, 1979-01-18, 2443892, 2,2,11,67,829, 0, 0, 316711.2963
Jennifer_Hudson, 1981-09-12, 2444860, 2,2,5,11,11113, 0, 0, 305279.4872
Josh_Hutcherson, 1992-10-12, 2448908, 2,2,7,11,7951, 0, 0, 583363.4412
Kaley_Cuoco, 1985-11-30, 2446400, 2,2,2,2,2,2,5,5,11,139, 0, 0, 965585.4
Keith_Moon, 1946-08-23, 2432056, 2,2,2,11,29,953, 0, 0, 253604.069
Lisa_Marie_Presley, 1968-02-01, 2439888, 2,2,2,2,3,11,4621, 0, 0, 424263.2857
Salvador_Dalí, 1904-05-11, 2416612, 2,2,11,11,4993, 0, 0, 307234.4754
Sean_Bean, 1959-04-17, 2436676, 2,2,11,79,701, 0, 0, 371673.8462
Shawn_Michaels, 1965-07-22, 2438964, 2,2,3,3,3,11,2053, 0, 0, 554633.9706
T.I., 1980-09-25, 2444508, 2,2,3,3,11,6173, 0, 0, 627045.1111
Tom_Hanks, 1956-07-09, 2435664, 2,2,2,2,3,7,11,659, 0, 0, 405936.5769
Usain_Bolt, 1986-08-21, 2446664, 2,2,2,11,27803, 0, 0, 329042.5176
