Antonio_Machado, 1875-07-26, 2406096, 2,2,2,2,3,3,7,7,11,31, 0, 0, 140250.9032
Archduke_Charles,_Duke_of_Teschen, 1771-09-05, 2368152, 2,2,2,3,3,31,1061, 0, 0, 13410.2069
Carl_Jung, 1875-07-26, 2406096, 2,2,2,2,3,3,7,7,11,31, 0, 0, 224846.8472
Elias_James_Corey, 1928-07-12, 2425440, 2,2,2,2,2,3,5,31,163, 0, 0, 12611.68571
Ezer_Weizman, 1924-06-15, 2423952, 2,2,2,2,3,3,3,31,181, 0, 0, 19709.64516
Hayden_Panettiere, 1989-08-21, 2447760, 2,2,2,2,3,5,7,31,47, 0, 0, 537846.0213
Katie_Leung, 1987-08-08, 2447016, 2,2,2,3,11,13,23,31, 0, 0, 82028.83871
Norman_Schwarzkopf,_Jr., 1934-08-22, 2427672, 2,2,2,3,13,31,251, 0, 0, 21450.0303
Percival_Lowell, 1855-03-13, 2398656, 2,2,2,2,2,2,3,13,31,31, 0, 0, 19600
Sarah_Wayne_Callies, 1977-06-01, 2443296, 2,2,2,2,2,3,31,821, 0, 0, 179185.5128
