Amedeo_Avogadro, 1776-08-09, 2369952, 2,2,2,2,2,3,3,3,13,211, 0, 0, 35850.27941
Antonio_José_de_Sucre, 1795-02-03, 2376704, 2,2,2,2,2,2,2,2,2,2,11,211, 0, 0, 71808.4
Anwar_Ibrahim, 1947-08-10, 2432408, 2,2,2,11,131,211, 0, 0, 64400.42308
Eduardo_Galeano, 1940-09-03, 2429876, 2,2,211,2879, 0, 0, 97665.58065
Eero_Saarinen, 1910-08-20, 2418904, 2,2,2,211,1433, 0, 0, 59952.15625
Fyodor_Tolbukhin, 1894-06-16, 2412996, 2,2,3,211,953, 0, 0, 7678.464286
Giuliano_Amato, 1938-05-13, 2429032, 2,2,2,211,1439, 0, 0, 26093.68421
Henri_Bergson, 1859-10-18, 2400336, 2,2,2,2,3,3,79,211, 0, 0, 51914.44286
Ian_Anderson, 1947-08-10, 2432408, 2,2,2,11,131,211, 0, 0, 60668.76923
Ivan_Shishkin, 1832-01-25, 2390208, 2,2,2,2,2,2,3,59,211, 0, 0, 13680.21053
Johanna_Spyri, 1827-06-12, 2388520, 2,2,2,5,211,283, 0, 0, 23876.64706
John_VI_of_Portugal, 1767-05-13, 2366576, 2,2,2,2,211,701, 0, 0, 44370.15152
Manu_Chao, 1961-06-21, 2437472, 2,2,2,2,2,19,19,211, 0, 0, 214663
Oskar_Schindler, 1908-04-28, 2418060, 2,2,3,5,191,211, 0, 0, 259355.0392
Pablo_Escobar, 1949-12-01, 2433252, 2,2,3,31,31,211, 0, 0, 596928.3953
Philip_Noel-Baker,_Baron_Noel-Baker, 1889-11-01, 2411308, 2,2,211,2857, 0, 0, 6437.029412
Robert_Enke, 1977-08-24, 2443380, 2,2,3,5,193,211, 0, 0, 128502.025
Sebastián_Piñera, 1949-12-01, 2433252, 2,2,3,31,31,211, 0, 0, 48829.67857
Émile_Loubet, 1838-12-31, 2392740, 2,2,3,3,3,3,5,7,211, 0, 0, 15937.38462
