Abbas_II_of_Egypt, 1874-07-14, 2405719, 101,23819, 0, 0, 15444.48276
André_Rieu, 1949-10-01, 2433191, 101,24091, 0, 0, 141996.8846
Costas_Simitis, 1936-06-23, 2428343, 101,24043, 0, 0, 11145.64516
Dennis_Rodman, 1961-05-13, 2437433, 101,24133, 0, 0, 325682
Fernando_Lugo, 1951-05-30, 2433797, 101,24097, 0, 0, 31118.72917
Georg_von_Békésy, 1899-06-03, 2414809, 101,23909, 0, 0, 8856.060606
Hagen_Kleinert, 1941-06-15, 2430161, 101,24061, 0, 0, 4639.703704
Ibrahim_Afellay, 1986-04-02, 2446523, 101,24223, 0, 0, 126117.1064
Irving_Berlin, 1888-05-11, 2410769, 101,23869, 0, 0, 65201.76923
James_Macpherson, 1736-10-27, 2355421, 101,23321, 0, 0, 13686.15385
Nebojša_Radmanović, 1949-10-01, 2433191, 101,24091, 0, 0, 9034.538462
Richard_Bach, 1936-06-23, 2428343, 101,24043, 0, 0, 65952.59375
Robert_Koren, 1980-09-20, 2444503, 101,24203, 0, 0, 14993.23333
Salvatore_Quasimodo, 1901-08-20, 2415617, 101,23917, 0, 0, 27612.78333
Stefanía_Fernández, 1990-09-04, 2448139, 101,24239, 0, 0, 56507.88889
Timothy_Dalton, 1944-03-21, 2431171, 101,24071, 0, 0, 207211.2927
Viktor_Tsoi, 1962-06-21, 2437837, 101,24137, 0, 0, 23054.38462
