Amerigo_Vespucci, 1454-03-09, 2252199, 3,101,7433, 0, 0, 121999.9697
Arda_Turan, 1987-01-30, 2446826, 2,101,12113, 0, 0, 123174.4595
Carlos_Filipe_Ximenes_Belo, 1948-02-03, 2432585, 5,101,4817, 0, 0, 9715.472222
Cosimo_I_de'_Medici,_Grand_Duke_of_Tuscany, 1519-06-12, 2276035, 5,101,4507, 0, 0, 14392.45455
Günther_von_Kluge, 1882-10-30, 2408749, 7,101,3407, 0, 0, 42546.9375
Henning_Mankell, 1948-02-03, 2432585, 5,101,4817, 0, 0, 91384.29412
John_Jay, 1745-12-12, 2358754, 2,101,11677, 0, 0, 66359.71429
Lucas_Barrios, 1984-11-13, 2446018, 2,101,12109, 0, 0, 113493.7037
Randy_Pausch, 1960-10-23, 2437231, 59,101,409, 0, 0, 175542.1923
Rosalynn_Carter, 1927-08-18, 2425111, 13,101,1847, 0, 0, 52285.78125
Ruslan_Rotan, 1981-10-29, 2444907, 3,101,8069, 0, 0, 6337.888889
