André_Rieu, 1949-10-01, 2433191, 101,24091, 0, 0, 141996.8846
Bruce_Dickinson, 1958-08-07, 2436423, 3,11,17,43,101, 0, 0, 211911.225
Charlton_Heston, 1923-10-04, 2423697, 3,19,101,421, 0, 0, 171759.6935
Dennis_Rodman, 1961-05-13, 2437433, 101,24133, 0, 0, 325682
Eliza_Dushku, 1980-12-30, 2444604, 2,2,3,101,2017, 0, 0, 346259.7273
Halle_Berry, 1966-08-14, 2439352, 2,2,2,101,3019, 0, 0, 316650.2923
Hugo_Weaving, 1960-04-04, 2437029, 3,3,7,101,383, 0, 0, 251301.1463
Ichiro_Suzuki, 1973-10-22, 2441978, 2,7,11,101,157, 0, 0, 296709.6
Jack_Nicholson, 1937-04-22, 2428646, 2,11,101,1093, 0, 0, 310750.2692
James_Cromwell, 1940-01-27, 2429656, 2,2,2,31,97,101, 0, 0, 172301.1538
Jane_Lynch, 1960-07-14, 2437130, 2,5,19,101,127, 0, 0, 388854.2414
LeAnn_Rimes, 1982-08-28, 2445210, 2,3,3,5,101,269, 0, 0, 226345.3704
Lee_Harvey_Oswald, 1939-10-18, 2429555, 5,17,101,283, 0, 0, 273467.78
Linda_McCartney, 1941-09-24, 2430262, 2,53,101,227, 0, 0, 168714.4815
Lisa_Kudrow, 1963-07-30, 2438241, 3,13,101,619, 0, 0, 241683.2609
Meryl_Streep, 1949-06-22, 2433090, 2,3,5,11,73,101, 0, 0, 325459.9481
Randy_Pausch, 1960-10-23, 2437231, 59,101,409, 0, 0, 175542.1923
Spike_Lee, 1957-03-20, 2435918, 2,31,101,389, 0, 0, 285770.2727
Timothy_Dalton, 1944-03-21, 2431171, 101,24071, 0, 0, 207211.2927
Usher_(singer), 1978-10-14, 2443796, 2,2,23,101,263, 0, 0, 152092.8627
Vincent_Cassel, 1966-11-23, 2439453, 3,83,97,101, 0, 0, 253333.3784
