Ahmed_Zewail, 1946-02-26, 2431878, 2,3,101,4013, 0, 0, 44933.68182
Alvin_E._Roth, 1951-12-18, 2433999, 3,29,101,277, 0, 0, 10250.2
Charlton_Heston, 1923-10-04, 2423697, 3,19,101,421, 0, 0, 171759.6935
Evangelista_Torricelli, 1608-10-15, 2308658, 2,11,101,1039, 0, 0, 46821.10526
Frederick_William,_Elector_of_Brandenburg, 1620-02-16, 2312799, 3,17,101,449, 0, 0, 4959.911765
Gaston_Bachelard, 1884-06-27, 2409355, 5,13,101,367, 0, 0, 47081.90323
Jack_Nicholson, 1937-04-22, 2428646, 2,11,101,1093, 0, 0, 310750.2692
John_Entwistle, 1944-10-09, 2431373, 7,19,101,181, 0, 0, 131610.8148
John_Fowles, 1926-03-31, 2424606, 2,3,101,4001, 0, 0, 26159.25714
John_Glenn, 1921-07-18, 2422889, 7,23,101,149, 0, 0, 100013.093
Lee_Harvey_Oswald, 1939-10-18, 2429555, 5,17,101,283, 0, 0, 273467.78
Linda_McCartney, 1941-09-24, 2430262, 2,53,101,227, 0, 0, 168714.4815
Lisa_Kudrow, 1963-07-30, 2438241, 3,13,101,619, 0, 0, 241683.2609
László_Sólyom, 1942-01-03, 2430363, 3,13,101,617, 0, 0, 11177.83333
Robert_Altman, 1925-02-20, 2424202, 2,11,101,1091, 0, 0, 61858.37209
Robert_E._Howard, 1906-01-22, 2417233, 7,13,101,263, 0, 0, 65891.94118
Robert_Robinson_(organic_chemist), 1886-09-13, 2410163, 7,7,101,487, 0, 0, 4549
Spike_Lee, 1957-03-20, 2435918, 2,31,101,389, 0, 0, 285770.2727
Theodor_Schwann, 1810-12-07, 2382489, 3,3,101,2621, 0, 0, 47614.51351
Vincent_Cassel, 1966-11-23, 2439453, 3,83,97,101, 0, 0, 253333.3784
