Abdülmecid_II, 1868-05-30, 2403483, 3,37,59,367, 0, 0, 26320.72973
Alexander_Calder, 1898-07-22, 2414493, 3,3,17,43,367, 0, 0, 166234.6579
Alexander_I_of_Russia, 1777-12-23, 2370453, 3,367,2153, 0, 0, 88048.32203
Hayley_Williams, 1988-12-27, 2447523, 3,3,3,13,19,367, 0, 0, 459394.0833
Hongwu_Emperor, 1328-10-21, 2206404, 2,2,3,3,167,367, 0, 0, 246512
John_Mott, 1865-05-25, 2402382, 2,3,367,1091, 0, 0, 6749.625
Peter_Sellers, 1925-09-08, 2424402, 2,3,3,367,367, 0, 0, 162570.4468
Pierre_Curie, 1859-05-15, 2400180, 2,2,3,5,109,367, 0, 0, 40708.56962
Pieter_Zeeman, 1865-05-25, 2402382, 2,3,367,1091, 0, 0, 8312.0625
Robert_Patrick, 1958-11-05, 2436513, 3,367,2213, 0, 0, 170822.7333
