Alfredo_Palacio, 1939-01-22, 2429286, 2,3,67,6043, 0, 0, 11862.55556
Avicii, 1989-09-08, 2447778, 2,3,67,6089, 0, 0, 456361.2593
Bernard_Montgomery,_1st_Viscount_Montgomery_of_Alamein, 1887-11-17, 2410593, 3,67,67,179, 0, 0, 38547.23529
Clark_Gable, 1901-02-01, 2415417, 3,61,67,197, 0, 0, 182093.9828
Damon_Albarn, 1968-03-23, 2439939, 3,61,67,199, 0, 0, 235849.7
Daniel_Auteuil, 1950-01-24, 2433306, 2,3,67,6053, 0, 0, 86147.68966
Enver_Hoxha, 1908-10-16, 2418231, 3,53,67,227, 0, 0, 60138.5
Eros_Ramazzotti, 1963-10-28, 2438331, 3,7,67,1733, 0, 0, 152322.3902
Fernando_Hierro, 1968-03-23, 2439939, 3,61,67,199, 0, 0, 60850.91429
Homare_Sawa, 1978-09-06, 2443758, 2,3,67,6079, 0, 0, 94129.65385
Igor_Smirnov, 1941-10-23, 2430291, 3,67,107,113, 0, 0, 11104.26923
Raoul_Dufy, 1877-06-03, 2406774, 2,3,67,5987, 0, 0, 31414.48276
Robert_Mitchum, 1917-08-06, 2421447, 3,7,67,1721, 0, 0, 132434.775
Siphiwe_Tshabalala, 1984-09-25, 2445969, 3,43,67,283, 0, 0, 29740.03125
