Andrew_Garfield, 1983-08-20, 2445567, 3,23,23,23,67, 0, 0, 143083.2816
Anna_Kournikova, 1981-06-07, 2444763, 3,67,12163, 0, 0, 157460.0179
Aristotle_Onassis, 1906-01-15, 2417226, 2,3,7,67,859, 0, 0, 138229.5111
Avicii, 1989-09-08, 2447778, 2,3,67,6089, 0, 0, 456361.2593
Clark_Gable, 1901-02-01, 2415417, 3,61,67,197, 0, 0, 182093.9828
Damon_Albarn, 1968-03-23, 2439939, 3,61,67,199, 0, 0, 235849.7
Daniel_Auteuil, 1950-01-24, 2433306, 2,3,67,6053, 0, 0, 86147.68966
Ed_Westwick, 1987-06-27, 2446974, 2,3,3,67,2029, 0, 0, 406406.7778
Eros_Ramazzotti, 1963-10-28, 2438331, 3,7,67,1733, 0, 0, 152322.3902
Fabio_Quagliarella, 1983-01-31, 2445366, 2,3,7,11,67,79, 0, 0, 78678.25
Frank_Sinatra, 1915-12-12, 2420844, 2,2,3,67,3011, 0, 0, 370111.1486
Gene_Kelly, 1912-08-23, 2419638, 2,3,13,67,463, 0, 0, 139890.4043
Helmut_Kohl, 1930-04-03, 2426070, 2,3,5,17,67,71, 0, 0, 88218.78462
Homare_Sawa, 1978-09-06, 2443758, 2,3,67,6079, 0, 0, 94129.65385
Jimmy_Carter, 1924-10-01, 2424060, 2,2,3,3,3,5,67,67, 0, 0, 201643.7596
John_Bonham, 1948-05-31, 2432703, 3,7,7,13,19,67, 0, 0, 198457.2791
Louis_XV_of_France, 1710-02-15, 2345670, 2,3,3,5,67,389, 0, 0, 125024.9167
Mario_Andretti, 1940-02-28, 2429688, 2,2,2,3,67,1511, 0, 0, 63808.81818
Robert_Mitchum, 1917-08-06, 2421447, 3,7,67,1721, 0, 0, 132434.775
W._H._Auden, 1907-02-21, 2417628, 2,2,3,31,67,97, 0, 0, 68436
Wayne_Gretzky, 1961-01-26, 2437326, 2,3,3,43,47,67, 0, 0, 307944.697
