Alexios_II_Komnenos, 1169-09-10, 2148288, 2,2,2,2,2,2,3,67,167, 0, 0, 9262.935484
Alpha_Oumar_Konaré, 1946-02-02, 2431854, 2,3,3,167,809, 0, 0, 7925.607143
Blake_Clark, 1946-02-02, 2431854, 2,3,3,167,809, 0, 0, 37560
Caroline,_Princess_of_Hanover, 1957-01-23, 2435862, 2,3,11,13,17,167, 0, 0, 103893.1
Dennis_Tito, 1940-08-08, 2429850, 2,3,5,5,97,167, 0, 0, 28665.6
Elizabeth_Barrett_Browning, 1806-03-06, 2380752, 2,2,2,2,3,3,3,3,11,167, 0, 0, 52032.55556
Henry_Taube, 1915-11-30, 2420832, 2,2,2,2,2,3,151,167, 0, 0, 7692.909091
Hongwu_Emperor, 1328-10-21, 2206404, 2,2,3,3,167,367, 0, 0, 246512
Jean_Jaurès, 1859-09-03, 2400291, 3,3,167,1597, 0, 0, 52019.28947
LL_Cool_J, 1968-01-14, 2439870, 2,3,5,167,487, 0, 0, 379192.4
Maya_Angelou, 1928-04-04, 2425341, 3,47,103,167, 0, 0, 211057.7692
Samora_Machel, 1933-09-29, 2427345, 3,3,5,17,19,167, 0, 0, 32086.21875
