Albert_Fert, 1938-03-07, 2428965, 3,3,5,7,11,701, 0, 0, 13182.95652
Alexander_Suvorov, 1730-11-24, 2353257, 3,3,373,701, 0, 0, 30826.56818
David_Baltimore, 1938-03-07, 2428965, 3,3,5,7,11,701, 0, 0, 15832.47059
Ilya_Prigogine, 1917-01-25, 2421254, 2,11,157,701, 0, 0, 21091.11364
John_VI_of_Portugal, 1767-05-13, 2366576, 2,2,2,2,211,701, 0, 0, 44370.15152
Juan_Mónaco, 1984-03-29, 2445789, 3,701,1163, 0, 0, 23831.5
Lucas_Papademos, 1947-10-11, 2432470, 2,5,347,701, 0, 0, 16867.3
Michael_Jordan, 1963-02-17, 2438078, 2,37,47,701, 0, 0, 665054.5733
Mohamed_Bouazizi, 1984-03-29, 2445789, 3,701,1163, 0, 0, 59851.88889
Sean_Bean, 1959-04-17, 2436676, 2,2,11,79,701, 0, 0, 371673.8462
Tera_Patrick, 1976-07-25, 2442985, 5,17,41,701, 0, 0, 372297.8485
