50_Cent, 1975-07-06, 2442600, 2,2,2,3,3,5,5,23,59, 0, 0, 632055.6716
Alexander_Stepanovich_Popov, 1859-03-16, 2400120, 2,2,2,3,3,5,59,113, 0, 0, 14746.34286
Ashley_Greene, 1987-02-21, 2446848, 2,2,2,2,2,2,2,2,2,3,3,3,3,59, 0, 0, 445138.6857
Ellen_Page, 1987-02-21, 2446848, 2,2,2,2,2,2,2,2,2,3,3,3,3,59, 0, 0, 452879.2553
Emilia_Plater, 1806-11-13, 2381004, 2,2,3,3,19,59,59, 0, 0, 22150.2069
Justin_Long, 1978-06-02, 2443662, 2,3,3,3,13,59,59, 0, 0, 350527.7037
Józef_Piłsudski, 1867-12-05, 2403306, 2,3,3,31,59,73, 0, 0, 136777.2642
Peter_Schmeichel, 1963-11-18, 2438352, 2,2,2,2,3,3,7,41,59, 0, 0, 109452.093
Ravi_Shankar, 1920-04-07, 2422422, 2,3,3,59,2281, 0, 0, 87762.29508
Yi_So-yeon, 1978-06-02, 2443662, 2,3,3,3,13,59,59, 0, 0, 7731.333333
