Ahmed_Shafik, 1941-11-25, 2,2,3,3,3,3,13,577, 40889
Andrey_Kolmogorov, 1903-04-25, 2,3,3,3,3,5,19,157, 21115
Avraam_Papadopoulos, 1984-12-03, 2,3,3,3,3,3,7,719, 12825.24138
Edith_Stein, 1891-10-12, 2,3,3,3,3,3,7,709, 52454.79487
Ian_Curtis, 1956-07-15, 2,3,3,3,3,5,31,97, 209369.3429
Joe_Satriani, 1956-07-15, 2,3,3,3,3,5,31,97, 240564.2703
José_Ortega_y_Gasset, 1883-05-09, 2,2,3,3,3,3,5,1487, 75256.16667
Marie_de_Rabutin-Chantal,_marquise_de_Sévigné, 1626-02-05, 2,2,3,3,3,3,5,1429, 6861.346154
Matthew_McConaughey, 1969-11-04, 2,3,3,3,3,5,23,131, 413178.9167
Sean_Combs, 1969-11-04, 2,3,3,3,3,5,23,131, 492898.4412
Seretse_Khama, 1921-07-01, 2,2,2,3,3,3,3,3739, 10959.12121
Shirley_Bassey, 1937-01-08, 2,3,3,3,3,3,19,263, 131828.2258
