David_Hilbert, 1862-01-23, 2401164, 2,2,3,3,3,3,7411, 0, 0, 40647.29577
Emmy_Rossum, 1986-09-12, 2446686, 2,3,3,3,3,11,1373, 0, 0, 112408.7381
Frank_Rijkaard, 1962-09-30, 2437938, 2,3,3,3,3,101,149, 0, 0, 110788.4286
Giovani_dos_Santos, 1989-05-11, 2447658, 2,3,3,3,3,29,521, 0, 0, 181366.0541
Hans_Fallada, 1893-07-21, 2412666, 2,3,3,3,3,53,281, 0, 0, 33409.66667
Leo_Franco, 1977-05-20, 2443284, 2,2,3,3,3,3,7541, 0, 0, 27623.28571
Peter_O'Toole, 1932-08-02, 2426922, 2,3,3,3,3,71,211, 0, 0, 162080.3778
Pina_Bausch, 1940-07-27, 2429838, 2,3,3,3,3,53,283, 0, 0, 97821.23333
Pope_Clement_XII, 1652-04-07, 2324538, 2,3,3,3,3,3,4783, 0, 0, 14931.91071
Yuto_Nagatomo, 1986-09-12, 2446686, 2,3,3,3,3,11,1373, 0, 0, 197370.2308
