Antonios_Nikopolidis, 1971-01-14, 2,11,181,613, 20607.32258
Armin_van_Buuren, 1976-12-25, 2,17,181,397, 168300.8605
Buffalo_Bill, 1846-02-26, 2,13,181,509, 145263.0278
David_Ben-Gurion, 1886-10-16, 2,2,181,3329, 52114.86076
Gino_Bartali, 1914-07-18, 2,2,181,3343, 29833.66667
Henry_VI_of_England, 1421-12-06, 2,3,181,2063, 77384.98077
Jan_Ceulemans, 1957-02-28, 2,3,181,2243, 17127.28571
John_Turturro, 1957-02-28, 2,3,181,2243, 185145.2903
Katlego_Mphela, 1984-11-29, 2,29,181,233, 12216
Kyle_MacLachlan, 1959-02-22, 2,53,127,181, 141768.6176
Marian_Rejewski, 1905-08-16, 2,11,181,607, 19226.28571
Tuomas_Holopainen, 1976-12-25, 2,17,181,397, 61918.6129
