Alicia_Silverstone, 1976-10-04, 2443056, 2,2,2,2,3,7,11,661, 0, 0, 265780.2703
Antonio_Machado, 1875-07-26, 2406096, 2,2,2,2,3,3,7,7,11,31, 0, 0, 140250.9032
Carl_Jung, 1875-07-26, 2406096, 2,2,2,2,3,3,7,7,11,31, 0, 0, 224846.8472
Emílio_Garrastazu_Médici, 1905-12-04, 2417184, 2,2,2,2,2,3,3,7,11,109, 0, 0, 32923.38462
Enrico_Berlinguer, 1922-05-15, 2423190, 2,3,5,7,11,1049, 0, 0, 252491.1852
Fabio_Quagliarella, 1983-01-31, 2445366, 2,3,7,11,67,79, 0, 0, 78678.25
Gabrielle_Giffords, 1970-06-08, 2440746, 2,3,3,3,7,11,587, 0, 0, 131759.1892
Gennaro_Gattuso, 1978-01-09, 2443518, 2,3,3,7,11,41,43, 0, 0, 116553.5
Goran_Ivanišević, 1971-09-13, 2441208, 2,2,2,3,7,11,1321, 0, 0, 58302.22222
Josef_Albers, 1888-03-19, 2410716, 2,2,3,7,11,2609, 0, 0, 43066.96154
Keke_Rosberg, 1948-12-06, 2432892, 2,2,3,7,11,2633, 0, 0, 51518.06452
Luigi_Galvani, 1737-09-09, 2355738, 2,3,7,11,5099, 0, 0, 44220.95745
Mauro_Camoranesi, 1976-10-04, 2443056, 2,2,2,2,3,7,11,661, 0, 0, 73479.61538
Nani, 1986-11-17, 2446752, 2,2,2,2,2,3,7,11,331, 0, 0, 104851.4464
Pierre_Bayle, 1647-11-18, 2322936, 2,2,2,3,3,7,11,419, 0, 0, 19016.25
Ralf_Schumacher, 1975-06-30, 2442594, 2,3,7,11,17,311, 0, 0, 58244.29268
Richard_Clayderman, 1953-12-28, 2434740, 2,2,3,5,7,11,17,31, 0, 0, 82192.22581
Robert_Koch, 1843-12-11, 2394546, 2,3,7,11,71,73, 0, 0, 56331.39506
Tom_Hanks, 1956-07-09, 2435664, 2,2,2,2,3,7,11,659, 0, 0, 405936.5769
Trent_Reznor, 1965-05-17, 2438898, 2,3,7,11,5279, 0, 0, 224082.3871
William_H._Macy, 1950-03-13, 2433354, 2,3,7,11,23,229, 0, 0, 161777.1
