Alois_Senefelder, 1771-11-06, 2368214, 2,31,38197, 0, 0, 11719.65385
Andrija_Mohorovičić, 1857-01-23, 2399338, 2,31,38699, 0, 0, 11072.19355
Aung_San, 1915-02-13, 2420542, 2,31,39041, 0, 0, 37665.59375
Beau_Bridges, 1941-12-09, 2430338, 2,31,39199, 0, 0, 131047.3077
Charles_II_of_Spain, 1661-11-06, 2328038, 2,31,37549, 0, 0, 82450.02
Edward_Furlong, 1977-08-02, 2443358, 2,31,39409, 0, 0, 298590.7037
Hans_Christian_Ørsted, 1777-08-14, 2370322, 2,31,38231, 0, 0, 91025.20896
Harper_Lee, 1926-04-28, 2424634, 2,31,39107, 0, 0, 121429.7955
Jakaya_Kikwete, 1950-10-07, 2433562, 2,31,39251, 0, 0, 17552.65714
Michael_Sheen, 1969-02-05, 2440258, 2,31,39359, 0, 0, 531671.4815
Paul_Nurse, 1949-01-25, 2432942, 2,31,39241, 0, 0, 14883.9375
Ray_Allen, 1975-07-20, 2442614, 2,31,39397, 0, 0, 240334.5455
Ted_Turner, 1938-11-19, 2429222, 2,31,39181, 0, 0, 160532.9394
