Arthur_Schopenhauer, 1788-02-22, 2,31,149,257, 147123.7975
Brandy_Norwood, 1979-02-11, 2,2,31,19709, 238251.8065
DJ_Shadow, 1972-06-29, 2,31,53,743, 87437.96154
Dana_Delany, 1956-03-13, 2,31,163,241, 171397.6667
Diane_Keaton, 1946-01-05, 2,31,61,643, 190583.1224
Eric_Saade, 1990-10-29, 2,7,31,5641, 73252.54545
Ernest_Rutherford, 1871-08-30, 2,5,31,7757, 95994.26804
Haddaway, 1965-01-09, 2,5,31,7867, 72681.77778
Helen_Keller, 1880-06-27, 2,31,71,547, 237778.7143
Henry_Wadsworth_Longfellow, 1807-02-27, 2,5,31,7681, 64208.7561
James_Earl_Ray, 1928-03-10, 2,2,31,19559, 173679
Juan_Pablo_Montoya, 1975-09-20, 2,2,31,19699, 73146.1
Kublai_Khan, 1215-09-23, 2,31,47,743, 74562.30435
Lee_Strasberg, 1901-11-17, 2,31,47,829, 86422.85714
Queen_Silvia_of_Sweden, 1943-12-23, 2,31,113,347, 66347.22222
Roland_Emmerich, 1955-11-10, 2,11,31,3571, 109079.7619
Samantha_Smith, 1972-06-29, 2,31,53,743, 52726.42424
Santiago_Bernabéu_Yeste, 1895-08-06, 2,2,31,19463, 43065.96774
Simone_Signoret, 1921-03-25, 2,23,31,1699, 54136.02564
Spike_Lee, 1957-03-20, 2,31,101,389, 285770.2727
Tina_Turner, 1939-11-26, 2,31,149,263, 326136.8364
