Alberto_Gilardino, 1982-07-05, 2,2,3,3,7,31,313, 71737.77778
Archduke_Charles,_Duke_of_Teschen, 1771-09-05, 2,2,2,3,3,31,1061, 13410.2069
Cameron_Diaz, 1972-08-30, 2,2,2,5,11,31,179, 442533.4559
Carlos_Castaneda, 1925-12-25, 2,3,3,5,11,31,79, 114968.2286
Cillian_Murphy, 1976-05-25, 2,2,3,3,11,31,199, 270884.6316
David_Dacko, 1930-03-24, 2,2,5,7,13,31,43, 9224.965517
Dmitry_Medvedev, 1965-09-14, 2,3,3,3,31,31,47, 79416.62385
Frank_Lloyd, 1886-02-02, 2,2,5,13,13,23,31, 8627.111111
Friedrich_Wilhelm_Joseph_Schelling, 1775-01-27, 2,2,2,2,17,31,281, 35759.17778
Janet_Leigh, 1927-07-06, 2,2,3,3,31,41,53, 136405.1429
Nick_Cave, 1957-09-22, 2,2,2,11,19,31,47, 181472.9737
Norman_Schwarzkopf,_Jr., 1934-08-22, 2,2,2,3,13,31,251, 21450.0303
Pavel_Nedvěd, 1972-08-30, 2,2,2,5,11,31,179, 102004.7872
Philippe_Gilbert, 1982-07-05, 2,2,3,3,7,31,313, 19211
Steve_McQueen, 1930-03-24, 2,2,5,7,13,31,43, 281928.4259
Thornton_Wilder, 1897-04-17, 2,2,2,2,31,31,157, 33268.89655
İsmet_İnönü, 1884-09-24, 2,2,3,3,17,31,127, 51190.11364
Željko_Ražnatović, 1952-04-17, 2,2,2,5,13,31,151, 66580.33333
