Brandy_Norwood, 1979-02-11, 2443916, 2,2,31,19709, 0, 0, 238251.8065
Cameron_Diaz, 1972-08-30, 2441560, 2,2,2,5,11,31,179, 0, 0, 442533.4559
Camilla_Belle, 1986-10-02, 2446706, 2,19,31,31,67, 0, 0, 411086
Carl_Jung, 1875-07-26, 2406096, 2,2,2,2,3,3,7,7,11,31, 0, 0, 224846.8472
Carrie_Underwood, 1983-03-10, 2445404, 2,2,13,31,37,41, 0, 0, 377294.7429
Cillian_Murphy, 1976-05-25, 2442924, 2,2,3,3,11,31,199, 0, 0, 270884.6316
Edward_Furlong, 1977-08-02, 2443358, 2,31,39409, 0, 0, 298590.7037
Hayden_Panettiere, 1989-08-21, 2447760, 2,2,2,2,3,5,7,31,47, 0, 0, 537846.0213
Helen_Keller, 1880-06-27, 2407894, 2,31,71,547, 0, 0, 237778.7143
James_Spader, 1960-02-07, 2436972, 2,2,3,31,6551, 0, 0, 245452.1429
Jared_Leto, 1971-12-26, 2441312, 2,2,2,2,2,23,31,107, 0, 0, 494313.6596
Jessica_Biel, 1982-03-03, 2445032, 2,2,2,31,9859, 0, 0, 439206.9804
Joe_Satriani, 1956-07-15, 2435670, 2,3,3,3,3,5,31,97, 0, 0, 240564.2703
Mesut_Özil, 1988-10-15, 2447450, 2,5,5,31,1579, 0, 0, 303750.0339
Michael_Sheen, 1969-02-05, 2440258, 2,31,39359, 0, 0, 531671.4815
Pablo_Escobar, 1949-12-01, 2433252, 2,2,3,31,31,211, 0, 0, 596928.3953
Ray_Allen, 1975-07-20, 2442614, 2,31,39397, 0, 0, 240334.5455
Regina_Spektor, 1980-02-18, 2444288, 2,2,2,2,2,2,2,2,2,2,7,11,31, 0, 0, 235701.1071
Spike_Lee, 1957-03-20, 2435918, 2,31,101,389, 0, 0, 285770.2727
Steve_McQueen, 1930-03-24, 2426060, 2,2,5,7,13,31,43, 0, 0, 281928.4259
Tina_Turner, 1939-11-26, 2429594, 2,31,149,263, 0, 0, 326136.8364
