Antônio_Carlos_Jobim, 1927-01-25, 2424906, 2,3,3,11,37,331, 0, 0, 50452.05128
Ben_Foster_(footballer), 1983-04-03, 2445428, 2,2,331,1847, 0, 0, 4977.358974
Birgit_Prinz, 1977-10-25, 2443442, 2,331,3691, 0, 0, 44847.07407
Harold_Wilson, 1916-03-11, 2420934, 2,3,23,53,331, 0, 0, 49131.86538
Henry_II_of_England, 1133-03-05, 2134950, 2,3,5,5,43,331, 0, 0, 106257.6842
Jana_Novotná, 1968-10-02, 2440132, 2,2,19,97,331, 0, 0, 23464.22581
Jean_Vigo, 1905-04-26, 2416962, 2,3,331,1217, 0, 0, 16455.5
Jet_Li, 1963-04-26, 2438146, 2,29,127,331, 0, 0, 420854.8333
Max_Perutz, 1914-05-19, 2420272, 2,2,2,2,331,457, 0, 0, 9967
Mohammad_Reza_Pahlavi, 1919-10-26, 2422258, 2,331,3659, 0, 0, 164198.4035
Nani, 1986-11-17, 2446752, 2,2,2,2,2,3,7,11,331, 0, 0, 104851.4464
Paz_Vega, 1976-01-02, 2442780, 2,2,3,3,5,41,331, 0, 0, 131161.2333
William_Ramsay, 1852-10-02, 2397764, 2,2,331,1811, 0, 0, 12724.43636
