Arnold_Böcklin, 1827-10-16, 2388646, 2,13,13,37,191, 0, 0, 31541.21212
Carrie_Underwood, 1983-03-10, 2445404, 2,2,13,31,37,41, 0, 0, 377294.7429
Chris_Benoit, 1967-05-21, 2439632, 2,2,2,2,13,37,317, 0, 0, 274848.4146
George_Gamow, 1904-03-04, 2416544, 2,2,2,2,2,13,37,157, 0, 0, 25770.94872
Jackson_Pollock, 1912-01-28, 2419430, 2,5,13,37,503, 0, 0, 169089.4557
Karl_Ziegler, 1898-11-26, 2414620, 2,2,5,13,37,251, 0, 0, 7150.789474
Luciano_Pavarotti, 1935-10-12, 2428088, 2,2,2,13,37,631, 0, 0, 123884.7949
Richard_J._Roberts, 1943-09-06, 2430974, 2,7,13,19,19,37, 0, 0, 8287.259259
Roger_Waters, 1943-09-06, 2430974, 2,7,13,19,19,37, 0, 0, 246861.9556
Talia_Shire, 1946-04-25, 2431936, 2,2,2,2,2,2,13,37,79, 0, 0, 208893.3571
Vladimir_Zhirinovsky, 1946-04-25, 2431936, 2,2,2,2,2,2,13,37,79, 0, 0, 22252.21429
