Angela_Gossow, 1974-11-05, 2,2,7,7,17,733, 99346.84615
Antonio_Saca, 1965-03-09, 2,2,7,7,23,541, 13176.03333
Bono, 1960-05-10, 2,2,2,7,7,6217, 233445.2264
Charles_Hermite, 1822-12-24, 2,2,2,7,7,6089, 12147.58621
Dado_Pršo, 1974-11-05, 2,2,7,7,17,733, 31431.25926
Elena_Gheorghe, 1985-07-30, 2,2,7,7,7,1783, 20408.88889
Faye_Dunaway, 1941-01-14, 2,2,2,7,7,6199, 101944.9615
George_Maxwell_Richards, 1931-12-01, 2,2,3,7,7,4127, 10632.46154
Joseph_Heller, 1923-05-01, 2,2,5,7,7,2473, 42332.20588
Kylie_Minogue, 1968-05-28, 2,2,7,7,59,211, 246058.4026
Matthew_Arnold, 1822-12-24, 2,2,2,7,7,6089, 39750.70968
Milan_Kučan, 1941-01-14, 2,2,2,7,7,6199, 8324.833333
Trajan, 0053-09-18, 2,2,7,7,83,107, 87497.51389
William_Harvey, 1578-04-01, 2,2,2,7,7,5861, 48111.08333
