Antonio_Machado, 1875-07-26, 2406096, 2,2,2,2,3,3,7,7,11,31, 0, 0, 140250.9032
Carl_Jung, 1875-07-26, 2406096, 2,2,2,2,3,3,7,7,11,31, 0, 0, 224846.8472
Carole_King, 1942-02-09, 2430400, 2,2,2,2,2,2,5,5,7,7,31, 0, 0, 184115.7037
Ernst_Röhm, 1887-11-28, 2410604, 2,2,7,7,7,7,251, 0, 0, 95777.06818
Evo_Morales, 1959-10-26, 2436868, 2,2,7,7,12433, 0, 0, 59692.09722
Jim_Cummings, 1952-11-03, 2434320, 2,2,2,2,3,3,3,5,7,7,23, 0, 0, 120277.8846
John_Dillinger, 1903-06-22, 2416288, 2,2,2,2,2,7,7,23,67, 0, 0, 521797.3438
Juhi_Chawla, 1967-11-13, 2439808, 2,2,2,2,2,2,2,7,7,389, 0, 0, 128468
Ken_Wilber, 1949-01-31, 2432948, 2,2,7,7,12413, 0, 0, 60695.34615
Kurt_Angle, 1968-12-09, 2440200, 2,2,2,3,5,5,7,7,83, 0, 0, 324973.8889
Larry_Page, 1973-03-26, 2441768, 2,2,2,7,7,6229, 0, 0, 162465.2203
Lynn_Redgrave, 1943-03-08, 2430792, 2,2,2,3,3,7,7,13,53, 0, 0, 75009.74074
Magda_Goebbels, 1901-11-11, 2415700, 2,2,5,5,7,7,17,29, 0, 0, 92763.51724
Michael_C._Hall, 1971-02-01, 2440984, 2,2,2,7,7,13,479, 0, 0, 383879.4571
Neil_Young, 1945-11-12, 2431772, 2,2,7,7,19,653, 0, 0, 321384.093
Paulo_Freire, 1921-09-19, 2422952, 2,2,2,7,7,7,883, 0, 0, 198946.2857
Shavo_Odadjian, 1974-04-22, 2442160, 2,2,2,2,5,7,7,7,89, 0, 0, 87919.96774
Sonia_Gandhi, 1946-12-09, 2432164, 2,2,7,7,12409, 0, 0, 105754.098
Steve_Zahn, 1967-11-13, 2439808, 2,2,2,2,2,2,2,7,7,389, 0, 0, 131170.8966
Steven_Soderbergh, 1963-01-14, 2438044, 2,2,7,7,7,1777, 0, 0, 116971.3111
Zachary_Levi, 1980-09-29, 2444512, 2,2,2,2,2,7,7,1559, 0, 0, 275708.2593
