Aaron_Eckhart, 1968-03-12, 2439928, 2,2,2,37,8243, 0, 0, 204075.0526
Alejandro_Amenábar, 1972-03-31, 2441408, 2,2,2,2,2,2,37,1031, 0, 0, 58675.96667
Barry_Levinson, 1942-04-06, 2430456, 2,2,2,3,7,17,23,37, 0, 0, 47865.37037
Chris_Benoit, 1967-05-21, 2439632, 2,2,2,2,13,37,317, 0, 0, 274848.4146
Cristian_Zaccardo, 1981-12-21, 2444960, 2,2,2,2,2,5,7,37,59, 0, 0, 36038.72414
Erich_Ludendorff, 1865-04-09, 2402336, 2,2,2,2,2,37,2029, 0, 0, 57164.22727
Ernesto_Zedillo, 1951-12-27, 2434008, 2,2,2,3,37,2741, 0, 0, 51673.24138
George_Boole, 1815-11-02, 2384280, 2,2,2,3,3,5,37,179, 0, 0, 36059.67925
Ian_Thorpe, 1982-10-13, 2445256, 2,2,2,11,37,751, 0, 0, 120937.4878
Ja'far_al-Sadiq, 0702-04-23, 1977576, 2,2,2,3,17,37,131, 0, 0, 37563.65517
Jean_Racine, 1639-12-22, 2320048, 2,2,2,2,37,3919, 0, 0, 65617.17241
Jim_Courier, 1970-08-17, 2440816, 2,2,2,2,7,19,31,37, 0, 0, 51740.05714
Joachim_Löw, 1960-02-03, 2436968, 2,2,2,37,8233, 0, 0, 102151.3023
Luciano_Pavarotti, 1935-10-12, 2428088, 2,2,2,13,37,631, 0, 0, 123884.7949
Lucrezia_Borgia, 1480-04-18, 2261736, 2,2,2,3,3,3,37,283, 0, 0, 226326.925
Nikolai_Bukharin, 1888-10-09, 2410920, 2,2,2,3,3,5,37,181, 0, 0, 30570.07895
Patricia_Neal, 1926-01-20, 2424536, 2,2,2,37,8191, 0, 0, 61924.975
Ralph_Nader, 1934-02-27, 2427496, 2,2,2,37,59,139, 0, 0, 133519.2188
Talia_Shire, 1946-04-25, 2431936, 2,2,2,2,2,2,13,37,79, 0, 0, 208893.3571
Ulysses_S._Grant, 1822-04-27, 2386648, 2,2,2,11,37,733, 0, 0, 137247.9545
Umberto_I_of_Italy, 1844-03-14, 2394640, 2,2,2,2,5,37,809, 0, 0, 27709.75556
