Antonio_Machado, 1875-07-26, 2406096, 2,2,2,2,3,3,7,7,11,31, 0, 0, 140250.9032
Borut_Pahor, 1963-11-02, 2438336, 2,2,2,2,2,2,31,1229, 0, 0, 11863.13333
Carl_Jung, 1875-07-26, 2406096, 2,2,2,2,3,3,7,7,11,31, 0, 0, 224846.8472
Carole_King, 1942-02-09, 2430400, 2,2,2,2,2,2,5,5,7,7,31, 0, 0, 184115.7037
Elias_James_Corey, 1928-07-12, 2425440, 2,2,2,2,2,3,5,31,163, 0, 0, 12611.68571
Ezer_Weizman, 1924-06-15, 2423952, 2,2,2,2,3,3,3,31,181, 0, 0, 19709.64516
Friedrich_Wilhelm_Joseph_Schelling, 1775-01-27, 2369392, 2,2,2,2,17,31,281, 0, 0, 35759.17778
Hayden_Panettiere, 1989-08-21, 2447760, 2,2,2,2,3,5,7,31,47, 0, 0, 537846.0213
Jared_Leto, 1971-12-26, 2441312, 2,2,2,2,2,23,31,107, 0, 0, 494313.6596
Jim_Courier, 1970-08-17, 2440816, 2,2,2,2,7,19,31,37, 0, 0, 51740.05714
Manuel_Castells, 1942-02-09, 2430400, 2,2,2,2,2,2,5,5,7,7,31, 0, 0, 58047.26923
Percival_Lowell, 1855-03-13, 2398656, 2,2,2,2,2,2,3,13,31,31, 0, 0, 19600
Regina_Spektor, 1980-02-18, 2444288, 2,2,2,2,2,2,2,2,2,2,7,11,31, 0, 0, 235701.1071
Sarah_Wayne_Callies, 1977-06-01, 2443296, 2,2,2,2,2,3,31,821, 0, 0, 179185.5128
Theo_Angelopoulos, 1935-04-27, 2427920, 2,2,2,2,5,11,31,89, 0, 0, 27522.36842
Thornton_Wilder, 1897-04-17, 2414032, 2,2,2,2,31,31,157, 0, 0, 33268.89655
