Bronisław_Komorowski, 1952-06-04, 2434168, 2,2,2,11,139,199, 0, 0, 41415.27419
Che_Guevara, 1928-06-14, 2425412, 2,2,11,199,277, 0, 0, 425557.124
Cillian_Murphy, 1976-05-25, 2442924, 2,2,3,3,11,31,199, 0, 0, 270884.6316
Ellen_Pompeo, 1969-11-10, 2440536, 2,2,2,3,7,73,199, 0, 0, 252505.697
Frank_McCourt, 1930-08-19, 2426208, 2,2,2,2,2,3,127,199, 0, 0, 65707.65625
Hamit_Altıntop, 1982-12-08, 2445312, 2,2,2,2,2,2,2,2,2,2,2,2,3,199, 0, 0, 95185.09302
Jens_Lehmann, 1969-11-10, 2440536, 2,2,2,3,7,73,199, 0, 0, 61921.83333
Khalifa_bin_Zayed_Al_Nahyan, 1948-01-25, 2432576, 2,2,2,2,2,2,191,199, 0, 0, 68582.34146
Maggie_Smith, 1934-12-28, 2427800, 2,2,2,5,5,61,199, 0, 0, 217273.4681
Nicki_Minaj, 1982-12-08, 2445312, 2,2,2,2,2,2,2,2,2,2,2,2,3,199, 0, 0, 1115701.245
Oskar_Lafontaine, 1943-09-16, 2430984, 2,2,2,3,199,509, 0, 0, 51602.93103
Richard_Adolf_Zsigmondy, 1865-04-01, 2402328, 2,2,2,3,199,503, 0, 0, 7273.540541
Rosie_Huntington-Whiteley, 1987-04-18, 2446904, 2,2,2,29,53,199, 0, 0, 503105.9688
