Angelo_Taylor, 1978-12-29, 2443872, 2,2,2,2,2,3,25457, 0, 0, 10902.92308
Evelyn_Waugh, 1903-10-28, 2416416, 2,2,2,2,2,3,25171, 0, 0, 72776.87879
Fatos_Nano, 1952-09-16, 2434272, 2,2,2,2,2,3,25357, 0, 0, 11475.92308
George_A._Romero, 1940-02-04, 2429664, 2,2,2,2,2,3,25309, 0, 0, 169989.8333
Kieron_Dyer, 1978-12-29, 2443872, 2,2,2,2,2,3,25457, 0, 0, 47721.69231
Léon_Foucault, 1819-09-18, 2385696, 2,2,2,2,2,3,24851, 0, 0, 111946.6098
Mario_Botta, 1943-04-01, 2430816, 2,2,2,2,2,3,25321, 0, 0, 31304.59259
Martin_Lewis_Perl, 1927-06-24, 2425056, 2,2,2,2,2,3,25261, 0, 0, 7911.619048
Mickey_Rourke, 1952-09-16, 2434272, 2,2,2,2,2,3,25357, 0, 0, 443698.7556
Pope_Pius_VIII, 1761-11-20, 2364576, 2,2,2,2,2,3,24631, 0, 0, 16281.59016
Robert_Kovač, 1974-04-06, 2442144, 2,2,2,2,2,3,25439, 0, 0, 21677.53333
Robert_McNamara, 1916-06-09, 2421024, 2,2,2,2,2,3,25219, 0, 0, 111345.3421
