Alan_J._Pakula, 1928-04-07, 2,2,2,2,2,2,2,2,2,3,1579, 23444.07143
Alfred_Hitchcock, 1899-08-13, 2,2,2,2,2,3,3,3,5,13,43, 232167.01
Christian_de_Duve, 1917-10-02, 2,2,2,2,2,2,2,2,3,3,1051, 12009.55882
David_James_(footballer), 1970-08-01, 2,2,2,2,2,3,3,3,5,5,113, 22866.54286
James_Baldwin, 1924-08-02, 2,2,2,2,2,2,3,5,5,5,101, 51519.43333
James_Garner, 1928-04-07, 2,2,2,2,2,2,2,2,2,3,1579, 223019.2414
Johannes_Vermeer, 1632-10-31, 2,2,2,2,2,2,2,3,5,17,71, 130381.7838
Roald_Dahl, 1916-09-13, 2,2,2,2,2,2,2,3,5,13,97, 261161.2745
Wes_Brown, 1979-10-13, 2,2,2,2,2,2,2,3,5,19,67, 42958.46667
Zooey_Deschanel, 1980-01-17, 2,2,2,2,2,3,3,3,3,23,41, 851459.7436
