Carolina_Klüft, 1983-02-02, 2445368, 2,2,2,61,5011, 0, 0, 28876.7
David_Seaman, 1963-09-19, 2438292, 2,2,3,61,3331, 0, 0, 54429.36111
Emmanuel_Eboué, 1983-06-04, 2445490, 2,5,19,61,211, 0, 0, 68044.39474
James_Stirling_(architect), 1926-04-22, 2424628, 2,2,19,61,523, 0, 0, 3148
Jim_Carrey, 1962-01-17, 2437682, 2,13,29,53,61, 0, 0, 489841.2027
John_McCain, 1936-08-29, 2428410, 2,3,5,61,1327, 0, 0, 229144.573
Johnny_Logan_(singer), 1954-05-13, 2434876, 2,2,17,61,587, 0, 0, 22435.03448
Justin_Timberlake, 1981-01-31, 2444636, 2,2,43,61,233, 0, 0, 571333.029
Lily_Tomlin, 1939-09-01, 2429508, 2,2,3,61,3319, 0, 0, 114911.1154
Martin_Evans, 1941-01-01, 2429996, 2,2,23,61,433, 0, 0, 9385.756757
Matt_Stone, 1971-05-26, 2441098, 2,11,17,61,107, 0, 0, 159636.5
Michael_Palin, 1943-05-05, 2430850, 2,5,5,61,797, 0, 0, 119048.5758
Michael_Smith_(chemist), 1932-04-26, 2426824, 2,2,2,61,4973, 0, 0, 2307.72973
Raymond_Chandler, 1888-07-23, 2410842, 2,3,7,61,941, 0, 0, 69268.86957
Richard_R._Schrock, 1945-01-04, 2431460, 2,2,5,61,1993, 0, 0, 6984.027027
Sam_Querrey, 1987-10-07, 2447076, 2,2,3,61,3343, 0, 0, 24105.26923
Sean_Connery, 1930-08-25, 2426214, 2,3,7,61,947, 0, 0, 309066
William_IV_of_the_United_Kingdom, 1765-08-21, 2365946, 2,11,41,43,61, 0, 0, 82184.86207
Yelena_Isinbayeva, 1982-06-03, 2445124, 2,2,11,61,911, 0, 0, 68242.41667
