Diane_Keaton, 1946-01-05, 2431826, 2,31,61,643, 0, 0, 190583.1224
Erich_Hartmann, 1922-04-19, 2423164, 2,2,61,9931, 0, 0, 80212.18421
Ernst_Jünger, 1895-03-29, 2413282, 2,61,131,151, 0, 0, 54124.94118
Eugène_Viollet-le-Duc, 1814-01-27, 2383636, 2,2,61,9769, 0, 0, 38702.25806
Gordon_Banks, 1937-12-30, 2428898, 2,43,61,463, 0, 0, 40407.27778
Hans-Jörg_Butt, 1974-05-28, 2442196, 2,2,61,10009, 0, 0, 44299.17647
Jacob_Grimm, 1785-01-04, 2373022, 2,53,61,367, 0, 0, 30323.37838
Johannes_Heesters, 1903-12-05, 2416454, 2,29,61,683, 0, 0, 66515
Juan_Gris, 1887-03-23, 2410354, 2,23,61,859, 0, 0, 108732.0909
Maureen_O'Hara, 1920-08-17, 2422554, 2,3,61,6619, 0, 0, 123632.8214
Naguib_Mahfouz, 1911-12-11, 2419382, 2,7,61,2833, 0, 0, 43868.74444
Nikolay_Davydenko, 1981-06-02, 2444758, 2,29,61,691, 0, 0, 38337.78947
Pertinax, 0126-08-01, 1767292, 2,2,61,7243, 0, 0, 24334.62745
