Antonin_Artaud, 1896-09-04, 2,3,37,83,131, 82516.43243
Benjamin_Thompson, 1753-03-26, 2,3,11,37,967, 22550.88889
Christian_Abbiati, 1977-07-08, 2,2,3,37,5503, 56744.52941
Emil_Cioran, 1911-04-08, 2,3,17,37,641, 54827.58974
Franz_Mesmer, 1734-05-23, 2,2,3,37,5303, 42430.96296
Frederik,_Crown_Prince_of_Denmark, 1968-05-26, 2,3,29,37,379, 29205.85294
Gaël_Givet, 1981-10-09, 2,3,3,37,3671, 21078.26923
Isabelle_Huppert, 1953-03-16, 2,2,3,37,5483, 75652.86842
Jesse_Owens, 1913-09-12, 2,3,11,37,991, 106174.375
Joan_I_of_Navarre, 1273-01-14, 2,3,37,43,229, 12553.1
Konrad_Adenauer, 1876-01-05, 2,3,3,37,3613, 87670.71831
Melvin_Calvin, 1911-04-08, 2,3,17,37,641, 14743.45238
Milo_Ventimiglia, 1977-07-08, 2,2,3,37,5503, 288907.5455
Richard_Stallman, 1953-03-16, 2,2,3,37,5483, 62978.03371
