Antônio_Carlos_Jobim, 1927-01-25, 2,3,3,11,37,331, 50452.05128
Brigitte_Nielsen, 1963-07-15, 2,3,3,7,37,523, 277783.9394
Cesária_Évora, 1941-08-27, 2,3,3,37,41,89, 42942.5098
Ernesto_Zedillo, 1951-12-27, 2,2,2,3,37,2741, 51673.24138
Franklin_Pierce, 1804-11-23, 2,2,3,3,37,1787, 48260.7191
Gerald_Edelman, 1929-07-01, 2,3,7,7,37,223, 11066.29032
Heinrich_Müller_(Gestapo), 1900-04-28, 2,3,11,23,37,43, 26534.74074
Jan_Oort, 1900-04-28, 2,3,11,23,37,43, 9460.555556
Jennifer_Jones, 1919-03-02, 2,2,3,5,37,1091, 51117.575
John_McCarthy_(computer_scientist), 1927-09-04, 2,2,2,3,37,2731, 11950.45
Rafael_Trujillo, 1891-10-24, 2,3,5,37,41,53, 113953.3077
Roger_Guillemin, 1924-01-11, 2,2,3,37,53,103, 6075.53125
Thein_Sein, 1945-04-20, 2,3,3,3,37,1217, 31385.11765
