Al-Ma'mun, 0786-09-15, 2008402, 2,11,91291, 0, 0, 16156.25
Anastasia_Myskina, 1981-07-08, 2444794, 2,11,111127, 0, 0, 20379.02703
Bing_Crosby, 1903-05-03, 2416238, 2,11,109829, 0, 0, 144155.9245
Brian_May, 1947-07-19, 2432386, 2,11,110563, 0, 0, 185089.1304
Don_Johnson, 1949-12-15, 2433266, 2,11,110603, 0, 0, 247629.7692
Edward_Jenner, 1749-05-17, 2360006, 2,11,107273, 0, 0, 55246.85135
Guillermo_del_Toro, 1964-10-09, 2438678, 2,11,110849, 0, 0, 261679.5938
Hidetoshi_Nakata, 1977-01-22, 2443166, 2,11,111053, 0, 0, 104115.3571
John_Millington_Synge, 1871-04-16, 2404534, 2,11,109297, 0, 0, 16639.14286
Johnny_Weissmuller, 1904-06-02, 2416634, 2,11,109847, 0, 0, 65807.98
Lamberto_Dini, 1931-03-01, 2426402, 2,11,110291, 0, 0, 14778.5625
Lilian_Thuram, 1972-01-01, 2441318, 2,11,110969, 0, 0, 83073.11111
MC_Hammer, 1962-03-30, 2437754, 2,11,110807, 0, 0, 263633.6071
Marat_Safin, 1980-01-27, 2444266, 2,11,111103, 0, 0, 63277.90741
Mikhail_Youzhny, 1982-06-25, 2445146, 2,11,111143, 0, 0, 23021.4375
Paul_Klee, 1879-12-18, 2407702, 2,11,109441, 0, 0, 133985.5192
Schuyler_Colfax, 1823-03-23, 2386978, 2,11,108499, 0, 0, 16804.42857
Sergio_Pérez, 1990-01-26, 2447918, 2,11,111269, 0, 0, 27766.29032
Than_Shwe, 1933-02-02, 2427106, 2,11,110323, 0, 0, 41269.66667
Torquato_Tasso, 1544-03-11, 2285074, 2,11,103867, 0, 0, 35384.03922
Vandana_Shiva, 1952-11-05, 2434322, 2,11,110651, 0, 0, 36853.5
