Adam_Brody, 1979-12-15, 2,11,241,461, 322138.4483
Billie_Holiday, 1915-04-07, 2,11,47,2341, 168189.4118
Bo_Diddley, 1928-12-30, 2,5,11,22051, 104926.1613
Debbie_Reynolds, 1932-04-01, 2,11,47,2347, 171905.8276
Federico_Macheda, 1991-08-22, 2,5,11,22259, 99208.08824
Friedrich_Nietzsche, 1844-10-15, 2,7,11,15551, 336278.3761
James_Harden, 1989-08-26, 2,2,11,55631, 99914.81481
Jean_Harlow, 1911-03-03, 2,3,11,36653, 121021.7027
Jeff_Hardy, 1977-08-31, 2,3,11,37021, 541239.975
Lázaro_Cárdenas, 1895-05-21, 2,7,11,15671, 107141.8125
Mahmoud_Ahmadinejad, 1956-10-28, 2,11,53,2089, 119549.1319
Meg_Ryan, 1961-11-19, 2,11,179,619, 300319.4898
Michael_Phelps, 1985-06-30, 2,11,251,443, 326464.2267
Oliver_Stone, 1946-09-15, 2,11,227,487, 182876.0889
Orson_Scott_Card, 1951-08-24, 2,3,11,36877, 107228.4286
Ray_Manzarek, 1939-02-12, 2,11,23,4801, 119962.3214
Scarlett_Johansson, 1984-11-22, 2,3,11,37061, 516806.4066
Terry_Fox, 1958-07-28, 2,2,11,55373, 116588.4
Tommy_Lee_Jones, 1946-09-15, 2,11,227,487, 267926.04
Twiggy, 1949-09-19, 2,11,19,5821, 227879.4643
Victoria_Beckham, 1974-04-17, 2,11,13,8539, 285687.3333
