Alessandra_Ambrosio, 1981-04-11, 2,3,3,11,12347, 260149.3889
Brandon_Routh, 1979-10-09, 2,2,11,13,4273, 227368.8077
Carmelo_Anthony, 1984-05-29, 2,5,5,11,4447, 229297.925
Che_Guevara, 1928-06-14, 2,2,11,199,277, 425557.124
Flo_Rida, 1979-09-17, 2,7,11,59,269, 356150.0541
Ichiro_Suzuki, 1973-10-22, 2,7,11,101,157, 296709.6
Jay_Chou, 1979-01-18, 2,2,11,67,829, 316711.2963
Jennifer_Hudson, 1981-09-12, 2,2,5,11,11113, 305279.4872
Jesse_James, 1847-09-05, 2,5,11,23,947, 429359.5556
Jon_Voight, 1938-12-29, 2,3,3,11,12269, 218788.1731
Josh_Hutcherson, 1992-10-12, 2,2,7,11,7951, 583363.4412
Kate_Beckinsale, 1973-07-26, 2,5,11,79,281, 498613.9565
Michael_Gambon, 1940-10-19, 2,3,11,11,3347, 279427.3235
Raquel_Welch, 1940-09-05, 2,11,17,73,89, 252577
Rowan_Atkinson, 1955-01-06, 2,11,17,17,383, 305651.8824
Salvador_Dalí, 1904-05-11, 2,2,11,11,4993, 307234.4754
Sean_Bean, 1959-04-17, 2,2,11,79,701, 371673.8462
Theodore_Roosevelt, 1858-10-27, 2,2,5,11,10909, 249380.5979
Trent_Reznor, 1965-05-17, 2,3,7,11,5279, 224082.3871
Usain_Bolt, 1986-08-21, 2,2,2,11,27803, 329042.5176
Vin_Diesel, 1967-07-18, 2,3,5,11,7393, 861818.1304
