Andy_Roddick, 1982-08-30, 2445212, 2,2,7,11,17,467, 0, 0, 164783
Billy_Joel, 1949-05-09, 2433046, 2,7,7,11,37,61, 0, 0, 301556.5135
Briana_Banks, 1978-05-21, 2443650, 2,3,5,5,11,1481, 0, 0, 278049.4615
Criss_Angel, 1967-12-19, 2439844, 2,2,11,11,71,71, 0, 0, 245902.5714
Diana_Ross, 1944-03-26, 2431176, 2,2,2,3,11,9209, 0, 0, 246066.5217
Eadweard_Muybridge, 1830-04-09, 2389552, 2,2,2,2,11,13577, 0, 0, 209710.6667
Enrico_Berlinguer, 1922-05-15, 2423190, 2,3,5,7,11,1049, 0, 0, 252491.1852
Frank_Lloyd_Wright, 1867-06-08, 2403126, 2,3,3,11,53,229, 0, 0, 136058.9579
Gackt, 1973-07-04, 2441868, 2,2,3,11,13,1423, 0, 0, 304094.2857
Helena_Bonham_Carter, 1966-05-26, 2439272, 2,2,2,11,53,523, 0, 0, 499967.7872
Keith_Moon, 1946-08-23, 2432056, 2,2,2,11,29,953, 0, 0, 253604.069
Melanie_Griffith, 1957-08-09, 2436060, 2,2,3,5,11,3691, 0, 0, 229125.2632
Meryl_Streep, 1949-06-22, 2433090, 2,3,5,11,73,101, 0, 0, 325459.9481
Phoebe_Tonkin, 1989-07-12, 2447720, 2,2,2,5,11,5563, 0, 0, 175445.8929
Russell_Westbrook, 1988-11-12, 2447478, 2,3,3,11,47,263, 0, 0, 144489.3333
Shannen_Doherty, 1971-04-12, 2441054, 2,7,11,11,11,131, 0, 0, 305461.5143
T.I., 1980-09-25, 2444508, 2,2,3,3,11,6173, 0, 0, 627045.1111
Tom_Berenger, 1949-05-31, 2433068, 2,2,11,11,11,457, 0, 0, 161927.8519
Ulysses_S._Grant, 1822-04-27, 2386648, 2,2,2,11,37,733, 0, 0, 137247.9545
Vinnie_Jones, 1965-01-05, 2438766, 2,3,3,11,109,113, 0, 0, 277912.7037
William_H._Macy, 1950-03-13, 2433354, 2,3,7,11,23,229, 0, 0, 161777.1
