Aleksandr_Kerzhakov, 1982-11-27, 2,2,3,3,5,5,11,13,19, 26901
Amaury_Nolasco, 1970-12-24, 2,2,2,2,3,3,11,23,67, 118412.2121
Ernst_Haeckel, 1834-02-16, 2,2,2,2,5,11,11,13,19, 43190.125
Jacques_Chirac, 1932-11-29, 2,2,2,2,2,5,7,11,197, 70925.58333
James_S._Sherman, 1855-10-24, 2,2,2,2,2,5,11,29,47, 11759.27586
Julian_McMahon, 1968-07-27, 2,2,2,2,2,2,2,11,1733, 187108.8148
Lana_Turner, 1921-02-08, 2,2,2,3,3,7,11,19,23, 110095.7179
Martin_Jol, 1956-01-16, 2,2,2,2,2,11,11,17,37, 47466.74074
Nanni_Moretti, 1953-08-19, 2,2,2,2,3,3,11,29,53, 57282
Ossip_Zadkine, 1890-07-04, 2,2,2,2,2,11,13,17,31, 13813.73077
Pope_Leo_XII, 1760-08-22, 2,2,2,3,3,3,5,11,199, 16770.7
Toto_Cutugno, 1943-07-07, 2,2,2,2,2,2,3,11,1151, 40899.72222
