Andy_Serkis, 1964-04-20, 2438506, 2,7,23,7573, 0, 0, 208424.5758
Auguste_Piccard, 1884-01-28, 2409204, 2,2,3,7,23,29,43, 0, 0, 25905.83333
Barry_Levinson, 1942-04-06, 2430456, 2,2,2,3,7,17,23,37, 0, 0, 47865.37037
Chloë_Sevigny, 1974-11-18, 2442370, 2,5,7,23,37,41, 0, 0, 305713.5357
Crispin_Glover, 1964-04-20, 2438506, 2,7,23,7573, 0, 0, 217362.75
Dominique_Strauss-Kahn, 1949-04-25, 2433032, 2,2,2,7,23,1889, 0, 0, 155915.5769
Eduard_Limonov, 1943-02-22, 2430778, 2,7,23,7549, 0, 0, 16262.03333
Horst_Köhler, 1943-02-22, 2430778, 2,7,23,7549, 0, 0, 42996.98611
Isabelle_Adjani, 1955-06-27, 2435286, 2,3,7,23,2521, 0, 0, 120835.4255
Jim_Cummings, 1952-11-03, 2434320, 2,2,2,2,3,3,3,5,7,7,23, 0, 0, 120277.8846
Jimmy_Floyd_Hasselbaink, 1972-03-27, 2441404, 2,2,7,17,23,223, 0, 0, 61704.29032
John_Dillinger, 1903-06-22, 2416288, 2,2,2,2,2,7,7,23,67, 0, 0, 521797.3438
Kim_Il-sung, 1912-04-15, 2419508, 2,2,7,13,17,17,23, 0, 0, 146347.3289
Marc_Anthony, 1968-09-16, 2440116, 2,2,3,3,7,23,421, 0, 0, 342956.3636
Marcos_Baghdatis, 1985-06-17, 2446234, 2,7,23,71,107, 0, 0, 35513.68571
Nora_Ephron, 1941-05-19, 2430134, 2,7,23,7547, 0, 0, 87822.16667
Petter_Solberg, 1974-11-18, 2442370, 2,5,7,23,37,41, 0, 0, 31671.69231
Tara_Strong, 1973-02-12, 2441726, 2,7,23,7583, 0, 0, 244226.75
William_H._Macy, 1950-03-13, 2433354, 2,3,7,11,23,229, 0, 0, 161777.1
William_Lawrence_Bragg, 1890-03-31, 2411458, 2,7,23,7489, 0, 0, 16073.18182
Édouard_Manet, 1832-01-23, 2390206, 2,7,13,23,571, 0, 0, 114859.9863
