Amos_Oz, 1939-05-04, 2429388, 2,2,3,3,13,29,179, 0, 0, 38301.2973
Ashanti_(singer), 1980-10-13, 2444526, 2,3,3,3,7,29,223, 0, 0, 10490.42857
Christian_X_of_Denmark, 1870-09-26, 2404332, 2,2,3,3,7,7,29,47, 0, 0, 30199.13514
Giovani_dos_Santos, 1989-05-11, 2447658, 2,3,3,3,3,29,521, 0, 0, 181366.0541
Hafez_al-Assad, 1930-10-06, 2426256, 2,2,2,2,3,3,7,29,83, 0, 0, 75907.44444
Jody_Williams, 1950-10-09, 2433564, 2,2,3,3,3,3,7,29,37, 0, 0, 16278.65625
Karl_Ernst_von_Baer, 1792-02-17, 2375622, 2,3,3,3,29,37,41, 0, 0, 12786.66667
Karl_May, 1842-02-25, 2393892, 2,2,3,3,29,2293, 0, 0, 72904.08333
Lindsay_Lohan, 1986-07-02, 2446614, 2,3,3,29,43,109, 0, 0, 609891.7424
Mia_Hamm, 1972-03-17, 2441394, 2,3,3,3,29,1559, 0, 0, 106310.3871
Murad_V, 1840-09-21, 2393370, 2,3,3,5,7,29,131, 0, 0, 17527.55814
Nicolas_Léonard_Sadi_Carnot, 1796-06-01, 2377188, 2,2,3,3,3,3,11,23,29, 0, 0, 20451.72727
Robert_De_Niro, 1943-08-17, 2430954, 2,3,3,29,4657, 0, 0, 382886.6585
Scatman_John, 1942-03-13, 2430432, 2,2,2,2,2,3,3,3,29,97, 0, 0, 150487.0645
Scott_Parker, 1980-10-13, 2444526, 2,3,3,3,7,29,223, 0, 0, 46525.8
Sergey_Brin, 1973-08-21, 2441916, 2,2,3,3,29,2339, 0, 0, 138490.322
Stanley_Milgram, 1933-08-15, 2427300, 2,2,3,3,3,5,5,29,31, 0, 0, 47217.96875
Édouard_Balladur, 1929-05-02, 2425734, 2,3,3,3,29,1549, 0, 0, 29844.03448
