Amintore_Fanfani, 1908-02-06, 2417978, 2,17,19,19,197, 0, 0, 22961.4375
David_Livingstone, 1813-03-19, 2383322, 2,19,19,3301, 0, 0, 75800.03125
Julia_Stiles, 1981-03-28, 2444692, 2,2,19,19,1693, 0, 0, 338501.5152
Manu_Chao, 1961-06-21, 2437472, 2,2,2,2,2,19,19,211, 0, 0, 214663
Oliver_Neuville, 1973-05-01, 2441804, 2,2,19,19,19,89, 0, 0, 33509.0625
Paul_Gascoigne, 1967-05-27, 2439638, 2,19,19,31,109, 0, 0, 124610.25
Richard_J._Roberts, 1943-09-06, 2430974, 2,7,13,19,19,37, 0, 0, 8287.259259
Roger_Waters, 1943-09-06, 2430974, 2,7,13,19,19,37, 0, 0, 246861.9556
Sarah_Michelle_Gellar, 1977-04-14, 2443248, 2,2,2,2,3,3,19,19,47, 0, 0, 424751
Simón_Bolívar, 1783-07-24, 2372492, 2,2,19,19,31,53, 0, 0, 171110.4821
Thomas_Kahlenberg, 1983-03-20, 2445414, 2,3,19,19,1129, 0, 0, 15481.44828
