Aaron_Ramsey, 1990-12-26, 2448252, 2,2,3,3,3,22669, 0, 0, 117092.5946
Alain_Robert, 1962-08-07, 2437884, 2,2,3,3,3,22573, 0, 0, 62878.11538
Christian_Maggio, 1982-02-11, 2445012, 2,2,3,3,3,22639, 0, 0, 42528.71429
Cristina_Fernández_de_Kirchner, 1953-02-19, 2434428, 2,2,3,3,3,22541, 0, 0, 106186.7123
Gerhard_Schröder, 1944-04-07, 2431188, 2,2,3,3,3,22511, 0, 0, 55266.73333
Leisel_Jones, 1985-08-30, 2446308, 2,2,3,3,3,22651, 0, 0, 17844.11538
Makoto_Kobayashi_(physicist), 1944-04-07, 2431188, 2,2,3,3,3,22511, 0, 0, 5133.333333
Mike_Nichols, 1931-11-06, 2426652, 2,2,3,3,3,22469, 0, 0, 70464.90625
Paavo_Lipponen, 1941-04-23, 2430108, 2,2,3,3,3,22501, 0, 0, 14041.8
Robert_H._Goddard, 1882-10-05, 2408724, 2,2,3,3,3,22303, 0, 0, 28336.84091
