Al_Capone, 1899-01-17, 2414672, 2,2,2,2,13,13,19,47, 0, 0, 491181.2097
Alain_Bernard, 1983-05-01, 2445456, 2,2,2,2,3,13,3919, 0, 0, 48289.2963
Alfred_Hitchcock, 1899-08-13, 2414880, 2,2,2,2,2,3,3,3,5,13,43, 0, 0, 232167.01
Amedeo_Avogadro, 1776-08-09, 2369952, 2,2,2,2,2,3,3,3,13,211, 0, 0, 35850.27941
Anne_Rice, 1941-10-04, 2430272, 2,2,2,2,2,2,13,23,127, 0, 0, 139508
Billy_Connolly, 1942-11-24, 2430688, 2,2,2,2,2,13,5843, 0, 0, 159010.25
Chris_Benoit, 1967-05-21, 2439632, 2,2,2,2,13,37,317, 0, 0, 274848.4146
Edmund_Hillary, 1919-07-20, 2422160, 2,2,2,2,5,13,17,137, 0, 0, 53212.875
Gabriel_Marcel, 1889-12-07, 2411344, 2,2,2,2,13,11593, 0, 0, 29269.13793
George_Gamow, 1904-03-04, 2416544, 2,2,2,2,2,13,37,157, 0, 0, 25770.94872
Jasper_Johns, 1930-05-15, 2426112, 2,2,2,2,2,2,2,2,3,3,3,3,3,3,13, 0, 0, 114247.1538
Louis_XI_of_France, 1423-07-03, 2240992, 2,2,2,2,2,13,5387, 0, 0, 39068.69231
Marita_Koch, 1957-02-18, 2435888, 2,2,2,2,7,7,13,239, 0, 0, 24286.14286
Nina_Dobrev, 1989-01-09, 2447536, 2,2,2,2,7,13,41,41, 0, 0, 473772.2889
Olivier_Giroud, 1986-09-30, 2446704, 2,2,2,2,3,3,13,1307, 0, 0, 124776.1818
Paolo_Borsellino, 1940-01-19, 2429648, 2,2,2,2,13,11681, 0, 0, 85839.32143
Roald_Dahl, 1916-09-13, 2421120, 2,2,2,2,2,2,2,3,5,13,97, 0, 0, 261161.2745
Ronnie_O'Sullivan, 1975-12-05, 2442752, 2,2,2,2,2,2,2,2,2,13,367, 0, 0, 115166.7895
Ryan_Bertrand, 1989-08-05, 2447744, 2,2,2,2,2,2,2,13,1471, 0, 0, 43726.13333
Talia_Shire, 1946-04-25, 2431936, 2,2,2,2,2,2,13,37,79, 0, 0, 208893.3571
Thora_Birch, 1982-03-11, 2445040, 2,2,2,2,5,13,2351, 0, 0, 195103.6667
