André_Citroën, 1878-02-05, 2,2,3,5,7,11,521, 24604.67742
Carlos_Filipe_Ximenes_Belo, 1948-02-03, 2,2,2,7,11,11,359, 9715.472222
Dean_Acheson, 1893-04-11, 2,2,3,7,7,11,373, 30438.22222
Henning_Mankell, 1948-02-03, 2,2,2,7,11,11,359, 91384.29412
Ivan_VI_of_Russia, 1740-08-23, 2,2,2,2,7,11,1913, 32371.26667
Patti_Page, 1927-11-08, 2,2,2,7,11,31,127, 43562.20588
Sotiris_Ninis, 1990-04-03, 2,2,2,2,7,11,1987, 39070.53846
Tom_Felton, 1987-09-22, 2,2,5,7,7,11,227, 313715.5
Yohan_Cabaye, 1986-01-14, 2,2,7,11,13,13,47, 59900.06667
Zdravko_Kuzmanović, 1987-09-22, 2,2,5,7,7,11,227, 43871.40741
