Alexis_de_Tocqueville, 1805-07-29, 2380532, 2,2,7,11,59,131, 0, 0, 94980.58696
Alicia_Silverstone, 1976-10-04, 2443056, 2,2,2,2,3,7,11,661, 0, 0, 265780.2703
Andy_Roddick, 1982-08-30, 2445212, 2,2,7,11,17,467, 0, 0, 164783
Antonio_Machado, 1875-07-26, 2406096, 2,2,2,2,3,3,7,7,11,31, 0, 0, 140250.9032
Carl_Jung, 1875-07-26, 2406096, 2,2,2,2,3,3,7,7,11,31, 0, 0, 224846.8472
Chris_Jericho, 1970-11-09, 2440900, 2,2,5,5,7,11,317, 0, 0, 424251.5
Emílio_Garrastazu_Médici, 1905-12-04, 2417184, 2,2,2,2,2,3,3,7,11,109, 0, 0, 32923.38462
Goran_Ivanišević, 1971-09-13, 2441208, 2,2,2,3,7,11,1321, 0, 0, 58302.22222
Jaap_Stam, 1972-07-17, 2441516, 2,2,7,11,7927, 0, 0, 73204.73529
John_Cale, 1942-03-09, 2430428, 2,2,7,11,13,607, 0, 0, 71608.2973
Josef_Albers, 1888-03-19, 2410716, 2,2,3,7,11,2609, 0, 0, 43066.96154
Josh_Hutcherson, 1992-10-12, 2448908, 2,2,7,11,7951, 0, 0, 583363.4412
Keke_Rosberg, 1948-12-06, 2432892, 2,2,3,7,11,2633, 0, 0, 51518.06452
Mauro_Camoranesi, 1976-10-04, 2443056, 2,2,2,2,3,7,11,661, 0, 0, 73479.61538
Nani, 1986-11-17, 2446752, 2,2,2,2,2,3,7,11,331, 0, 0, 104851.4464
Pierre_Bayle, 1647-11-18, 2322936, 2,2,2,3,3,7,11,419, 0, 0, 19016.25
Regina_Spektor, 1980-02-18, 2444288, 2,2,2,2,2,2,2,2,2,2,7,11,31, 0, 0, 235701.1071
Richard_Clayderman, 1953-12-28, 2434740, 2,2,3,5,7,11,17,31, 0, 0, 82192.22581
Tom_Hanks, 1956-07-09, 2435664, 2,2,2,2,3,7,11,659, 0, 0, 405936.5769
Viktor_Korchnoi, 1931-03-23, 2426424, 2,2,2,3,7,11,13,101, 0, 0, 16561.53333
Willem_Einthoven, 1860-05-21, 2400552, 2,2,2,3,3,7,11,433, 0, 0, 13841.83333
