Agnieszka_Radwańska, 1989-03-06, 2447592, 2,2,2,3,7,17,857, 0, 0, 88787.22222
Babur, 1483-02-14, 2262768, 2,2,2,2,3,17,47,59, 0, 0, 58929.57407
Barry_Levinson, 1942-04-06, 2430456, 2,2,2,3,7,17,23,37, 0, 0, 47865.37037
Charles_Aznavour, 1924-05-22, 2423928, 2,2,2,3,13,17,457, 0, 0, 131114.234
David_Schwimmer, 1966-11-02, 2439432, 2,2,2,3,3,17,1993, 0, 0, 254211.1707
Ferhat_Abbas, 1899-10-24, 2414952, 2,2,2,3,3,17,1973, 0, 0, 15585.27273
Ja'far_al-Sadiq, 0702-04-23, 1977576, 2,2,2,3,17,37,131, 0, 0, 37563.65517
Jean_Nouvel, 1945-08-12, 2431680, 2,2,2,2,2,2,3,5,17,149, 0, 0, 55852.30556
Johannes_Vermeer, 1632-10-31, 2317440, 2,2,2,2,2,2,2,3,5,17,71, 0, 0, 130381.7838
Katie_Melua, 1984-09-16, 2445960, 2,2,2,3,5,11,17,109, 0, 0, 127300.8333
Klaus_Ebner, 1964-08-08, 2438616, 2,2,2,3,17,43,139, 0, 0, 2775.632911
Léo_Delibes, 1836-02-21, 2391696, 2,2,2,2,3,3,17,977, 0, 0, 28925.58824
Marcelo_H._del_Pilar, 1850-08-30, 2397000, 2,2,2,3,5,5,5,17,47, 0, 0, 40049.92593
Philip_Johnson, 1906-07-08, 2417400, 2,2,2,3,3,5,5,17,79, 0, 0, 40671.56818
Prince_Andrew,_Duke_of_York, 1960-02-19, 2436984, 2,2,2,3,3,11,17,181, 0, 0, 28485.86111
Ronald_Ross, 1857-05-13, 2399448, 2,2,2,3,17,5881, 0, 0, 9740.877193
Rudolph_Valentino, 1895-05-06, 2413320, 2,2,2,3,5,7,13,13,17, 0, 0, 103537.025
Thomas_Carlyle, 1795-12-04, 2377008, 2,2,2,2,3,3,17,971, 0, 0, 40906.65909
Thomas_Huckle_Weller, 1915-06-15, 2420664, 2,2,2,3,17,17,349, 0, 0, 5808.535714
Willie_Nelson, 1933-04-29, 2427192, 2,2,2,3,3,3,17,661, 0, 0, 244650.2647
Wojciech_Szczęsny, 1990-04-18, 2448000, 2,2,2,2,2,2,2,3,3,5,5,5,17, 0, 0, 88322.95122
