50_Cent, 1975-07-06, 2442600, 2,2,2,3,3,5,5,23,59, 0, 0, 632055.6716
Alexander_Stepanovich_Popov, 1859-03-16, 2400120, 2,2,2,3,3,5,59,113, 0, 0, 14746.34286
Ashley_Greene, 1987-02-21, 2446848, 2,2,2,2,2,2,2,2,2,3,3,3,3,59, 0, 0, 445138.6857
Babur, 1483-02-14, 2262768, 2,2,2,2,3,17,47,59, 0, 0, 58929.57407
Caster_Semenya, 1991-01-07, 2448264, 2,2,2,3,7,13,19,59, 0, 0, 113576.6071
Eden_Hazard, 1991-01-07, 2448264, 2,2,2,3,7,13,19,59, 0, 0, 240831.7568
Elizabeth_Gaskell, 1810-09-29, 2382420, 2,2,3,5,59,673, 0, 0, 47487.86667
Ellen_Page, 1987-02-21, 2446848, 2,2,2,2,2,2,2,2,2,3,3,3,3,59, 0, 0, 452879.2553
Emilia_Plater, 1806-11-13, 2381004, 2,2,3,3,19,59,59, 0, 0, 22150.2069
Franck_Ribéry, 1983-04-07, 2445432, 2,2,2,3,11,59,157, 0, 0, 236676.5574
Frederick_William_I_of_Prussia, 1688-08-14, 2337816, 2,2,2,3,13,59,127, 0, 0, 32930.53659
Ivan_Shishkin, 1832-01-25, 2390208, 2,2,2,2,2,2,3,59,211, 0, 0, 13680.21053
Kellan_Lutz, 1985-03-15, 2446140, 2,2,3,5,59,691, 0, 0, 340049.3333
Liev_Schreiber, 1967-10-04, 2439768, 2,2,2,3,59,1723, 0, 0, 335520.7037
Maggie_Q, 1979-05-22, 2444016, 2,2,2,2,3,59,863, 0, 0, 339764.1429
Mikhail_Lomonosov, 1711-11-19, 2346312, 2,2,2,3,59,1657, 0, 0, 21829.67241
Peter_Schmeichel, 1963-11-18, 2438352, 2,2,2,2,3,3,7,41,59, 0, 0, 109452.093
Philip_IV_of_Spain, 1605-04-08, 2307372, 2,2,3,59,3259, 0, 0, 55483.74545
