Alec_Baldwin, 1958-04-03, 2,2,2,304537, 331334.1
Brandon_Flowers, 1981-06-21, 2,2,2,305597, 256757.6538
Brandon_Lee, 1965-02-01, 2,2,2,304849, 496278.8
Chace_Crawford, 1985-07-18, 2,2,2,305783, 400866.2759
Charles_Baudelaire, 1821-04-09, 2,2,2,298283, 181049.5857
Cindy_Crawford, 1966-02-20, 2,2,2,304897, 197012.7895
Clark_Gable, 1901-02-01, 2,2,2,301927, 182093.9828
Cynthia_Nixon, 1966-04-09, 2,2,2,304903, 204391.3103
Darren_Aronofsky, 1969-02-12, 2,2,2,305033, 193740.7105
Doutzen_Kroes, 1985-01-23, 2,2,2,305761, 191083.7647
Jane_Birkin, 1946-12-14, 2,2,2,304021, 195953.4063
John_Carpenter_(footballer), 1948-08-29, 2,2,2,304099, 193408.6563
John_Cena, 1977-04-23, 2,2,2,305407, 919637.4151
John_Wilkes_Booth, 1838-05-10, 2,2,2,299063, 194745.0227
Kal_Penn, 1977-04-23, 2,2,2,305407, 314000.3438
Neil_Patrick_Harris, 1973-06-15, 2,2,2,305231, 834520.6341
Princess_Stéphanie_of_Monaco, 1965-02-01, 2,2,2,304849, 176215.6667
Richard_Dean_Anderson, 1950-01-23, 2,2,2,304163, 179699.5556
Roger_Federer, 1981-08-08, 2,2,2,305603, 364359.0198
Stan_Lee, 1922-12-28, 2,2,2,302927, 307491.087
Thom_Yorke, 1968-10-07, 2,2,2,305017, 250655.75
