Billy_Ray_Cyrus, 1961-08-25, 2,2,2,2,2,3,25391, 318590.9167
Corey_Taylor, 1973-12-08, 2,2,2,3,3,13,2609, 356730.0357
David_Lynch, 1946-01-20, 2,2,2,2,2,5,15199, 284388.1154
Debby_Ryan, 1993-05-13, 2,2,2,2,2,5,15307, 334431.6471
Eddie_Vedder, 1964-12-23, 2,2,2,2,2,17,4483, 364430.6061
Elle_Fanning, 1998-04-09, 2,2,2,2,2,191,401, 357419.3704
Haruki_Murakami, 1949-01-12, 2,2,2,2,2,3,25343, 270057.463
Jackson_Rathbone, 1984-12-14, 2,2,2,2,2,11,6949, 316283
Jennifer_Garner, 1972-04-17, 2,2,2,2,3,19,2677, 355992.7021
Joss_Stone, 1987-04-11, 2,2,2,2,3,19,2683, 275088.2692
Jude_Law, 1972-12-29, 2,2,2,2,5,23,1327, 366541.8679
Julia_Louis-Dreyfus, 1961-01-13, 2,2,2,2,2,2,38083, 274306.7143
Kate_Bosworth, 1983-01-02, 2,2,2,3,3,3,11321, 275558.0938
Kiefer_Sutherland, 1966-12-21, 2,2,2,3,5,29,701, 258311.9375
Mandy_Moore, 1984-04-10, 2,2,2,5,5,7,1747, 397600.4634
Mariah_Carey, 1970-03-27, 2,2,2,2,2,13,5867, 498632.6438
Mary_Elizabeth_Winstead, 1984-11-28, 2,2,2,2,3,131,389, 273718.5714
Natasha_Richardson, 1963-05-11, 2,2,2,2,3,5,10159, 363048.3158
Nicolaus_Copernicus, 1473-02-19, 2,2,2,2,3,5,9413, 254004.6719
Shakira, 1977-02-02, 2,2,2,3,3,3,11311, 586653.4516
Steve_Wozniak, 1950-08-11, 2,2,2,2,2,3,25349, 311643.2182
