Denzel_Washington, 1954-12-28, 2,2,2,2,2,7,7,1553, 373075.2206
Eddie_Murphy, 1961-04-03, 2,2,2,2,3,17,29,103, 325598.4925
Ethan_Hawke, 1970-11-06, 2,2,2,2,2,2,3,12713, 246699.9318
Gianluigi_Buffon, 1978-01-28, 2,2,2,2,3,3,71,239, 178751.254
Hulk_Hogan, 1953-08-11, 2,2,2,5,5,7,37,47, 543447.5116
Ian_McKellen, 1939-05-25, 2,2,2,2,2,31,31,79, 295176.0408
Liam_Hemsworth, 1990-01-13, 2,2,2,2,2,3,43,593, 745343.1724
Matt_LeBlanc, 1967-07-25, 2,2,2,2,3,7,53,137, 282462.3333
Paul_McCartney, 1942-06-18, 2,2,2,2,2,2,3,12659, 383630.1136
Priyanka_Chopra, 1982-07-18, 2,2,2,2,3,11,11,421, 275068.898
Roger_Ebert, 1942-06-18, 2,2,2,2,2,2,3,12659, 274734.1212
Sandra_Oh, 1971-07-20, 2,2,2,2,2,2,7,5449, 236545.7692
Sid_Vicious, 1957-05-10, 2,2,2,2,2,2,2,19031, 231088.625
Simon_Cowell, 1959-10-07, 2,2,2,2,17,17,17,31, 513874.0313
Stephen_Colbert, 1964-05-13, 2,2,2,2,2,2,2,19051, 230111.6579
Steven_Seagal, 1952-04-10, 2,2,2,2,2,2,73,521, 446095.6667
Tom_Cruise, 1962-07-03, 2,2,2,3,3,7,7,691, 591604.5732
Valentino_Rossi, 1979-02-16, 2,2,2,2,3,5,17,599, 214974.2245
Whoopi_Goldberg, 1955-11-13, 2,2,2,2,2,3,23,1103, 250719.5172
Zachary_Quinto, 1977-06-02, 2,2,2,2,2,3,31,821, 283763.5
Zlatan_Ibrahimović, 1981-10-03, 2,2,2,2,3,5,61,167, 461235.1791
