50_Cent, 1975-07-06, 2442600, 2,2,2,3,3,5,5,23,59, 0, 0, 632055.6716
Amy_Winehouse, 1983-09-14, 2445592, 2,2,2,107,2857, 0, 0, 591760.859
Angelina_Jolie, 1975-06-04, 2442568, 2,2,2,503,607, 0, 0, 749601.0989
CM_Punk, 1978-10-26, 2443808, 2,2,2,2,2,76369, 0, 0, 537854.6286
Eminem, 1972-10-17, 2441608, 2,2,2,13,17,1381, 0, 0, 1312695.181
Emma_Stone, 1988-11-06, 2447472, 2,2,2,2,3,50989, 0, 0, 934637.4474
Heath_Ledger, 1979-04-04, 2443968, 2,2,2,2,2,2,3,3,4243, 0, 0, 730116.7671
Henry_VIII_of_England, 1491-06-28, 2265824, 2,2,2,2,2,11,41,157, 0, 0, 631188.4286
Jackie_Chan, 1954-04-07, 2434840, 2,2,2,5,29,2099, 0, 0, 545800.2099
Jennette_McCurdy, 1992-06-26, 2448800, 2,2,2,2,2,5,5,3061, 0, 0, 551673.5806
Jennifer_Aniston, 1969-02-11, 2440264, 2,2,2,305033, 0, 0, 624681.7714
John_Lennon, 1940-10-09, 2429912, 2,2,2,17,17,1051, 0, 0, 575654.3465
Kaley_Cuoco, 1985-11-30, 2446400, 2,2,2,2,2,2,5,5,11,139, 0, 0, 965585.4
Lea_Michele, 1986-08-29, 2446672, 2,2,2,2,29,5273, 0, 0, 650204.9
Lil_Wayne, 1982-09-27, 2445240, 2,2,2,3,5,7,41,71, 0, 0, 1401836.674
Nicki_Minaj, 1982-12-08, 2445312, 2,2,2,2,2,2,2,2,2,2,2,2,3,199, 0, 0, 1115701.245
Russell_Brand, 1975-06-04, 2442568, 2,2,2,503,607, 0, 0, 715914.0333
Skrillex, 1988-01-15, 2447176, 2,2,2,149,2053, 0, 0, 689120
Stephen_Hawking, 1942-01-08, 2430368, 2,2,2,2,2,53,1433, 0, 0, 581601.7738
Sylvester_Stallone, 1946-07-06, 2432008, 2,2,2,109,2789, 0, 0, 591962.2297
Zooey_Deschanel, 1980-01-17, 2444256, 2,2,2,2,2,3,3,3,3,23,41, 0, 0, 851459.7436
