Erich_von_Falkenhayn, 1861-09-11, 3,3,3,17,5231, 23788.21212
Habib_Bourguiba, 1903-08-03, 3,3,17,17,929, 40340.63636
Humberto_de_Alencar_Castelo_Branco, 1897-09-20, 3,3,17,31,509, 30509.75862
Imre_Lakatos, 1922-11-09, 3,3,17,47,337, 34041.03333
John_Garang, 1945-06-23, 3,3,17,23,691, 23075.6
José_Mourinho, 1963-01-26, 3,3,5,17,3187, 297051.9524
Leonard_Bloomfield, 1887-04-01, 2,3,3,17,7877, 17705.44444
Luka_Modrić, 1985-09-09, 3,3,17,59,271, 113726.25
Malcolm_Young, 1953-01-06, 3,3,7,17,2273, 156465.2692
Marcus_Grönholm, 1968-02-05, 3,3,17,37,431, 22016.48276
Martha_Washington, 1731-06-02, 2,3,3,17,7691, 43634
Sam_Mendes, 1965-08-01, 3,3,17,19,839, 186579.871
Ulysses_S._Grant, 1822-04-27, 3,3,17,19,821, 137247.9545
