Alfred_Hugenberg, 1865-06-19, 2,3,3,3,17,2617, 19086.2963
Austen_Chamberlain, 1863-10-16, 2,3,3,17,47,167, 12012.60465
Blaise_Cendrars, 1887-09-01, 3,3,5,17,23,137, 36396.65517
Dimitar_Berbatov, 1981-01-30, 2,3,3,3,17,2663, 155149.25
Giovanni_Domenico_Cassini, 1625-06-08, 3,3,3,3,17,1681, 12853.08511
Grace_Hopper, 1906-12-09, 3,3,3,17,23,229, 469344.6364
Gustav_Klimt, 1862-07-14, 3,3,5,17,43,73, 211676.4571
John_Edward_Gray, 1800-02-12, 2,3,3,3,17,2591, 9838.575
John_Stockton, 1962-03-26, 3,3,3,17,47,113, 113734.1212
Mary_J._Blige, 1971-01-11, 2,3,3,3,17,2659, 306724.9643
Nicolas_Steno, 1638-01-01, 3,3,3,17,31,163, 160773.5946
PJ_Harvey, 1969-10-09, 3,3,3,13,17,409, 128742.7879
Peter_Crouch, 1981-01-30, 2,3,3,3,17,2663, 137642.1364
Peter_MacNicol, 1954-04-10, 2,3,3,17,73,109, 78899.57692
Saul_Kripke, 1940-11-13, 2,3,3,3,17,2647, 35900.85185
Siegfried_Lenz, 1926-03-17, 3,3,13,17,23,53, 30047.8125
Spencer_Perceval, 1762-11-01, 3,3,13,17,29,41, 23860.38235
Talia_Shire, 1946-04-25, 3,3,5,11,17,289, 208893.3571
Tariq_Ramadan, 1962-08-26, 2,3,3,17,31,257, 84560.14815
Victor_Francis_Hess, 1883-06-24, 3,3,5,17,47,67, 7503.12766
Vladimir_Zhirinovsky, 1946-04-25, 3,3,5,11,17,289, 22252.21429
