Aimé_Césaire, 1913-06-26, 2419945, 5,11,23,1913, 0, 0, 64987.58065
Björn_Borg, 1956-06-06, 2435631, 3,11,23,3209, 0, 0, 111752.94
Empress_Elisabeth_of_Austria, 1837-12-24, 2392368, 2,2,2,2,3,11,23,197, 0, 0, 208457.3111
Eva_Braun, 1912-02-06, 2419439, 11,23,73,131, 0, 0, 198532.873
Fabricio_Coloccini, 1982-01-22, 2444992, 2,2,2,2,2,2,11,23,151, 0, 0, 47127.38235
Gary_Neville, 1975-02-18, 2442462, 2,3,11,23,1609, 0, 0, 74095.07843
Henry_IV_of_France, 1553-12-13, 2288638, 2,11,23,4523, 0, 0, 136868.7213
Ivan_Basso, 1977-11-26, 2443474, 2,11,11,23,439, 0, 0, 47297.15385
Janeane_Garofalo, 1964-09-28, 2438667, 3,3,3,3,7,11,17,23, 0, 0, 156328.2222
Jesse_James, 1847-09-05, 2395910, 2,5,11,23,947, 0, 0, 429359.5556
John_Ford, 1894-02-01, 2412861, 3,11,11,17,17,23, 0, 0, 60659.30612
John_Lee_Hooker, 1917-08-22, 2421463, 11,17,23,563, 0, 0, 92467.83333
Joseph_Bonaparte, 1768-01-07, 2366815, 5,11,23,1871, 0, 0, 45084.08163
Juliana_of_the_Netherlands, 1909-04-30, 2418427, 11,11,11,23,79, 0, 0, 57192.04545
Katie_Leung, 1987-08-08, 2447016, 2,2,2,3,11,13,23,31, 0, 0, 82028.83871
Keith_Richards, 1943-12-18, 2431077, 3,11,23,3203, 0, 0, 337027.55
Nancy_Cartwright, 1957-10-25, 2436137, 11,23,9629, 0, 0, 96616.7037
Natasha_Richardson, 1963-05-11, 2438161, 11,23,23,419, 0, 0, 363048.3158
Steven_Seagal, 1952-04-10, 2434113, 3,3,11,23,1069, 0, 0, 446095.6667
Tyson_Chandler, 1982-10-02, 2445245, 5,11,23,1933, 0, 0, 101392.1154
William_H._Macy, 1950-03-13, 2433354, 2,3,7,11,23,229, 0, 0, 161777.1
