Aimé_Césaire, 1913-06-26, 2419945, 5,11,23,1913, 0, 0, 64987.58065
Björn_Borg, 1956-06-06, 2435631, 3,11,23,3209, 0, 0, 111752.94
Eva_Braun, 1912-02-06, 2419439, 11,23,73,131, 0, 0, 198532.873
Henry_IV_of_France, 1553-12-13, 2288638, 2,11,23,4523, 0, 0, 136868.7213
John_Lee_Hooker, 1917-08-22, 2421463, 11,17,23,563, 0, 0, 92467.83333
Joseph_Bonaparte, 1768-01-07, 2366815, 5,11,23,1871, 0, 0, 45084.08163
Keith_Richards, 1943-12-18, 2431077, 3,11,23,3203, 0, 0, 337027.55
Lisa_Gerrard, 1961-04-12, 2437402, 2,11,23,4817, 0, 0, 31554.47945
Natasha_Richardson, 1963-05-11, 2438161, 11,23,23,419, 0, 0, 363048.3158
Tyson_Chandler, 1982-10-02, 2445245, 5,11,23,1933, 0, 0, 101392.1154
