André_Frédéric_Cournand, 1895-09-24, 2413461, 3,43,53,353, 0, 0, 4831.933333
Chuck_Norris, 1940-03-10, 2429699, 353,6883, 0, 0, 618485.8438
Ernst_Zermelo, 1871-07-27, 2404636, 2,2,13,131,353, 0, 0, 10512.5
Kevin_James, 1965-04-26, 2438877, 3,7,7,47,353, 0, 0, 103989.1143
L._Ron_Hubbard, 1911-03-13, 2419109, 7,11,89,353, 0, 0, 256989.0294
Ledley_King, 1980-10-12, 2444525, 5,5,277,353, 0, 0, 39588.90909
Max_Stirner, 1806-10-25, 2380985, 5,19,71,353, 0, 0, 38236
Michael_Bloomberg, 1942-02-14, 2430405, 3,3,3,3,5,17,353, 0, 0, 167242.7273
Robert_Moog, 1934-05-23, 2427581, 13,23,23,353, 0, 0, 177751.8919
Samuel_Colt, 1814-07-19, 2383809, 3,353,2251, 0, 0, 59702.09091
Tariq_Aziz, 1936-04-28, 2428287, 3,353,2293, 0, 0, 54146.62963
Tiberius, -0042-11-16, 1706402, 2,353,2417, 0, 0, 94401.61333
Tom_DeLonge, 1975-12-13, 2442760, 2,2,2,5,173,353, 0, 0, 186471.129
Wacław_Sierpiński, 1882-03-14, 2408519, 353,6823, 0, 0, 13309.78571
William_Wyler, 1902-07-01, 2415932, 2,2,29,59,353, 0, 0, 31354.05
