Bon_Scott, 1946-07-09, 2432011, 53,45887, 0, 0, 256223.2647
Friedrich_Gottlieb_Klopstock, 1724-07-02, 2350921, 53,44357, 0, 0, 20607
Jan_Tinbergen, 1903-04-12, 2416217, 53,45589, 0, 0, 10690.54545
Jennifer_Tilly, 1958-09-16, 2436463, 53,45971, 0, 0, 255724.9643
Jens_Fink-Jensen, 1956-12-19, 2435827, 53,45959, 0, 0, 3144.382353
Johann_Gottfried_Galle, 1812-06-09, 2383039, 53,44963, 0, 0, 16092.30556
Jules_A._Hoffmann, 1941-08-02, 2430209, 53,45853, 0, 0, 8391.394737
Maniche, 1977-11-11, 2443459, 53,46103, 0, 0, 52990.48276
Peggy_Lee, 1920-05-26, 2422471, 53,45707, 0, 0, 81368.88462
Qianlong_Emperor, 1711-09-25, 2346257, 53,44269, 0, 0, 96050.51515
Ralph_M._Steinman, 1943-01-14, 2430739, 53,45863, 0, 0, 10995.31818
Tomasz_Kuszczak, 1982-03-20, 2445049, 53,46133, 0, 0, 39156.13333
