Ben_Barnes_(actor), 1981-08-20, 2444837, 53,163,283, 0, 0, 101267.9615
Boris_Karloff, 1887-11-23, 2410599, 3,53,15161, 0, 0, 96791.43243
Charlie_Sheen, 1965-09-03, 2439007, 17,53,2707, 0, 0, 871800.1765
David_Guetta, 1967-11-07, 2439802, 2,53,23017, 0, 0, 499669.5862
Fernando_Botero, 1932-04-19, 2426817, 3,53,15263, 0, 0, 163491.0667
Gabriel_Heinze, 1978-04-19, 2443618, 2,53,23053, 0, 0, 69005.5
George_S._Patton, 1885-11-11, 2409857, 41,53,1109, 0, 0, 238839.6667
Giovanni_Ribisi, 1974-12-17, 2442399, 3,53,15361, 0, 0, 213711.5625
Giuseppe_Garibaldi, 1807-07-04, 2381237, 53,179,251, 0, 0, 105997.1667
James_Franco, 1978-04-19, 2443618, 2,53,23053, 0, 0, 612270.7907
John_Demjanjuk, 1920-04-03, 2422418, 2,53,22853, 0, 0, 82294.10714
John_Irving, 1942-03-02, 2430421, 7,53,6551, 0, 0, 124266.5
Klara_Hitler, 1860-08-12, 2400635, 5,53,9059, 0, 0, 70638.55556
Lou_Reed, 1942-03-02, 2430421, 7,53,6551, 0, 0, 306698.0976
Louis_XIII_of_France, 1601-09-27, 2306083, 13,53,3347, 0, 0, 83432.68852
Mir-Hossein_Mousavi, 1942-03-02, 2430421, 7,53,6551, 0, 0, 72210.27273
Nikolai_Gogol, 1809-03-31, 2381873, 13,53,3457, 0, 0, 90162.42857
Omar_Bradley, 1893-02-12, 2412507, 3,53,15173, 0, 0, 81664.85294
Richard_I_of_England, 1157-09-08, 2143903, 19,53,2129, 0, 0, 177619.0143
Walter_Benjamin, 1892-07-15, 2412295, 5,53,9103, 0, 0, 93427.38776
Yuri_Gagarin, 1934-03-09, 2427506, 2,53,22901, 0, 0, 127505.9916
