Adam_Sandler, 1966-09-09, 2439378, 2,3,3,53,2557, 0, 0, 637335.9643
Alexandre_Dumas, 1802-07-28, 2379435, 3,5,41,53,73, 0, 0, 88759
Benedict_Anderson, 1936-08-26, 2428407, 3,3,3,53,1697, 0, 0, 27718.82759
Dietmar_Hamann, 1973-08-27, 2441922, 2,3,7,53,1097, 0, 0, 54027
Francis_Ford_Coppola, 1939-04-07, 2429361, 3,3,11,53,463, 0, 0, 196284.1053
Harold_Wilson, 1916-03-11, 2420934, 2,3,23,53,331, 0, 0, 49131.86538
Herbie_Hancock, 1940-04-12, 2429732, 2,2,53,73,157, 0, 0, 131794.1389
Hugo_Almeida, 1984-05-23, 2445844, 2,2,53,83,139, 0, 0, 57602.40541
Jean-François_Lyotard, 1924-08-10, 2424008, 2,2,2,53,5717, 0, 0, 40360.68571
Jim_Carrey, 1962-01-17, 2437682, 2,13,29,53,61, 0, 0, 489841.2027
John_Goodman, 1952-06-20, 2434184, 2,2,2,53,5741, 0, 0, 272947.4571
Joshua_Jackson, 1978-06-11, 2443671, 3,3,47,53,109, 0, 0, 302592.2258
José_Antonio_Reyes, 1983-09-01, 2445579, 3,3,3,53,1709, 0, 0, 99831.27586
Leo_Tolstoy, 1828-09-09, 2388975, 3,5,5,53,601, 0, 0, 131556.439
Manu_Ginóbili, 1977-07-28, 2443353, 3,11,11,53,127, 0, 0, 101874.4063
Pietro_Aretino, 1492-04-20, 2266121, 11,13,13,23,53, 0, 0, 27723.35484
Richard_Dreyfuss, 1947-10-29, 2432488, 2,2,2,53,5737, 0, 0, 144676.2308
Rudolf_Carnap, 1891-05-18, 2411871, 3,7,11,53,197, 0, 0, 25429.05556
Ryo_Miyaichi, 1992-12-14, 2448971, 7,7,23,41,53, 0, 0, 128376.8148
Thaksin_Shinawatra, 1949-07-26, 2433124, 2,2,23,53,499, 0, 0, 72939.35294
William_Hanna, 1910-07-14, 2418867, 3,3,11,53,461, 0, 0, 56274.93333
