Alan_Alda, 1936-01-28, 5,7,7,11,17,53, 156588.0667
Bill_Paxton, 1955-05-17, 2,2,3,7,53,547, 200857.4615
Boutros_Boutros-Ghali, 1922-11-14, 2,2,7,23,53,71, 39777.91071
Hua_Guofeng, 1921-02-16, 2,2,2,2,53,2857, 56808.74286
Ismail_Kadare, 1936-01-28, 5,7,7,11,17,53, 25950.19565
James_Madison, 1751-03-16, 3,3,7,7,53,101, 94728.95918
Joe_Hart, 1987-04-19, 2,2,2,29,53,199, 94366.22727
John_Frusciante, 1970-03-05, 2,3,5,5,53,307, 332366.8974
Maria_Sharapova, 1987-04-19, 2,2,2,29,53,199, 222078.7945
Michael_Bublé, 1975-09-09, 2,2,2,7,53,823, 410006.3415
Norbert_Elias, 1897-06-22, 3,3,3,7,53,241, 43289.86667
Oguchi_Onyewu, 1982-05-13, 2,3,3,11,53,233, 79955.21212
Siegfried_Lenz, 1926-03-17, 3,3,13,17,23,53, 30047.8125
Vanessa_L._Williams, 1963-03-18, 2,3,11,17,41,53, 276110.9722
Vera_Zvonareva, 1984-09-07, 2,5,5,13,53,71, 34341.24324
Veronica_Lake, 1922-11-14, 2,2,7,23,53,71, 74940.54545
Yuri_Andropov, 1914-06-15, 2,3,3,43,53,59, 54232.39706
