Bruno_Bauer, 1809-09-06, 2,2,2,2,53,53,53, 11194.51613
Hans_Fallada, 1893-07-21, 2,3,3,3,3,53,281, 33409.66667
Janet_Leigh, 1927-07-06, 2,2,3,3,31,41,53, 136405.1429
John_Rhys-Davies, 1944-05-05, 2,2,2,2,47,53,61, 192904.5161
Joseph_Schumpeter, 1883-02-08, 2,3,3,5,5,53,101, 87888.2381
Ludwig_Beck, 1880-06-29, 2,2,2,3,3,53,631, 46002.36667
Owen_Hargreaves, 1981-01-20, 3,3,5,5,5,41,53, 94495.67442
Paul-Henri_Spaak, 1899-01-25, 2,2,2,5,17,53,67, 19102.58065
Paulo_Mendes_da_Rocha, 1928-10-25, 3,3,3,3,5,53,113, 21050.73077
Peter_Naur, 1928-10-25, 3,3,3,3,5,53,113, 8011.851852
Pina_Bausch, 1940-07-27, 2,3,3,3,3,53,283, 97821.23333
Stephen_Hawking, 1942-01-08, 2,2,2,2,2,53,1433, 581601.7738
