Bruce_McLaren, 1937-08-30, 2428776, 2,2,2,3,3,7,61,79, 0, 0, 39614.39286
Corneille_Heymans, 1892-03-28, 2412186, 2,3,7,79,727, 0, 0, 6566.709677
Edward_Calvin_Kendall, 1886-03-08, 2409974, 2,7,79,2179, 0, 0, 5111.685714
Eugenio_Montale, 1896-10-12, 2413845, 3,3,5,7,79,97, 0, 0, 38511.78333
Fabio_Quagliarella, 1983-01-31, 2445366, 2,3,7,11,67,79, 0, 0, 78678.25
Faure_Gnassingbé, 1966-06-06, 2439283, 7,11,79,401, 0, 0, 10736.13889
Frantz_Fanon, 1925-07-20, 2424352, 2,2,2,2,2,7,79,137, 0, 0, 55098.13158
Jacques_Delors, 1925-07-20, 2424352, 2,2,2,2,2,7,79,137, 0, 0, 40918.65625
John_I_of_France, 1316-11-15, 2202046, 2,7,11,79,181, 0, 0, 14652.06977
Karl_Carstens, 1914-12-14, 2420481, 3,7,79,1459, 0, 0, 18232.2093
Kim_Novak, 1933-02-13, 2427117, 3,7,7,11,19,79, 0, 0, 138737.0303
Paul_Biya, 1933-02-13, 2427117, 3,7,7,11,19,79, 0, 0, 22354.29545
Sani_Abacha, 1943-09-20, 2430988, 2,2,7,7,79,157, 0, 0, 27405.09091
Soluna_Samay, 1990-08-27, 2448131, 7,19,79,233, 0, 0, 7149.375
Vedad_Ibišević, 1984-08-06, 2445919, 7,79,4423, 0, 0, 56057.80769
Viktor_Troicki, 1986-02-10, 2446472, 2,2,2,7,7,79,79, 0, 0, 20922.16667
