Emerson_Ferreira_da_Rosa, 1976-04-04, 2442873, 3,29,43,653, 0, 0, 47049.02857
Emile_Hirsch, 1985-03-13, 2446138, 2,653,1873, 0, 0, 290282.9667
Georg_Wilhelm_Friedrich_Hegel, 1770-08-27, 2367778, 2,7,7,37,653, 0, 0, 111868.4421
Greer_Garson, 1904-09-29, 2416753, 653,3701, 0, 0, 45759.12121
Guadalupe_Victoria, 1786-09-29, 2373655, 5,653,727, 0, 0, 90346.66667
Hugo_Lloris, 1986-12-26, 2446791, 3,653,1249, 0, 0, 73349.16216
Jacques_Monod, 1910-02-09, 2418712, 2,2,2,463,653, 0, 0, 17266
Malcolm_Young, 1953-01-06, 2434384, 2,2,2,2,233,653, 0, 0, 156465.2692
Manuel_II_Palaiologos, 1350-06-27, 2214323, 653,3391, 0, 0, 12070.71429
Neil_Young, 1945-11-12, 2431772, 2,2,7,7,19,653, 0, 0, 321384.093
Nikolai_Ostrovsky, 1904-09-29, 2416753, 653,3701, 0, 0, 7807.366667
Rafael_Alberti, 1902-12-16, 2416100, 2,2,5,5,37,653, 0, 0, 64328.16667
