Allan_Kardec, 1804-10-03, 2380233, 3,29,109,251, 0, 0, 77545.625
David_Strathairn, 1949-01-26, 2432943, 3,3,3,251,359, 0, 0, 97754.07692
Dominic_Howard, 1977-12-07, 2443485, 3,5,11,59,251, 0, 0, 60687.37931
Ferdinand_II_of_Aragon, 1452-03-10, 2251470, 2,3,5,13,23,251, 0, 0, 66013.89091
Gary_Speed, 1969-09-08, 2440473, 3,7,251,463, 0, 0, 97354.91667
Joe_Biden, 1942-11-20, 2430684, 2,2,3,3,251,269, 0, 0, 182686.0128
Mahmud_of_Ghazni, 0971-11-02, 2076021, 3,3,251,919, 0, 0, 38163.81081
Norman_Schwarzkopf,_Jr., 1934-08-22, 2427672, 2,2,2,3,13,31,251, 0, 0, 21450.0303
Sheikh_Mujibur_Rahman, 1920-03-17, 2422401, 3,251,3217, 0, 0, 29688.91667
Simon_Rolfes, 1982-01-21, 2444991, 3,17,191,251, 0, 0, 24718.39286
