Carrie_Fisher, 1956-10-21, 2435768, 2,2,2,29,10499, 0, 0, 404823.5172
Daron_Malakian, 1975-07-18, 2442612, 2,2,3,29,7019, 0, 0, 155659.4324
David_Coverdale, 1951-09-22, 2433912, 2,2,2,3,13,29,269, 0, 0, 108785.5938
David_Letterman, 1947-04-12, 2432288, 2,2,2,2,2,29,2621, 0, 0, 211728.0909
Etta_James, 1938-01-25, 2428924, 2,2,29,20939, 0, 0, 206251.0465
Hope_Solo, 1981-07-30, 2444816, 2,2,2,2,11,29,479, 0, 0, 231283.8889
Jackie_Chan, 1954-04-07, 2434840, 2,2,2,5,29,2099, 0, 0, 545800.2099
Javier_Mascherano, 1984-06-08, 2445860, 2,2,5,29,4217, 0, 0, 92656.56604
Keith_Moon, 1946-08-23, 2432056, 2,2,2,11,29,953, 0, 0, 253604.069
Lakshmi_Mittal, 1950-06-15, 2433448, 2,2,2,17,29,617, 0, 0, 149781.5854
Lea_Michele, 1986-08-29, 2446672, 2,2,2,2,29,5273, 0, 0, 650204.9
Magda_Goebbels, 1901-11-11, 2415700, 2,2,5,5,7,7,17,29, 0, 0, 92763.51724
Noomi_Rapace, 1979-12-28, 2444236, 2,2,19,29,1109, 0, 0, 315876.9
RZA, 1969-07-05, 2440408, 2,2,2,29,67,157, 0, 0, 104130.1154
Richard_III_of_England, 1452-10-02, 2251676, 2,2,7,29,47,59, 0, 0, 172495.0877
Rick_Riordan, 1964-06-05, 2438552, 2,2,2,23,29,457, 0, 0, 131900.6207
Rosie_Huntington-Whiteley, 1987-04-18, 2446904, 2,2,2,29,53,199, 0, 0, 503105.9688
Scatman_John, 1942-03-13, 2430432, 2,2,2,2,2,3,3,3,29,97, 0, 0, 150487.0645
Sergey_Brin, 1973-08-21, 2441916, 2,2,3,3,29,2339, 0, 0, 138490.322
Terrence_Howard, 1969-03-11, 2440292, 2,2,29,109,193, 0, 0, 218361.6071
Tom_Clancy, 1947-04-12, 2432288, 2,2,2,2,2,29,2621, 0, 0, 245108.6667
