A._J._Cronin, 1896-07-19, 2413760, 2,2,2,2,2,2,5,19,397, 0, 0, 25100.02778
Alexander_Prokhorov, 1916-07-11, 2421056, 2,2,2,2,2,2,11,19,181, 0, 0, 5875.130435
Galeazzo_Ciano, 1903-03-18, 2416192, 2,2,2,2,2,2,19,1987, 0, 0, 35792.45455
Gough_Whitlam, 1916-07-11, 2421056, 2,2,2,2,2,2,11,19,181, 0, 0, 54667.77778
Massimo_Oddo, 1976-06-14, 2442944, 2,2,2,2,2,2,7,7,19,41, 0, 0, 42181.78378
Omar_Suleiman, 1936-07-02, 2428352, 2,2,2,2,2,2,19,1997, 0, 0, 44593.32258
Seal_(musician), 1963-02-19, 2438080, 2,2,2,2,2,2,5,19,401, 0, 0, 132704.6061
Walter_Kohn, 1923-03-09, 2423488, 2,2,2,2,2,2,19,1993, 0, 0, 10727.41935
Wes_Brown, 1979-10-13, 2444160, 2,2,2,2,2,2,2,3,5,19,67, 0, 0, 42958.46667
Wyclef_Jean, 1969-10-17, 2440512, 2,2,2,2,2,2,3,3,19,223, 0, 0, 163833.3056
