Albrecht_von_Wallenstein, 1583-09-24, 2,2,2,2,143719, 56718.8125
Averroes, 1126-04-14, 2,2,2,2,133277, 55149.02597
Bernard_Herrmann, 1911-06-29, 2,2,2,2,151201, 46027.64286
Bill_Gates, 1955-10-28, 2,2,2,2,152213, 440780.5691
Billy_Crystal, 1948-03-14, 2,2,2,2,152039, 136676.8
Charles_George_Gordon, 1833-01-28, 2,2,2,2,149411, 47416.66667
Erykah_Badu, 1971-02-26, 2,2,2,2,152563, 223455.5
Federico_Balzaretti, 1981-12-06, 2,2,2,2,152809, 46228.74194
Girolamo_Savonarola, 1452-09-21, 2,2,2,2,140729, 68041.46
Jean_Genet, 1910-12-19, 2,2,2,2,151189, 58414.48718
Jensen_Ackles, 1978-03-01, 2,2,2,2,152723, 427212.7027
Jimmy_Wales, 1966-08-07, 2,2,2,2,152459, 71354.73171
Ken_Loach, 1936-06-17, 2,2,2,2,151771, 81930.20588
LeBron_James, 1984-12-30, 2,2,2,2,152879, 606875.9412
Nikolai_Gogol, 1809-03-31, 2,2,2,2,148867, 90162.42857
Peter_Graves, 1926-03-18, 2,2,2,2,151537, 56763.60714
Robert_Gates, 1943-09-25, 2,2,2,2,151937, 83464.05405
Sharon_Stone, 1958-03-10, 2,2,2,2,152267, 279966.0185
Stephen_Harper, 1959-04-30, 2,2,2,2,152293, 75617.40278
Susan_Sontag, 1933-01-16, 2,2,2,2,151693, 76370.77273
Wilhelm_Busch, 1832-04-15, 2,2,2,2,149393, 47051.89189
