Adriana_Lima, 1981-06-12, 2444768, 2,2,2,2,2,19,4021, 0, 0, 400258.5106
Alexis_Bledel, 1981-09-16, 2444864, 2,2,2,2,2,2,38201, 0, 0, 342523.8108
Chris_Benoit, 1967-05-21, 2439632, 2,2,2,2,13,37,317, 0, 0, 274848.4146
Darren_Criss, 1987-02-05, 2446832, 2,2,2,2,23,61,109, 0, 0, 340967.7143
David_Letterman, 1947-04-12, 2432288, 2,2,2,2,2,29,2621, 0, 0, 211728.0909
Dolly_Parton, 1946-01-19, 2431840, 2,2,2,2,2,5,15199, 0, 0, 319738.6444
Hope_Solo, 1981-07-30, 2444816, 2,2,2,2,11,29,479, 0, 0, 231283.8889
Julia_Roberts, 1967-10-28, 2439792, 2,2,2,2,3,3,16943, 0, 0, 364397.0921
Kim_Basinger, 1953-12-08, 2434720, 2,2,2,2,2,5,15217, 0, 0, 201803.0909
Lisa_Marie_Presley, 1968-02-01, 2439888, 2,2,2,2,3,11,4621, 0, 0, 424263.2857
Madonna_(entertainer), 1958-08-16, 2436432, 2,2,2,2,3,193,263, 0, 0, 212726.0638
Maggie_Q, 1979-05-22, 2444016, 2,2,2,2,3,59,863, 0, 0, 339764.1429
Maurice_Sendak, 1928-06-10, 2425408, 2,2,2,2,2,2,37897, 0, 0, 245024.2333
Mickey_Rourke, 1952-09-16, 2434272, 2,2,2,2,2,3,25357, 0, 0, 443698.7556
Olga_Kurylenko, 1979-11-14, 2444192, 2,2,2,2,2,17,4493, 0, 0, 286350
Paul_Stanley, 1952-01-20, 2434032, 2,2,2,2,3,3,16903, 0, 0, 211612.6786
Priscilla_Presley, 1945-05-24, 2431600, 2,2,2,2,5,5,6079, 0, 0, 310341.2963
Ronaldinho, 1980-03-21, 2444320, 2,2,2,2,2,5,15277, 0, 0, 497528.4156
Ronaldo, 1976-09-18, 2443040, 2,2,2,2,2,5,15269, 0, 0, 510843.8533
Stephen_Hawking, 1942-01-08, 2430368, 2,2,2,2,2,53,1433, 0, 0, 581601.7738
Tom_Clancy, 1947-04-12, 2432288, 2,2,2,2,2,29,2621, 0, 0, 245108.6667
