%22Weird_Al%22_Yankovic, 1959-10-23, 2,2,2,2,2,2,2,2,3,19,167
Alec_Guinness, 1914-04-02, 2,2,2,2,2,2,2,2,2,29,163
Behgjet_Pacolli, 1951-08-30, 2,2,2,2,2,3,3,3,3,3,313
Charles_Babbage, 1791-12-26, 2,2,2,2,3,3,3,3,3,13,47
David_Moyes, 1963-04-25, 2,2,2,2,2,2,2,2,2,2,2381
Gediminas_Kirkilas, 1951-08-30, 2,2,2,2,2,3,3,3,3,3,313
Hans-Dietrich_Genscher, 1927-03-21, 2,2,2,2,2,2,2,3,3,5,421
Jason_Segel, 1980-01-18, 2,2,2,2,2,3,3,3,3,23,41
Johann_Heinrich_Pestalozzi, 1746-01-12, 2,2,2,2,2,2,2,2,2,17,271
Karl_Carstens, 1914-12-14, 2,2,2,2,2,2,2,2,5,31,61
Kevin_Smith, 1970-08-02, 2,2,2,2,2,3,3,3,5,5,113
Lucy_Liu, 1968-12-02, 2,2,2,2,2,2,2,2,2,2,2383
Patrick_Kluivert, 1976-07-01, 2,2,2,2,3,3,3,3,5,13,29
Rigobert_Song, 1976-07-01, 2,2,2,2,3,3,3,3,5,13,29
Robert_Green, 1980-01-18, 2,2,2,2,2,3,3,3,3,23,41
Robin_van_Persie, 1983-08-06, 2,2,2,2,3,3,3,3,3,17,37
Ruud_van_Nistelrooy, 1976-07-01, 2,2,2,2,3,3,3,3,5,13,29
Sam_Raimi, 1959-10-23, 2,2,2,2,2,2,2,2,3,19,167
Valery_Chkalov, 1904-02-02, 2,2,2,2,2,2,2,3,7,29,31
