Al_Capone, 1899-01-17, 2414672, 2,2,2,2,13,13,19,47, 0, 0, 491181.2097
Betty_White, 1922-01-17, 2423072, 2,2,2,2,2,75721, 0, 0, 476480.2759
CM_Punk, 1978-10-26, 2443808, 2,2,2,2,2,76369, 0, 0, 537854.6286
Christina_Aguilera, 1980-12-18, 2444592, 2,2,2,2,3,50929, 0, 0, 490432.5139
Clint_Eastwood, 1930-05-31, 2426128, 2,2,2,2,53,2861, 0, 0, 508947.76
Emma_Stone, 1988-11-06, 2447472, 2,2,2,2,3,50989, 0, 0, 934637.4474
Gemma_Arterton, 1986-02-02, 2446464, 2,2,2,2,2,2,2,3,23,277, 0, 0, 481014.3103
Hayden_Panettiere, 1989-08-21, 2447760, 2,2,2,2,3,5,7,31,47, 0, 0, 537846.0213
Heath_Ledger, 1979-04-04, 2443968, 2,2,2,2,2,2,3,3,4243, 0, 0, 730116.7671
Henry_VIII_of_England, 1491-06-28, 2265824, 2,2,2,2,2,11,41,157, 0, 0, 631188.4286
Jared_Leto, 1971-12-26, 2441312, 2,2,2,2,2,23,31,107, 0, 0, 494313.6596
Jennette_McCurdy, 1992-06-26, 2448800, 2,2,2,2,2,5,5,3061, 0, 0, 551673.5806
John_Dillinger, 1903-06-22, 2416288, 2,2,2,2,2,7,7,23,67, 0, 0, 521797.3438
Kaley_Cuoco, 1985-11-30, 2446400, 2,2,2,2,2,2,5,5,11,139, 0, 0, 965585.4
Kobe_Bryant, 1978-08-23, 2443744, 2,2,2,2,2,76367, 0, 0, 515612.5238
Lea_Michele, 1986-08-29, 2446672, 2,2,2,2,29,5273, 0, 0, 650204.9
Nicki_Minaj, 1982-12-08, 2445312, 2,2,2,2,2,2,2,2,2,2,2,2,3,199, 0, 0, 1115701.245
Ronaldinho, 1980-03-21, 2444320, 2,2,2,2,2,5,15277, 0, 0, 497528.4156
Ronaldo, 1976-09-18, 2443040, 2,2,2,2,2,5,15269, 0, 0, 510843.8533
Stephen_Hawking, 1942-01-08, 2430368, 2,2,2,2,2,53,1433, 0, 0, 581601.7738
Zooey_Deschanel, 1980-01-17, 2444256, 2,2,2,2,2,3,3,3,3,23,41, 0, 0, 851459.7436
