Akseli_Gallen-Kallela, 1865-04-26, 2,2,2,2,3,3,3,67,83
Andy_Warhol, 1928-08-06, 2,2,2,3,3,3,3,19,197
Bernard_Werber, 1961-09-18, 2,2,2,3,3,3,5,37,61
Bertha_von_Suttner, 1843-06-09, 2,2,2,3,3,3,3,5,739
Charles_Greeley_Abbot, 1872-05-31, 2,2,2,2,3,3,3,19,293
Ehud_Olmert, 1945-09-30, 2,2,2,2,3,3,3,13,433
Gherman_Titov, 1935-09-11, 2,2,2,3,3,3,3,3,1249
Ivo_Sanader, 1953-06-08, 2,2,2,3,3,3,3,13,289
James_Gandolfini, 1961-09-18, 2,2,2,3,3,3,5,37,61
Keanu_Reeves, 1964-09-02, 2,2,2,2,3,3,3,5,1129
Manmohan_Singh, 1932-09-26, 2,2,2,2,2,3,3,3,2809
Nelson_Mandela, 1918-07-18, 2,2,2,2,2,3,3,3,2803
Pope_Leo_XII, 1760-08-22, 2,2,2,3,3,3,5,11,199
