Alfred_Hitchcock, 1899-08-13, 2414880, 2,2,2,2,2,3,3,3,5,13,43, 0, 0, 232167.01
Armin_Mueller-Stahl, 1930-12-17, 2426328, 2,2,2,3,3,3,47,239, 0, 0, 57167.86667
Ashley_Greene, 1987-02-21, 2446848, 2,2,2,2,2,2,2,2,2,3,3,3,3,59, 0, 0, 445138.6857
Baruch_Spinoza, 1632-11-24, 2317464, 2,2,2,3,3,3,10729, 0, 0, 103413.9762
Elizabeth_Barrett_Browning, 1806-03-06, 2380752, 2,2,2,2,3,3,3,3,11,167, 0, 0, 52032.55556
Ellen_Page, 1987-02-21, 2446848, 2,2,2,2,2,2,2,2,2,3,3,3,3,59, 0, 0, 452879.2553
Ernst_Kaltenbrunner, 1903-10-04, 2416392, 2,2,2,3,3,3,3,3,11,113, 0, 0, 65302.60976
Frederick_Forsyth, 1938-08-25, 2429136, 2,2,2,2,3,3,3,5623, 0, 0, 71719.65517
Gary_Sinise, 1955-03-17, 2435184, 2,2,2,2,3,3,3,3,1879, 0, 0, 158276.3636
Hayao_Miyazaki, 1941-01-05, 2430000, 2,2,2,2,3,3,3,3,3,5,5,5,5, 0, 0, 414062.75
Jack_Palance, 1919-02-18, 2422008, 2,2,2,3,3,3,11213, 0, 0, 79749.75676
Jasper_Johns, 1930-05-15, 2426112, 2,2,2,2,2,2,2,2,3,3,3,3,3,3,13, 0, 0, 114247.1538
Jim_Cummings, 1952-11-03, 2434320, 2,2,2,2,3,3,3,5,7,7,23, 0, 0, 120277.8846
Linus_Torvalds, 1969-12-28, 2440584, 2,2,2,3,3,3,11299, 0, 0, 68997.95745
Lucrezia_Borgia, 1480-04-18, 2261736, 2,2,2,3,3,3,37,283, 0, 0, 226326.925
Mitch_Mitchell, 1947-07-09, 2432376, 2,2,2,3,3,3,11261, 0, 0, 64936.42308
Scatman_John, 1942-03-13, 2430432, 2,2,2,2,2,3,3,3,29,97, 0, 0, 150487.0645
Ted_Kennedy, 1932-02-22, 2426760, 2,2,2,3,3,3,3,5,7,107, 0, 0, 206382.3585
Terence_Hill, 1939-03-29, 2429352, 2,2,2,3,3,3,3,23,163, 0, 0, 317292.125
Willie_Nelson, 1933-04-29, 2427192, 2,2,2,3,3,3,17,661, 0, 0, 244650.2647
Zooey_Deschanel, 1980-01-17, 2444256, 2,2,2,2,2,3,3,3,3,23,41, 0, 0, 851459.7436
