Alfred_Hitchcock, 1899-08-13, 2414880, 2,2,2,2,2,3,3,3,5,13,43, 0, 0, 232167.01
Amedeo_Avogadro, 1776-08-09, 2369952, 2,2,2,2,2,3,3,3,13,211, 0, 0, 35850.27941
Anne_Rice, 1941-10-04, 2430272, 2,2,2,2,2,2,13,23,127, 0, 0, 139508
Billy_Connolly, 1942-11-24, 2430688, 2,2,2,2,2,13,5843, 0, 0, 159010.25
Denis_of_Portugal, 1261-10-09, 2181920, 2,2,2,2,2,5,13,1049, 0, 0, 18210.83333
George_Gamow, 1904-03-04, 2416544, 2,2,2,2,2,13,37,157, 0, 0, 25770.94872
Gerd_Kanter, 1979-05-06, 2444000, 2,2,2,2,2,5,5,5,13,47, 0, 0, 12468
Jasper_Johns, 1930-05-15, 2426112, 2,2,2,2,2,2,2,2,3,3,3,3,3,3,13, 0, 0, 114247.1538
Kirsan_Ilyumzhinov, 1962-04-05, 2437760, 2,2,2,2,2,2,2,5,13,293, 0, 0, 13785.39286
Louis_XI_of_France, 1423-07-03, 2240992, 2,2,2,2,2,13,5387, 0, 0, 39068.69231
Percival_Lowell, 1855-03-13, 2398656, 2,2,2,2,2,2,3,13,31,31, 0, 0, 19600
Roald_Dahl, 1916-09-13, 2421120, 2,2,2,2,2,2,2,3,5,13,97, 0, 0, 261161.2745
Ronnie_O'Sullivan, 1975-12-05, 2442752, 2,2,2,2,2,2,2,2,2,13,367, 0, 0, 115166.7895
Ryan_Bertrand, 1989-08-05, 2447744, 2,2,2,2,2,2,2,13,1471, 0, 0, 43726.13333
Talia_Shire, 1946-04-25, 2431936, 2,2,2,2,2,2,13,37,79, 0, 0, 208893.3571
Vladimir_Zhirinovsky, 1946-04-25, 2431936, 2,2,2,2,2,2,13,37,79, 0, 0, 22252.21429
