Anwar_Sadat, 1918-12-25, 2,2,2,2,2,2,13,41,71
Eduardo_Duhalde, 1941-10-05, 2,2,2,2,2,2,13,23,127
George_Eliot, 1819-11-22, 2,2,2,2,2,5,13,31,37
Léon_Degrelle, 1906-06-15, 2,2,2,2,2,3,13,13,149
Miguel_Indurain, 1964-07-16, 2,2,2,2,2,2,3,13,977
Nino_Burjanadze, 1964-07-16, 2,2,2,2,2,2,3,13,977
Ossip_Zadkine, 1890-07-04, 2,2,2,2,2,11,13,17,31
Otto_Weininger, 1880-04-03, 2,2,2,2,2,2,2,13,1447
Roque_Santa_Cruz, 1981-08-16, 2,2,2,2,2,3,3,13,653
William_Moseley_(actor), 1987-04-27, 2,2,2,2,2,2,13,17,173
