Akira_Suzuki_(chemist), 1930-09-12, 2426232, 2,2,2,3,43,2351, 0, 0, 15885
Alessandro_Manzoni, 1785-03-07, 2373084, 2,2,3,3,3,7,43,73, 0, 0, 72838.91489
Alex_Ferguson, 1941-12-31, 2430360, 2,2,2,3,3,5,43,157, 0, 0, 211358.4697
Alfred_Hitchcock, 1899-08-13, 2414880, 2,2,2,2,2,3,3,3,5,13,43, 0, 0, 232167.01
Auguste_Piccard, 1884-01-28, 2409204, 2,2,3,7,23,29,43, 0, 0, 25905.83333
Augusto_César_Sandino, 1895-05-18, 2413332, 2,2,3,3,43,1559, 0, 0, 41014.35484
Chadli_Bendjedid, 1929-04-14, 2425716, 2,2,3,3,43,1567, 0, 0, 19635.14286
David_Cook_(singer), 1982-12-20, 2445324, 2,2,3,7,43,677, 0, 0, 57651.76923
Elizabeth_I_of_England, 1533-09-07, 2281236, 2,2,3,43,4421, 0, 0, 370663.8113
Giovanni_Battista_Tiepolo, 1696-03-05, 2340576, 2,2,2,2,2,3,3,3,3,3,7,43, 0, 0, 29500.7381
Hakan_Şükür, 1971-09-01, 2441196, 2,2,3,3,19,43,83, 0, 0, 80262.68421
Jason_Earles, 1977-04-26, 2443260, 2,2,3,5,43,947, 0, 0, 356005
John_Hughes_(Irish_musician), 1950-06-23, 2433456, 2,2,2,2,3,3,3,43,131, 0, 0, 13486.51852
Klaus_Ebner, 1964-08-08, 2438616, 2,2,2,3,17,43,139, 0, 0, 2775.632911
Luis_Federico_Leloir, 1906-09-06, 2417460, 2,2,3,5,43,937, 0, 0, 19420.76471
Paul_Giamatti, 1967-06-06, 2439648, 2,2,2,2,2,3,3,43,197, 0, 0, 171443.7576
Sergey_Karjakin, 1990-01-12, 2447904, 2,2,2,2,2,3,43,593, 0, 0, 18512.38462
Silvio_Piola, 1913-09-29, 2420040, 2,2,2,3,5,7,43,67, 0, 0, 42284.66667
Steven_Pinker, 1954-09-18, 2435004, 2,2,3,3,11,11,13,43, 0, 0, 61697.31034
Timothy_Leary, 1920-10-22, 2422620, 2,2,3,3,5,43,313, 0, 0, 185760.3636
Tom_Welling, 1977-04-26, 2443260, 2,2,3,5,43,947, 0, 0, 233908.9744
