Amos_Oz, 1939-05-04, 2429388, 2,2,3,3,13,29,179, 0, 0, 38301.2973
Cameron_Diaz, 1972-08-30, 2441560, 2,2,2,5,11,31,179, 0, 0, 442533.4559
Cornelia_Funke, 1958-12-10, 2436548, 2,2,41,83,179, 0, 0, 69351.46154
Demi_Moore, 1962-11-11, 2437980, 2,2,3,5,179,227, 0, 0, 396399.0143
George_Boole, 1815-11-02, 2384280, 2,2,2,3,3,5,37,179, 0, 0, 36059.67925
Jacques_Santer, 1937-05-18, 2428672, 2,2,2,2,2,2,2,2,53,179, 0, 0, 11366.76667
Jim_Jarmusch, 1953-01-22, 2434400, 2,2,2,2,2,5,5,17,179, 0, 0, 110784.1081
Laurence_Sterne, 1713-11-24, 2347048, 2,2,2,11,149,179, 0, 0, 30671.34375
Mika_Häkkinen, 1968-09-28, 2440128, 2,2,2,2,2,2,3,71,179, 0, 0, 71184.91304
Naomi_Watts, 1968-09-28, 2440128, 2,2,2,2,2,2,3,71,179, 0, 0, 273029.2407
Nwankwo_Kanu, 1976-08-01, 2442992, 2,2,2,2,179,853, 0, 0, 87212.66667
Pavel_Nedvěd, 1972-08-30, 2441560, 2,2,2,5,11,31,179, 0, 0, 102004.7872
Thelonious_Monk, 1917-10-10, 2421512, 2,2,2,19,89,179, 0, 0, 100906.9444
