Carlos_Saavedra_Lamas, 1878-11-01, 2407290, 2,3,5,29,2767, 0, 0, 11947.2973
Daron_Malakian, 1975-07-18, 2442612, 2,2,3,29,7019, 0, 0, 155659.4324
Emilio_Salgari, 1862-08-21, 2401374, 2,3,29,37,373, 0, 0, 48551.76923
Friedrich_Hölderlin, 1770-03-20, 2367618, 2,3,11,29,1237, 0, 0, 40305.28261
Hank_Aaron, 1934-02-05, 2427474, 2,3,7,29,1993, 0, 0, 132335.8462
José_María_Aznar, 1953-02-25, 2434434, 2,3,17,29,823, 0, 0, 48814.04255
Lisandro_López, 1983-03-02, 2445396, 2,2,3,29,7027, 0, 0, 83719.25
M.I.A._(rapper), 1975-07-18, 2442612, 2,2,3,29,7019, 0, 0, 89504.88889
Robert_De_Niro, 1943-08-17, 2430954, 2,3,3,29,4657, 0, 0, 382886.6585
Simão_Sabrosa, 1979-10-31, 2444178, 2,3,11,29,1277, 0, 0, 68743.20588
Vigdís_Finnbogadóttir, 1930-04-15, 2426082, 2,3,29,73,191, 0, 0, 10719.55
Wilhelm_Wundt, 1832-08-16, 2390412, 2,2,3,29,6869, 0, 0, 59776.09804
