Boris_III_of_Bulgaria, 1894-01-30, 2,3,7,7,29,283, 31435.23529
Camille_Flammarion, 1842-02-26, 2,2,3,3,29,2293, 15876.48276
Diego_Rivera, 1886-12-08, 2,2,2,3,29,3463, 238473.4583
Edward_Mills_Purcell, 1912-08-30, 2,2,3,17,29,409, 8668.627907
Juliana_of_the_Netherlands, 1909-04-30, 2,3,3,29,41,113, 57192.04545
Ludwig_Wittgenstein, 1889-04-26, 2,3,3,29,31,149, 99919.0241
Mikhail_Tukhachevsky, 1893-02-16, 2,3,5,29,47,59, 33576.55
Riyo_Mori, 1986-12-24, 2,2,3,29,79,89, 73485.48387
Stevan_Jovetić, 1989-11-02, 2,2,2,3,29,3517, 108379.3929
Steve_Biko, 1946-12-18, 2,2,3,29,29,241, 95971.17143
Steven_Spielberg, 1946-12-18, 2,2,3,29,29,241, 301448.7732
