Alex_Jones_(radio_host), 1974-02-11, 2442090, 2,3,5,7,29,401, 0, 0, 77174.76923
Daron_Malakian, 1975-07-18, 2442612, 2,2,3,29,7019, 0, 0, 155659.4324
David_Coverdale, 1951-09-22, 2433912, 2,2,2,3,13,29,269, 0, 0, 108785.5938
Giovani_dos_Santos, 1989-05-11, 2447658, 2,3,3,3,3,29,521, 0, 0, 181366.0541
Hafez_al-Assad, 1930-10-06, 2426256, 2,2,2,2,3,3,7,29,83, 0, 0, 75907.44444
Hank_Aaron, 1934-02-05, 2427474, 2,3,7,29,1993, 0, 0, 132335.8462
Karl_May, 1842-02-25, 2393892, 2,2,3,3,29,2293, 0, 0, 72904.08333
Lindsay_Lohan, 1986-07-02, 2446614, 2,3,3,29,43,109, 0, 0, 609891.7424
Lisandro_López, 1983-03-02, 2445396, 2,2,3,29,7027, 0, 0, 83719.25
M.I.A._(rapper), 1975-07-18, 2442612, 2,2,3,29,7019, 0, 0, 89504.88889
Margrethe_II_of_Denmark, 1940-04-16, 2429736, 2,2,2,3,29,3491, 0, 0, 67910.67692
Mia_Hamm, 1972-03-17, 2441394, 2,3,3,3,29,1559, 0, 0, 106310.3871
Rachel_McAdams, 1978-11-17, 2443830, 2,3,5,29,53,53, 0, 0, 626933.5366
Robert_De_Niro, 1943-08-17, 2430954, 2,3,3,29,4657, 0, 0, 382886.6585
Samuel_Johnson, 1709-09-18, 2345520, 2,2,2,2,3,5,29,337, 0, 0, 84520.86364
Scatman_John, 1942-03-13, 2430432, 2,2,2,2,2,3,3,3,29,97, 0, 0, 150487.0645
Serena_Williams, 1981-09-26, 2444874, 2,3,29,14051, 0, 0, 229302.8209
Sergey_Brin, 1973-08-21, 2441916, 2,2,3,3,29,2339, 0, 0, 138490.322
Simão_Sabrosa, 1979-10-31, 2444178, 2,3,11,29,1277, 0, 0, 68743.20588
Tennessee_Williams, 1911-03-26, 2419122, 2,3,29,13903, 0, 0, 111983.7963
Wilhelm_Wundt, 1832-08-16, 2390412, 2,2,3,29,6869, 0, 0, 59776.09804
