Andy_Roddick, 1982-08-30, 2445212, 2,2,7,11,17,467, 0, 0, 164783
Caroline,_Princess_of_Hanover, 1957-01-23, 2435862, 2,3,11,13,17,167, 0, 0, 103893.1
Charles,_Prince_of_Wales, 1948-11-14, 2432870, 2,5,11,17,1301, 0, 0, 44704.31429
Charles_Le_Brun, 1619-02-24, 2312442, 2,3,3,3,11,17,229, 0, 0, 26154.09677
Christopher_Clavius, 1538-03-25, 2282896, 2,2,2,2,7,11,17,109, 0, 0, 9088.518519
Diego_Benaglio, 1983-09-08, 2445586, 2,11,13,17,503, 0, 0, 25972.70968
Jacob_Bernoulli, 1654-12-27, 2325532, 2,2,11,17,3109, 0, 0, 20757.2549
Katie_Melua, 1984-09-16, 2445960, 2,2,2,3,5,11,17,109, 0, 0, 127300.8333
Matt_Stone, 1971-05-26, 2441098, 2,11,17,61,107, 0, 0, 159636.5
Pope_Pius_XII, 1876-03-02, 2406316, 2,2,11,17,3217, 0, 0, 90632.89474
Prince_Andrew,_Duke_of_York, 1960-02-19, 2436984, 2,2,2,3,3,11,17,181, 0, 0, 28485.86111
Ralf_Schumacher, 1975-06-30, 2442594, 2,3,7,11,17,311, 0, 0, 58244.29268
Raquel_Welch, 1940-09-05, 2429878, 2,11,17,73,89, 0, 0, 252577
Richard_Clayderman, 1953-12-28, 2434740, 2,2,3,5,7,11,17,31, 0, 0, 82192.22581
Rowan_Atkinson, 1955-01-06, 2435114, 2,11,17,17,383, 0, 0, 305651.8824
