Anna_of_Russia, 1693-02-07, 2339454, 2,3,13,89,337, 0, 0, 36052.58491
Aretha_Franklin, 1942-03-25, 2430444, 2,2,3,337,601, 0, 0, 185937.431
Augustus_III_of_Poland, 1696-10-17, 2340802, 2,23,151,337, 0, 0, 34241.5
Fredrik_Ljungberg, 1977-04-16, 2443250, 2,5,5,5,29,337, 0, 0, 99408.27778
Giovanni_Schiaparelli, 1835-03-14, 2391352, 2,2,2,337,887, 0, 0, 41087.63636
Ivi_Adamou, 1993-11-24, 2449316, 2,2,23,79,337, 0, 0, 18628.53333
Marcelo_Vieira, 1988-05-12, 2447294, 2,337,3631, 0, 0, 92983.88372
Oscar_Peterson, 1925-08-15, 2424378, 2,3,11,109,337, 0, 0, 47128.02564
Pierre_Teilhard_de_Chardin, 1881-05-01, 2408202, 2,3,3,337,397, 0, 0, 51461.4
Saina_Nehwal, 1990-03-17, 2447968, 2,2,2,2,2,227,337, 0, 0, 86731.15385
Sam_Walton, 1918-03-29, 2421682, 2,337,3593, 0, 0, 129783.7586
Samuel_Johnson, 1709-09-18, 2345520, 2,2,2,2,3,5,29,337, 0, 0, 84520.86364
Stephen_Appiah, 1980-12-24, 2444598, 2,3,3,13,31,337, 0, 0, 58712.93333
