André_Michel_Lwoff, 1902-05-08, 2415878, 2,37,32647, 0, 0, 5584.1
Cormac_McCarthy, 1933-07-20, 2427274, 2,37,32801, 0, 0, 149988.2581
David_Coulthard, 1971-03-27, 2441038, 2,37,32987, 0, 0, 57688.53333
Marie_de'_Medici, 1575-04-26, 2296442, 2,37,31033, 0, 0, 54924.83721
Mathieu_Kassovitz, 1967-08-03, 2439706, 2,37,32969, 0, 0, 81782.7
Michelle_Rodriguez, 1978-07-12, 2443702, 2,37,33023, 0, 0, 410499.6
Nathan_Fillion, 1971-03-27, 2441038, 2,37,32987, 0, 0, 337042.4444
Oliver_E._Williamson, 1932-09-27, 2426978, 2,37,32797, 0, 0, 16396.21622
Rajendra_Prasad, 1884-12-03, 2409514, 2,37,32561, 0, 0, 33601.23684
Samuel_Morse, 1791-04-27, 2375326, 2,37,32099, 0, 0, 105263.1429
Sarah_Bernhardt, 1844-10-22, 2394862, 2,37,32363, 0, 0, 30640.86607
Sunny_Leone, 1981-05-13, 2444738, 2,37,33037, 0, 0, 792865.963
Topher_Grace, 1978-07-12, 2443702, 2,37,33023, 0, 0, 315113
Tycho_Brahe, 1546-12-14, 2286082, 2,37,30893, 0, 0, 69180.14458
Vannevar_Bush, 1890-03-11, 2411438, 2,37,32587, 0, 0, 49959.38462
Victor_Horta, 1861-01-06, 2400782, 2,37,32443, 0, 0, 41199.21212
Yash_Chopra, 1932-09-27, 2426978, 2,37,32797, 0, 0, 96214.82143
