Abhishek_Bachchan, 1976-02-05, 2442814, 2,11,37,3001, 0, 0, 185509.4186
Anabel_Medina_Garrigues, 1982-07-31, 2445182, 2,37,173,191, 0, 0, 12640.71875
Andrei_Chikatilo, 1936-10-16, 2428458, 2,3,37,10939, 0, 0, 165634.8438
Béla_Kun, 1886-02-20, 2409958, 2,29,37,1123, 0, 0, 21023.6
Christopher_A._Pissarides, 1948-02-20, 2432602, 2,37,71,463, 0, 0, 10584.96667
Dustin_Hoffman, 1937-08-08, 2428754, 2,23,37,1427, 0, 0, 194911.1
Frederick_V_of_Denmark, 1723-03-31, 2350462, 2,23,37,1381, 0, 0, 18381.11111
George_Emil_Palade, 1912-11-19, 2419726, 2,19,37,1721, 0, 0, 13238.65625
Gunnar_Nordahl, 1921-10-19, 2422982, 2,37,137,239, 0, 0, 37539.1
Günter_Blobel, 1936-05-21, 2428310, 2,5,37,6563, 0, 0, 9837.612903
Heike_Kamerlingh_Onnes, 1853-09-21, 2398118, 2,23,37,1409, 0, 0, 12045.58929
John_Aloisi, 1976-02-05, 2442814, 2,11,37,3001, 0, 0, 21401.92593
John_Dewey, 1859-10-20, 2400338, 2,37,163,199, 0, 0, 132203.8364
Louis_de_Broglie, 1892-08-15, 2412326, 2,7,37,4657, 0, 0, 37267.38333
Michael_Faraday, 1791-09-22, 2375474, 2,37,47,683, 0, 0, 93688.04545
Michael_Jordan, 1963-02-17, 2438078, 2,37,47,701, 0, 0, 665054.5733
Stieg_Larsson, 1954-08-15, 2434970, 2,5,37,6581, 0, 0, 296948.8605
Tony_Jaa, 1976-02-05, 2442814, 2,11,37,3001, 0, 0, 244330.9259
Ulrike_Meinhof, 1934-10-07, 2427718, 2,37,53,619, 0, 0, 93495.91176
Viktor_Kassai, 1975-09-10, 2442666, 2,3,37,11003, 0, 0, 18544.34483
Vincente_Minnelli, 1903-02-28, 2416174, 2,37,103,317, 0, 0, 61020.18519
