Antonin_Artaud, 1896-09-04, 2,3,37,83,131, 82516.43243
Bob_Marley, 1945-02-06, 2,2,7,37,2347, 665908.1319
Bruce_Campbell, 1958-06-22, 2,2,2,37,8231, 258057
Christian_Abbiati, 1977-07-08, 2,2,3,37,5503, 56744.52941
Douglas_Adams, 1952-03-11, 2,7,37,37,127, 204047.7895
Emil_Cioran, 1911-04-08, 2,3,17,37,641, 54827.58974
Glenn_Ford, 1916-05-01, 2,2,2,37,8179, 75668.33333
Ian_Somerhalder, 1978-12-08, 2,5,5,37,1321, 547220.2667
Isabelle_Huppert, 1953-03-16, 2,2,3,37,5483, 75652.86842
Jeffrén_Suárez, 1988-01-20, 2,2,5,37,3307, 75520.34483
Jesse_Owens, 1913-09-12, 2,3,11,37,991, 106174.375
Jonny_Greenwood, 1971-11-05, 2,2,5,37,3299, 111441.5517
Kelly_Kelly, 1987-01-15, 2,5,17,37,389, 355629.7778
Kevin_Carter, 1960-09-13, 2,5,7,37,941, 172414.5
Konrad_Adenauer, 1876-01-05, 2,3,3,37,3613, 87670.71831
Le_Corbusier, 1887-10-06, 2,5,5,37,1303, 125251.9813
Milo_Ventimiglia, 1977-07-08, 2,2,3,37,5503, 288907.5455
Ric_Flair, 1949-02-25, 2,2,17,37,967, 346837.9032
Richard_Stallman, 1953-03-16, 2,2,3,37,5483, 62978.03371
Tomáš_Rosický, 1980-10-04, 2,2,37,83,199, 68704.22449
William_Carlos_Williams, 1883-09-17, 2,5,17,37,383, 57228.53846
