Afonso_II_of_Portugal, 1185-04-23, 2,2,2,19,37,383, 12430.96429
Antônio_Carlos_Jobim, 1927-01-25, 2,3,3,11,37,331, 50452.05128
Billy_Joel, 1949-05-09, 2,7,7,11,37,61, 301556.5135
Brigitte_Nielsen, 1963-07-15, 2,3,3,7,37,523, 277783.9394
Carrie_Underwood, 1983-03-10, 2,2,13,31,37,41, 377294.7429
Cesária_Évora, 1941-08-27, 2,3,3,37,41,89, 42942.5098
Chloë_Sevigny, 1974-11-18, 2,5,7,23,37,41, 305713.5357
Ernesto_Zedillo, 1951-12-27, 2,2,2,3,37,2741, 51673.24138
Franklin_Pierce, 1804-11-23, 2,2,3,3,37,1787, 48260.7191
Heinrich_Müller_(Gestapo), 1900-04-28, 2,3,11,23,37,43, 26534.74074
Ian_Thorpe, 1982-10-13, 2,2,2,11,37,751, 120937.4878
Jean_Racine, 1639-12-22, 2,2,2,2,37,3919, 65617.17241
Jennifer_Jones, 1919-03-02, 2,2,3,5,37,1091, 51117.575
Luciano_Pavarotti, 1935-10-12, 2,2,2,13,37,631, 123884.7949
Petter_Solberg, 1974-11-18, 2,5,7,23,37,41, 31671.69231
Rafael_Alberti, 1902-12-16, 2,2,5,5,37,653, 64328.16667
Rafael_Trujillo, 1891-10-24, 2,3,5,37,41,53, 113953.3077
Ralph_Nader, 1934-02-27, 2,2,2,37,59,139, 133519.2188
Roger_Waters, 1943-09-06, 2,7,13,19,19,37, 246861.9556
Thein_Sein, 1945-04-20, 2,3,3,3,37,1217, 31385.11765
Ulysses_S._Grant, 1822-04-27, 2,2,2,11,37,733, 137247.9545
