Chris_Benoit, 1967-05-21, 2,2,2,2,13,37,317, 274848.4146
Erich_Ludendorff, 1865-04-09, 2,2,2,2,2,37,2029, 57164.22727
Gerhard_Herzberg, 1904-12-25, 2,2,2,5,23,37,71, 8230.516129
Henri_Barbusse, 1873-05-17, 2,2,2,2,17,37,239, 14954.48571
Hun_Sen, 1952-08-05, 2,3,3,5,17,37,43, 42468.96875
Ja'far_al-Sadiq, 0702-04-23, 2,2,2,3,17,37,131, 37563.65517
John_Gurdon, 1933-10-02, 2,2,3,7,11,37,71, 12947.89744
Karl_Ernst_von_Baer, 1792-02-17, 2,3,3,3,29,37,41, 12786.66667
Oleg_Salenko, 1969-10-25, 2,2,2,5,17,37,97, 23304.51852
Pierre_Puvis_de_Chavannes, 1824-12-14, 2,3,3,3,5,37,239, 22861.03846
Thomas_Cech, 1947-12-08, 2,2,2,2,7,37,587, 7714
Umberto_I_of_Italy, 1844-03-14, 2,2,2,2,5,37,809, 27709.75556
