Abdullah_Ahmad_Badawi, 1939-11-26, 2,31,149,263, 40117.16667
Anita_Ekberg, 1931-09-29, 2,17,149,479, 78099.22222
Arthur_Schopenhauer, 1788-02-22, 2,31,149,257, 147123.7975
Bernhard_von_Bülow, 1849-05-03, 2,2,149,4021, 18618.34375
Endre_Ady, 1877-11-22, 2,41,149,197, 32810.40625
Hanna_Schygulla, 1943-12-25, 2,2,149,4079, 32538.23077
James_Cronin, 1931-09-29, 2,17,149,479, 9734.763158
Joan_Gamper, 1877-11-22, 2,41,149,197, 22733.07407
Robert_Wagner, 1930-02-10, 2,7,149,1163, 193250.6538
Shimon_Peres, 1923-08-02, 2,3,149,2711, 75266.42857
Thomas_Cranmer, 1489-07-02, 2,11,149,691, 50288.69231
Tina_Turner, 1939-11-26, 2,31,149,263, 326136.8364
Wilt_Chamberlain, 1936-08-21, 2,29,149,281, 241572.2727
