Abdullah_Ahmad_Badawi, 1939-11-26, 2429594, 2,31,149,263, 0, 0, 40117.16667
Anita_Ekberg, 1931-09-29, 2426614, 2,17,149,479, 0, 0, 78099.22222
Arthur_Schopenhauer, 1788-02-22, 2374166, 2,31,149,257, 0, 0, 147123.7975
Endre_Ady, 1877-11-22, 2406946, 2,41,149,197, 0, 0, 32810.40625
Frank_Rijkaard, 1962-09-30, 2437938, 2,3,3,3,3,101,149, 0, 0, 110788.4286
Hanna_Schygulla, 1943-12-25, 2431084, 2,2,149,4079, 0, 0, 32538.23077
Hayato_Ikeda, 1899-12-03, 2414992, 2,2,2,2,149,1013, 0, 0, 41484.07407
Jean_Nouvel, 1945-08-12, 2431680, 2,2,2,2,2,2,3,5,17,149, 0, 0, 55852.30556
Kirsten_Dunst, 1982-04-30, 2445090, 2,3,5,149,547, 0, 0, 321621.0164
Lloyd_Banks, 1982-04-30, 2445090, 2,3,5,149,547, 0, 0, 210783.963
Norbert_Elias, 1897-06-22, 2414098, 2,149,8101, 0, 0, 43289.86667
Piet_Mondrian, 1872-03-07, 2404860, 2,2,3,5,149,269, 0, 0, 185097.1731
Robert_Wagner, 1930-02-10, 2426018, 2,7,149,1163, 0, 0, 193250.6538
Ronald_Fisher, 1890-02-17, 2411416, 2,2,2,7,17,17,149, 0, 0, 31694.82857
Shimon_Peres, 1923-08-02, 2423634, 2,3,149,2711, 0, 0, 75266.42857
Skrillex, 1988-01-15, 2447176, 2,2,2,149,2053, 0, 0, 689120
Thomas_Cranmer, 1489-07-02, 2265098, 2,11,149,691, 0, 0, 50288.69231
Tina_Turner, 1939-11-26, 2429594, 2,31,149,263, 0, 0, 326136.8364
Tony_Levin, 1946-06-06, 2431978, 2,149,8161, 0, 0, 47029.76923
Tony_Shalhoub, 1953-10-09, 2434660, 2,2,5,19,43,149, 0, 0, 152837.3636
Wilt_Chamberlain, 1936-08-21, 2428402, 2,29,149,281, 0, 0, 241572.2727
