Bronisław_Komorowski, 1952-06-04, 2434168, 2,2,2,11,139,199, 0, 0, 41415.27419
Cathy_Freeman, 1973-02-16, 2441730, 2,3,5,199,409, 0, 0, 57656.32258
Che_Guevara, 1928-06-14, 2425412, 2,2,11,199,277, 0, 0, 425557.124
Cillian_Murphy, 1976-05-25, 2442924, 2,2,3,3,11,31,199, 0, 0, 270884.6316
Ellen_Pompeo, 1969-11-10, 2440536, 2,2,2,3,7,73,199, 0, 0, 252505.697
Frank_McCourt, 1930-08-19, 2426208, 2,2,2,2,2,3,127,199, 0, 0, 65707.65625
Hamit_Altıntop, 1982-12-08, 2445312, 2,2,2,2,2,2,2,2,2,2,2,2,3,199, 0, 0, 95185.09302
Jens_Lehmann, 1969-11-10, 2440536, 2,2,2,3,7,73,199, 0, 0, 61921.83333
John_Dewey, 1859-10-20, 2400338, 2,37,163,199, 0, 0, 132203.8364
John_Stockton, 1962-03-26, 2437750, 2,5,5,5,7,7,199, 0, 0, 113734.1212
Juliusz_Słowacki, 1809-09-04, 2382030, 2,3,3,5,7,19,199, 0, 0, 79692.86667
Khalifa_bin_Zayed_Al_Nahyan, 1948-01-25, 2432576, 2,2,2,2,2,2,191,199, 0, 0, 68582.34146
Larry_Hagman, 1931-09-21, 2426606, 2,7,13,67,199, 0, 0, 182938.9143
Louis_Daguerre, 1787-11-18, 2374070, 2,5,199,1193, 0, 0, 118168.8772
Maggie_Smith, 1934-12-28, 2427800, 2,2,2,5,5,61,199, 0, 0, 217273.4681
Marouane_Chamakh, 1984-01-10, 2445710, 2,5,199,1229, 0, 0, 127649.6486
Nicki_Minaj, 1982-12-08, 2445312, 2,2,2,2,2,2,2,2,2,2,2,2,3,199, 0, 0, 1115701.245
Oskar_Lafontaine, 1943-09-16, 2430984, 2,2,2,3,199,509, 0, 0, 51602.93103
Rosie_Huntington-Whiteley, 1987-04-18, 2446904, 2,2,2,29,53,199, 0, 0, 503105.9688
Will_Wright_(game_designer), 1960-01-20, 2436954, 2,3,13,157,199, 0, 0, 28961.96296
Zvonimir_Boban, 1968-10-08, 2440138, 2,199,6131, 0, 0, 44551.2
