Allison_Mack, 1982-07-29, 2445180, 2,2,3,5,83,491, 0, 0, 130668.8214
Carlo_Goldoni, 1707-02-25, 2344584, 2,2,2,3,11,83,107, 0, 0, 39076.36538
Cristiano_Lucarelli, 1975-10-04, 2442690, 2,3,3,3,5,83,109, 0, 0, 53019.53846
Edward_G._Robinson, 1893-12-12, 2412810, 2,3,3,5,17,19,83, 0, 0, 81688.10714
Edward_I_of_England, 1239-06-17, 2173770, 2,3,3,3,5,83,97, 0, 0, 121767.5862
Fabian_Cancellara, 1981-03-18, 2444682, 2,3,83,4909, 0, 0, 55670.34211
Frank_Oz, 1944-05-25, 2431236, 2,2,3,83,2441, 0, 0, 148326.5385
Gideon_Sundback, 1880-04-24, 2407830, 2,3,5,83,967, 0, 0, 240902.9762
Hafez_al-Assad, 1930-10-06, 2426256, 2,2,2,2,3,3,7,29,83, 0, 0, 75907.44444
Hakan_Şükür, 1971-09-01, 2441196, 2,2,3,3,19,43,83, 0, 0, 80262.68421
Herbert_Spencer, 1820-04-27, 2385918, 2,3,3,83,1597, 0, 0, 90693.82353
Kurt_Angle, 1968-12-09, 2440200, 2,2,2,3,5,5,7,7,83, 0, 0, 324973.8889
Lamar_Odom, 1979-11-06, 2444184, 2,2,2,3,3,83,409, 0, 0, 363214.0357
Paul_Kruger, 1825-10-10, 2387910, 2,3,5,7,83,137, 0, 0, 33392.74194
Ulrika_Eleonora,_Queen_of_Sweden, 1688-01-23, 2337612, 2,2,3,83,2347, 0, 0, 13236.65517
