Arthur_Balfour, 1848-07-25, 2396234, 2,349,3433, 0, 0, 24002.53659
Audrey_Tautou, 1976-08-09, 2443000, 2,2,2,5,5,5,7,349, 0, 0, 170865.2679
Daniel_Nathans, 1928-10-30, 2425550, 2,5,5,139,349, 0, 0, 6806.419355
Désirée_Clary, 1777-11-08, 2370408, 2,2,2,3,283,349, 0, 0, 33745.1
Honorius_(emperor), 0384-09-09, 1861566, 2,3,7,127,349, 0, 0, 8855.192308
Horatio_Nelson,_1st_Viscount_Nelson, 1758-09-29, 2363428, 2,2,349,1693, 0, 0, 41672.74194
Immanuel_Wallerstein, 1930-09-28, 2426248, 2,2,2,11,79,349, 0, 0, 51488.03571
Jean-Pierre_Jeunet, 1953-09-03, 2434624, 2,2,2,2,2,2,109,349, 0, 0, 78296.39394
John_Wayne_Gacy, 1942-03-17, 2430436, 2,2,349,1741, 0, 0, 569592.3077
Joseph_L._Goldstein, 1940-04-18, 2429738, 2,59,59,349, 0, 0, 7495.870968
Kris_Kristofferson, 1936-06-22, 2428342, 2,7,7,71,349, 0, 0, 198308.7941
Roger_Garaudy, 1913-07-17, 2419966, 2,349,3467, 0, 0, 22962.6875
Rupert_Everett, 1959-05-29, 2436718, 2,349,3491, 0, 0, 140714.303
Thomas_Huckle_Weller, 1915-06-15, 2420664, 2,2,2,3,17,17,349, 0, 0, 5808.535714
