Brian_Greene, 1963-02-09, 2438070, 2,3,5,181,449, 0, 0, 60592.3871
Brian_Molko, 1972-12-10, 2441662, 2,449,2719, 0, 0, 110186
Brittany_Murphy, 1977-11-10, 2443458, 2,3,449,907, 0, 0, 647549.6735
Channing_Tatum, 1980-04-26, 2444356, 2,2,449,1361, 0, 0, 932963
Chris_O'Donnell, 1970-06-26, 2440764, 2,2,3,3,151,449, 0, 0, 182663.2941
Ernesto_Sabato, 1911-06-24, 2419212, 2,2,3,449,449, 0, 0, 58406.2439
Jamie_Oliver, 1975-05-27, 2442560, 2,2,2,2,2,2,5,17,449, 0, 0, 208293.7647
Jordana_Brewster, 1980-04-26, 2444356, 2,2,449,1361, 0, 0, 394103.2759
Juan_Manuel_Fangio, 1911-06-24, 2419212, 2,2,3,449,449, 0, 0, 48786.7551
Karl-Heinz_Rummenigge, 1955-09-25, 2435376, 2,2,2,2,3,113,449, 0, 0, 59110.32558
Lolo_Ferrari, 1963-02-09, 2438070, 2,3,5,181,449, 0, 0, 208142.1154
László_Papp, 1926-03-25, 2424600, 2,2,2,3,3,3,5,5,449, 0, 0, 7188.321429
Sean_Hayes_(actor), 1970-06-26, 2440764, 2,2,3,3,151,449, 0, 0, 24498.78788
Sophie_Germain, 1776-04-01, 2369822, 2,7,13,29,449, 0, 0, 27903.63636
