Carmen_Miranda, 1909-02-09, 2,7,7,24677, 99207.96429
Cicinho, 1980-06-24, 2,7,7,24943, 62358.90323
Ferdinand_Marcos, 1917-09-11, 2,7,7,24709, 102976.9811
Harry_Houdini, 1874-03-24, 2,7,7,24547, 320546.1818
James_Caan, 1940-03-26, 2,7,7,24793, 180407.2778
Lee_Marvin, 1924-02-19, 2,7,7,24733, 101383.1163
Luigi_Einaudi, 1874-03-24, 2,7,7,24547, 26256.93333
Michael_Clarke_Duncan, 1957-12-10, 2,7,7,24859, 361969.6111
Nancy_Pelosi, 1940-03-26, 2,7,7,24793, 133364.9792
Rabindranath_Tagore, 1861-05-07, 2,7,7,24499, 86493.2844
Shinzō_Abe, 1954-09-21, 2,7,7,24847, 86251.62903
Thomas_Hardy, 1840-06-02, 2,7,7,24421, 78440.61818
Wilhelmina_of_the_Netherlands, 1880-08-31, 2,7,7,24571, 46263.90909
