Akira_Toriyama, 1955-04-05, 2,3,3,7,7,11,251, 298591.871
Alyssa_Milano, 1972-12-19, 2,3,5,7,7,11,151, 391663.175
Andreu_Fontàs, 1989-11-14, 2,2,3,7,7,23,181, 36891.48485
Arne_Friedrich, 1979-05-29, 2,3,3,7,7,17,163, 33843.73171
Asafa_Powell, 1982-11-23, 2,2,2,2,7,7,3119, 75995.60465
Brett_Holman, 1984-03-27, 2,3,3,7,7,47,59, 18516.6
Cory_Monteith, 1982-05-11, 2,2,5,5,7,7,499, 629062.2857
Daniel_arap_Moi, 1924-09-02, 2,3,5,7,7,17,97, 17034.89474
Dean_Acheson, 1893-04-11, 2,2,3,7,7,11,373, 30438.22222
Elmer_Bernstein, 1922-04-04, 2,2,3,7,7,13,317, 30958.66667
Giovanni_Leone, 1908-11-03, 2,2,2,7,7,31,199, 24344.54839
Giulio_Andreotti, 1919-01-14, 2,2,3,3,7,7,1373, 101507.1282
Jim_Belushi, 1954-06-15, 2,2,3,7,7,41,101, 111295.9714
Johnny_Hallyday, 1943-06-15, 2,5,7,7,11,11,41, 158154.5405
Kristen_Schaal, 1978-01-24, 2,2,7,7,7,13,137, 108566.7931
Ognjen_Vukojević, 1983-12-20, 2,2,2,7,7,17,367, 11333.63333
Poul_Nyrup_Rasmussen, 1943-06-15, 2,5,7,7,11,11,41, 15207.57692
Tom_Felton, 1987-09-22, 2,2,5,7,7,11,227, 313715.5
Zdravko_Kuzmanović, 1987-09-22, 2,2,5,7,7,11,227, 43871.40741
