Akihito, 1933-12-23, 2427430, 2,5,17,109,131, 0, 0, 145303.2208
Andrea_Bocelli, 1958-09-22, 2436469, 7,131,2657, 0, 0, 165416.3944
Andy_Warhol, 1928-08-06, 2425465, 5,7,23,23,131, 0, 0, 343545.84
Emma_Watson, 1990-04-15, 2447997, 3,131,6229, 0, 0, 616320.5132
Eva_Braun, 1912-02-06, 2419439, 11,23,73,131, 0, 0, 198532.873
Friedensreich_Hundertwasser, 1928-12-15, 2425596, 2,2,3,131,1543, 0, 0, 158690.1429
Gerald_Ford, 1913-07-14, 2419963, 7,7,13,29,131, 0, 0, 146608.7113
Grigori_Rasputin, 1869-01-21, 2403719, 59,131,311, 0, 0, 286583.5246
Harry_Belafonte, 1927-03-01, 2424941, 107,131,173, 0, 0, 158232.5143
Hugh_Laurie, 1959-06-11, 2436731, 11,19,89,131, 0, 0, 371158.7037
Joseph_McCarthy, 1908-11-14, 2418260, 2,2,5,13,71,131, 0, 0, 164039.8293
Lily_Collins, 1989-03-18, 2447604, 2,2,3,3,3,131,173, 0, 0, 363962.1852
Louis_XVI_of_France, 1754-08-23, 2361930, 2,3,5,131,601, 0, 0, 196084.0676
Matthew_McConaughey, 1969-11-04, 2440530, 2,3,3,3,3,5,23,131, 0, 0, 413178.9167
Olivia_Wilde, 1984-03-10, 2445770, 2,5,131,1867, 0, 0, 737592.027
Richard_Harris, 1930-10-01, 2426251, 131,18521, 0, 0, 216976.5714
Robin_Williams, 1951-07-21, 2433849, 3,11,131,563, 0, 0, 381439.2333
Sean_Combs, 1969-11-04, 2440530, 2,3,3,3,3,5,23,131, 0, 0, 492898.4412
Shannen_Doherty, 1971-04-12, 2441054, 2,7,11,11,11,131, 0, 0, 305461.5143
Terry_Pratchett, 1948-04-28, 2432670, 2,3,5,131,619, 0, 0, 163785.1087
Thom_Yorke, 1968-10-07, 2440137, 3,7,131,887, 0, 0, 250655.75
