Alec_Guinness, 1914-04-02, 2420225, 5,5,131,739, 0, 0, 112840.1538
Cheech_Marin, 1946-07-13, 2432015, 5,47,79,131, 0, 0, 140636.3448
Ernst_Jünger, 1895-03-29, 2413282, 2,61,131,151, 0, 0, 54124.94118
Eva_Braun, 1912-02-06, 2419439, 11,23,73,131, 0, 0, 198532.873
Father_Damien, 1840-01-03, 2393108, 2,2,131,4567, 0, 0, 62525.71429
Félix_Faure, 1841-01-30, 2393501, 11,11,131,151, 0, 0, 38380.34483
Galba, -0003-12-24, 1720685, 5,37,71,131, 0, 0, 30359.55357
Hugh_Laurie, 1959-06-11, 2436731, 11,19,89,131, 0, 0, 371158.7037
Konrad_Lorenz, 1903-11-07, 2416426, 2,23,131,401, 0, 0, 55053.73469
Olivia_Wilde, 1984-03-10, 2445770, 2,5,131,1867, 0, 0, 737592.027
Pope_Gregory_XIV, 1535-02-11, 2281758, 2,3,131,2903, 0, 0, 12550.66667
Robin_Williams, 1951-07-21, 2433849, 3,11,131,563, 0, 0, 381439.2333
Thom_Yorke, 1968-10-07, 2440137, 3,7,131,887, 0, 0, 250655.75
Tom_Jones_(singer), 1940-06-07, 2429788, 2,2,131,4637, 0, 0, 30247.59091
Ward_Cunningham, 1949-05-26, 2433063, 3,41,131,151, 0, 0, 26990
