Akihito, 1933-12-23, 2,5,17,109,131, 145303.2208
Andy_Warhol, 1928-08-06, 5,7,23,23,131, 343545.84
Augustin-Jean_Fresnel, 1788-05-10, 2,2,23,131,197, 16025.26829
Brendan_Rodgers, 1973-01-26, 3,3,19,109,131, 75860.30769
Ernst_Zermelo, 1871-07-27, 2,2,13,131,353, 10512.5
Friedensreich_Hundertwasser, 1928-12-15, 2,2,3,131,1543, 158690.1429
Gerald_Ford, 1913-07-14, 7,7,13,29,131, 146608.7113
Guillermo_Vilas, 1952-08-17, 2,3,19,131,163, 41353.33333
Louis_XVI_of_France, 1754-08-23, 2,3,5,131,601, 196084.0676
Nelson_Piquet, 1952-08-17, 2,3,19,131,163, 62603.66667
Paul_Doumer, 1857-03-22, 2,2,19,131,241, 18633.72414
Shane_Long, 1987-01-22, 2,3,11,131,283, 30738.53846
Terry_Pratchett, 1948-04-28, 2,3,5,131,619, 163785.1087
Uwe_Seeler, 1936-11-05, 2,13,23,31,131, 36777.91667
Víctor_Valdés, 1982-01-14, 2,2,2,131,2333, 101753.4259
