Alexander_Grothendieck, 1928-03-28, 2425334, 2,131,9257, 0, 0, 34117.07143
Andrea_Bocelli, 1958-09-22, 2436469, 7,131,2657, 0, 0, 165416.3944
Andronikos_IV_Palaiologos, 1348-04-02, 2213507, 61,131,277, 0, 0, 6759.103448
Colin_Greenwood, 1969-06-26, 2440399, 13,131,1433, 0, 0, 42447.44444
Davide_Santon, 1991-01-02, 2448259, 11,131,1699, 0, 0, 92247.71429
Emma_Watson, 1990-04-15, 2447997, 3,131,6229, 0, 0, 616320.5132
Grigori_Rasputin, 1869-01-21, 2403719, 59,131,311, 0, 0, 286583.5246
Harry_Belafonte, 1927-03-01, 2424941, 107,131,173, 0, 0, 158232.5143
Isabel_Allende, 1942-08-02, 2430574, 2,131,9277, 0, 0, 99962.35185
Joan_Capdevila, 1978-02-03, 2443543, 23,131,811, 0, 0, 43911.5
John_B._Watson, 1878-01-09, 2406994, 2,131,9187, 0, 0, 100314.2941
John_Stuart,_3rd_Earl_of_Bute, 1713-05-25, 2346865, 5,131,3583, 0, 0, 1577.344828
Kamui_Kobayashi, 1986-09-13, 2446687, 19,131,983, 0, 0, 71458.30303
Rafael_van_der_Vaart, 1983-02-11, 2445377, 11,131,1697, 0, 0, 144663.1765
Richard_R._Ernst, 1933-08-14, 2427299, 7,131,2647, 0, 0, 8162.294118
Robert_B._Laughlin, 1950-11-01, 2433587, 13,131,1429, 0, 0, 8344.525
Roger_Guerreiro, 1982-05-25, 2445115, 5,131,3733, 0, 0, 32659.85714
Zbigniew_Brzezinski, 1928-03-28, 2425334, 2,131,9257, 0, 0, 82241.7027
Éver_Banega, 1988-06-29, 2447342, 2,131,9341, 0, 0, 62970.23077
