Alicia_Silverstone, 1976-10-04, 2443056, 2,2,2,2,3,7,11,661, 0, 0, 265780.2703
Antonio_Machado, 1875-07-26, 2406096, 2,2,2,2,3,3,7,7,11,31, 0, 0, 140250.9032
Carl_Jung, 1875-07-26, 2406096, 2,2,2,2,3,3,7,7,11,31, 0, 0, 224846.8472
Chuck_Berry, 1926-10-18, 2424807, 3,3,7,11,3499, 0, 0, 210749.1667
Enrico_Berlinguer, 1922-05-15, 2423190, 2,3,5,7,11,1049, 0, 0, 252491.1852
Eric_Idle, 1943-03-29, 2430813, 3,7,11,17,619, 0, 0, 114131.2941
Gabrielle_Giffords, 1970-06-08, 2440746, 2,3,3,3,7,11,587, 0, 0, 131759.1892
Gennaro_Gattuso, 1978-01-09, 2443518, 2,3,3,7,11,41,43, 0, 0, 116553.5
James_Cameron, 1954-08-16, 2434971, 3,7,11,83,127, 0, 0, 290244.2571
Janeane_Garofalo, 1964-09-28, 2438667, 3,3,3,3,7,11,17,23, 0, 0, 156328.2222
John_D._Rockefeller, 1839-07-08, 2392929, 3,3,3,7,11,1151, 0, 0, 304381.7358
Kim_Novak, 1933-02-13, 2427117, 3,7,7,11,19,79, 0, 0, 138737.0303
Klaus_Kinski, 1926-10-18, 2424807, 3,3,7,11,3499, 0, 0, 186547.2703
Leonardo_DiCaprio, 1974-11-11, 2442363, 3,7,11,97,109, 0, 0, 691050.3462
Nani, 1986-11-17, 2446752, 2,2,2,2,2,3,7,11,331, 0, 0, 104851.4464
Nat_King_Cole, 1919-03-17, 2422035, 3,3,3,5,7,11,233, 0, 0, 131799.625
Tom_Hanks, 1956-07-09, 2435664, 2,2,2,2,3,7,11,659, 0, 0, 405936.5769
Trent_Reznor, 1965-05-17, 2438898, 2,3,7,11,5279, 0, 0, 224082.3871
Vangelis, 1943-03-29, 2430813, 3,7,11,17,619, 0, 0, 135301.5217
Vera_Farmiga, 1973-08-06, 2441901, 3,7,11,11,31,31, 0, 0, 297918.2069
William_H._Macy, 1950-03-13, 2433354, 2,3,7,11,23,229, 0, 0, 161777.1
