Albert_Fert, 1938-03-07, 3,3,5,7,11,701, 13182.95652
Bengt_I._Samuelsson, 1934-05-21, 3,3,7,11,31,113, 5437.37931
David_Baltimore, 1938-03-07, 3,3,5,7,11,701, 15832.47059
Enrico_Berlinguer, 1922-05-15, 2,3,5,7,11,1049, 252491.1852
Fabio_Quagliarella, 1983-01-31, 2,3,7,11,67,79, 78678.25
John_D._Rockefeller, 1839-07-08, 3,3,3,7,11,1151, 304381.7358
Josef_Albers, 1888-03-19, 2,2,3,7,11,2609, 43066.96154
Keke_Rosberg, 1948-12-06, 2,2,3,7,11,2633, 51518.06452
Kim_Novak, 1933-02-13, 3,7,7,11,19,79, 138737.0303
Paul_Biya, 1933-02-13, 3,7,7,11,19,79, 22354.29545
Ralf_Schumacher, 1975-06-30, 2,3,7,11,17,311, 58244.29268
Robert_Koch, 1843-12-11, 2,3,7,11,71,73, 56331.39506
Vera_Farmiga, 1973-08-06, 3,7,11,11,31,31, 297918.2069
Viktor_Vasnetsov, 1848-05-15, 3,7,11,11,23,41, 17506.80556
William_H._Macy, 1950-03-13, 2,3,7,11,23,229, 161777.1
