Akira_Toriyama, 1955-04-05, 2,3,3,7,7,11,251, 298591.871
Alyssa_Milano, 1972-12-19, 2,3,5,7,7,11,151, 391663.175
André_Citroën, 1878-02-05, 2,2,3,5,7,11,521, 24604.67742
Dean_Acheson, 1893-04-11, 2,2,3,7,7,11,373, 30438.22222
Dirk_Kuyt, 1980-07-22, 2,3,7,11,11,13,37, 106860.8511
John_Candy, 1950-10-31, 3,5,7,7,7,11,43, 259134.5758
Kate_Ryan, 1980-07-22, 2,3,7,11,11,13,37, 63870.28205
Neil_Armstrong, 1930-08-05, 3,3,3,3,7,11,389, 229264.314
Pat_Morita, 1932-06-28, 2,3,3,7,11,17,103, 228295.5769
Zaha_Hadid, 1950-10-31, 3,5,7,7,7,11,43, 89713.52381
