Alicia_Silverstone, 1976-10-04, 2,2,2,2,3,7,11,661, 265780.2703
Christijan_Albers, 1979-04-16, 2,2,3,5,7,11,23,23, 13423.53333
Frederick_V,_Elector_Palatine, 1596-08-26, 3,3,5,5,7,7,11,19, 8792.25
Janeane_Garofalo, 1964-09-28, 3,3,3,3,7,11,17,23, 156328.2222
Mauro_Camoranesi, 1976-10-04, 2,2,2,2,3,7,11,661, 73479.61538
Pierre_Bayle, 1647-11-18, 2,2,2,3,3,7,11,419, 19016.25
Richard_Clayderman, 1953-12-28, 2,2,3,5,7,11,17,31, 82192.22581
Tom_Hanks, 1956-07-09, 2,2,2,2,3,7,11,659, 405936.5769
Viktor_Korchnoi, 1931-03-23, 2,2,2,3,7,11,13,101, 16561.53333
Willem_Einthoven, 1860-05-21, 2,2,2,3,3,7,11,433, 13841.83333
