Benedict_Arnold, 1741-01-14, 2356961, 31,76031, 0, 0, 170941.7931
Bronisław_Geremek, 1932-03-06, 2426773, 31,78283, 0, 0, 36523.74074
Charles_VI_of_France, 1368-12-03, 2221057, 31,71647, 0, 0, 33292.55769
Coolio, 1963-08-01, 2438243, 31,78653, 0, 0, 219342.1538
Dirk_Kuyt, 1980-07-22, 2444443, 31,78853, 0, 0, 106860.8511
Fritz_Lang, 1890-12-05, 2411707, 31,77797, 0, 0, 74890.42553
George_Stephenson, 1781-06-09, 2371717, 31,76507, 0, 0, 41136.03774
Georgia_O'Keeffe, 1887-11-15, 2410591, 31,77761, 0, 0, 92891.23529
Henrique_Hilário, 1975-10-21, 2442707, 31,78797, 0, 0, 28178.05882
Jeanne_Calment, 1875-02-21, 2405941, 31,77611, 0, 0, 187494
Julia_Louis-Dreyfus, 1961-01-13, 2437313, 31,78623, 0, 0, 274306.7143
Kate_Ryan, 1980-07-22, 2444443, 31,78853, 0, 0, 63870.28205
Loreena_McKennitt, 1957-02-17, 2435887, 31,78577, 0, 0, 91521.1
Louise_Fletcher, 1934-07-22, 2427641, 31,78311, 0, 0, 69241.06667
Mikuláš_Dzurinda, 1955-02-04, 2435143, 31,78553, 0, 0, 7847.466667
Niklas_Luhmann, 1927-12-08, 2425223, 31,78233, 0, 0, 67954.34483
Ratko_Mladić, 1942-03-12, 2430431, 31,78401, 0, 0, 59923.57627
Robert_Huth, 1984-08-18, 2445931, 31,78901, 0, 0, 40312.7037
Steve_Finnan, 1976-04-24, 2442893, 31,78803, 0, 0, 31956.41935
Thomas_Andrews_(shipbuilder), 1873-02-07, 2405197, 31,77587, 0, 0, 28109.75862
Tokugawa_Ieyasu, 1543-01-31, 2284669, 31,73699, 0, 0, 224746.8542
