Arthur_Schopenhauer, 1788-02-22, 2,31,149,257, 147123.7975
Brandy_Norwood, 1979-02-11, 2,2,31,19709, 238251.8065
Chris_Colfer, 1990-05-27, 3,11,31,2393, 392159.4828
Cobie_Smulders, 1982-04-03, 3,31,61,431, 510936.5405
Dana_Delany, 1956-03-13, 2,31,163,241, 171397.6667
Diane_Keaton, 1946-01-05, 2,31,61,643, 190583.1224
Helen_Keller, 1880-06-27, 2,31,71,547, 237778.7143
James_Earl_Ray, 1928-03-10, 2,2,31,19559, 173679
James_Gandolfini, 1961-09-18, 7,31,47,239, 284564.9655
Marilyn_Manson, 1969-01-05, 3,19,31,1381, 678146.7843
Meg_Ryan, 1961-11-19, 3,3,31,8737, 300319.4898
Michael_Jackson, 1958-08-29, 5,11,31,1429, 988099.6531
Michael_Moore_(saxophonist_and_clarinetist), 1954-12-04, 11,31,37,193, 193738.0652
Nicolas_Anelka, 1979-03-14, 3,11,31,2389, 193191.4906
Rick_Perry, 1950-03-04, 3,5,31,5233, 138200.7941
Seth_Green, 1974-02-08, 3,3,31,8753, 373231.6429
Spike_Lee, 1957-03-20, 2,31,101,389, 285770.2727
Taio_Cruz, 1985-04-23, 3,29,31,907, 268347.8571
Tina_Turner, 1939-11-26, 2,31,149,263, 326136.8364
Tony_Iommi, 1948-02-19, 3,3,31,8719, 143742.1714
Vivien_Leigh, 1913-11-05, 11,31,47,151, 165971.0794
