Anna_Popplewell, 1988-12-16, 2,2,2,31,71,139, 196293.9286
Candice_Bergen, 1946-05-09, 2,3,5,5,31,523, 105176.7568
Carrie_Underwood, 1983-03-10, 2,2,13,31,37,41, 377294.7429
Catherine_Deneuve, 1943-10-22, 2,2,3,5,31,1307, 144374.7115
Dianna_Agron, 1986-04-30, 3,3,3,31,37,79, 540759.6429
Gaël_Monfils, 1986-09-01, 5,5,7,11,31,41, 53312.95122
Henry_III_of_England, 1207-10-01, 2,2,7,31,47,53, 60239.63462
James_Cromwell, 1940-01-27, 2,2,2,31,97,101, 172301.1538
James_V_of_Scotland, 1512-04-10, 2,2,2,31,89,103, 38922.78947
Jesse_Jackson, 1941-10-08, 2,2,3,31,47,139, 191652.3704
Józef_Piłsudski, 1867-12-05, 2,3,3,31,59,73, 136777.2642
Mats_Hummels, 1988-12-16, 2,2,2,31,71,139, 101952.7714
Pablo_Escobar, 1949-12-01, 2,2,3,31,31,211, 596928.3953
Sebastián_Piñera, 1949-12-01, 2,2,3,31,31,211, 48829.67857
Simón_Bolívar, 1783-07-24, 2,2,19,19,31,53, 171110.4821
Sophia_of_Hanover, 1630-10-14, 2,2,7,17,31,157, 46061.73077
Stephen_Appiah, 1980-12-24, 2,3,3,13,31,337, 58712.93333
Takuma_Sato, 1977-01-28, 2,2,17,19,31,61, 50278.44118
Vera_Farmiga, 1973-08-06, 3,7,11,11,31,31, 297918.2069
W._H._Auden, 1907-02-21, 2,2,3,31,67,97, 68436
William_Friedkin, 1935-08-29, 2,2,3,31,61,107, 65834.19231
