Adrien_Brody, 1973-04-14, 2441787, 3,331,2459, 0, 0, 233331.5319
Antônio_Carlos_Jobim, 1927-01-25, 2424906, 2,3,3,11,37,331, 0, 0, 50452.05128
Birgit_Prinz, 1977-10-25, 2443442, 2,331,3691, 0, 0, 44847.07407
Charlotte_Rampling, 1946-02-05, 2431857, 3,31,79,331, 0, 0, 115599.1613
Gilbert_Gottfried, 1955-02-28, 2435167, 7,331,1051, 0, 0, 102059.3636
Giovanni_Gentile, 1875-05-30, 2406039, 3,331,2423, 0, 0, 31937.96154
Giovanni_van_Bronckhorst, 1975-02-05, 2442449, 47,157,331, 0, 0, 51154.21739
Harold_Wilson, 1916-03-11, 2420934, 2,3,23,53,331, 0, 0, 49131.86538
Henry_II_of_England, 1133-03-05, 2134950, 2,3,5,5,43,331, 0, 0, 106257.6842
Jana_Novotná, 1968-10-02, 2440132, 2,2,19,97,331, 0, 0, 23464.22581
Jet_Li, 1963-04-26, 2438146, 2,29,127,331, 0, 0, 420854.8333
Karolína_Kurková, 1984-02-28, 2445759, 3,3,331,821, 0, 0, 134681.2258
Mary_Lynn_Rajskub, 1971-06-22, 2441125, 5,5,5,59,331, 0, 0, 99592.62963
Mohammad_Reza_Pahlavi, 1919-10-26, 2422258, 2,331,3659, 0, 0, 164198.4035
Nani, 1986-11-17, 2446752, 2,2,2,2,2,3,7,11,331, 0, 0, 104851.4464
Patrick_Dempsey, 1966-01-13, 2439139, 331,7369, 0, 0, 344919.5946
Paz_Vega, 1976-01-02, 2442780, 2,2,3,3,5,41,331, 0, 0, 131161.2333
Peter_Carl_Fabergé, 1846-05-30, 2395447, 331,7237, 0, 0, 154953.3077
Philip_II_of_Spain, 1527-05-21, 2278935, 3,3,3,3,5,17,331, 0, 0, 142874.2344
Roberto_Ayala, 1973-04-14, 2441787, 3,331,2459, 0, 0, 37881.79487
Svetlana_Alliluyeva, 1926-02-28, 2424575, 5,5,293,331, 0, 0, 60273.28125
