Charles_Laughton, 1899-07-01, 2414837, 43,89,631, 0, 0, 53475.85294
Christian_Lorenz, 1966-11-16, 2439446, 2,631,1933, 0, 0, 80145.40741
Fredrik_Bajer, 1837-04-21, 2392121, 17,223,631, 0, 0, 5480.2
Geremi_Njitap, 1978-12-20, 2443863, 3,631,1291, 0, 0, 28794.91176
Kristin_Davis, 1965-02-23, 2438815, 5,631,773, 0, 0, 216373.6333
Luciano_Pavarotti, 1935-10-12, 2428088, 2,2,2,13,37,631, 0, 0, 123884.7949
Ludwig_Beck, 1880-06-29, 2407896, 2,2,2,3,3,53,631, 0, 0, 46002.36667
Queen_Sonja_of_Norway, 1937-07-04, 2428719, 3,631,1283, 0, 0, 27633.37931
Santiago_Carrillo, 1915-01-18, 2420516, 2,2,7,137,631, 0, 0, 41976.84615
Władysław_IV_Vasa, 1595-06-09, 2303781, 3,631,1217, 0, 0, 36045.18421
