Darren_Bent, 1984-02-06, 2445737, 7,7,19,37,71, 0, 0, 72977.02778
Domenico_Modugno, 1928-01-09, 2425255, 5,7,7,19,521, 0, 0, 57215.81081
Emilio_G._Segrè, 1905-01-30, 2416876, 2,2,7,7,11,19,59, 0, 0, 9271.229167
Frederick_V,_Elector_Palatine, 1596-08-26, 2304225, 3,3,5,5,7,7,11,19, 0, 0, 8792.25
Gérard_Philipe, 1922-12-04, 2423393, 7,7,19,19,137, 0, 0, 29105.48649
Holger_Badstuber, 1989-03-13, 2447599, 7,7,11,19,239, 0, 0, 53554.47368
Humphrey_Bogart, 1899-12-25, 2415014, 2,7,7,19,1297, 0, 0, 162800.3571
John_Bonham, 1948-05-31, 2432703, 3,7,7,13,19,67, 0, 0, 198457.2791
Kim_Novak, 1933-02-13, 2427117, 3,7,7,11,19,79, 0, 0, 138737.0303
Kirill_Meretskov, 1897-06-07, 2414083, 7,7,19,2593, 0, 0, 8053.133333
Manfred_von_Richthofen, 1892-05-02, 2412221, 7,7,19,2591, 0, 0, 201481.093
Marko_Marin, 1989-03-13, 2447599, 7,7,11,19,239, 0, 0, 96147.39474
Massimo_Oddo, 1976-06-14, 2442944, 2,2,2,2,2,2,7,7,19,41, 0, 0, 42181.78378
Neil_Young, 1945-11-12, 2431772, 2,2,7,7,19,653, 0, 0, 321384.093
Paul_Biya, 1933-02-13, 2427117, 3,7,7,11,19,79, 0, 0, 22354.29545
Peter_Facinelli, 1973-11-26, 2442013, 7,7,19,43,61, 0, 0, 332463.3846
Peter_Zumthor, 1943-04-26, 2430841, 7,7,7,19,373, 0, 0, 57836.65517
William_Bligh, 1754-09-09, 2361947, 7,7,19,43,59, 0, 0, 56939.41379
