Akira_Kurosawa, 1910-03-23, 2418754, 2,13,41,2269, 0, 0, 96410.39216
Anna_Bergendahl, 1991-12-11, 2448602, 2,13,41,2297, 0, 0, 9161.942857
Bear_Grylls, 1974-06-07, 2442206, 2,13,29,41,79, 0, 0, 458488.6
Carrie_Underwood, 1983-03-10, 2445404, 2,2,13,31,37,41, 0, 0, 377294.7429
Colin_McRae, 1968-08-05, 2440074, 2,3,7,13,41,109, 0, 0, 114889.5946
Enzo_Bearzot, 1927-09-26, 2425150, 2,5,5,7,13,13,41, 0, 0, 26282.23077
Georg_Michaelis, 1857-09-08, 2399566, 2,13,41,2251, 0, 0, 8753.225806
Herbert_Marcuse, 1898-07-19, 2414490, 2,3,5,13,41,151, 0, 0, 52662.16667
Johann_Palisa, 1848-12-06, 2396368, 2,2,2,2,13,41,281, 0, 0, 4591.942857
Mahesh_Bhupathi, 1974-06-07, 2442206, 2,13,29,41,79, 0, 0, 52912.68966
Marine_Le_Pen, 1968-08-05, 2440074, 2,3,7,13,41,109, 0, 0, 62280.04918
Nina_Dobrev, 1989-01-09, 2447536, 2,2,2,2,7,13,41,41, 0, 0, 473772.2889
René_Guénon, 1886-11-15, 2410226, 2,7,13,17,19,41, 0, 0, 35919.21429
Rudolf_Christoph_Eucken, 1846-01-05, 2395302, 2,3,7,13,41,107, 0, 0, 6631.215385
