Amedeo_Avogadro, 1776-08-09, 2369952, 2,2,2,2,2,3,3,3,13,211, 0, 0, 35850.27941
Andrew_Johnson_(English_footballer), 1981-02-10, 2444646, 2,3,211,1931, 0, 0, 8570.655172
Donald_Trump, 1946-06-14, 2431986, 2,3,17,113,211, 0, 0, 355265.5577
Fyodor_Tolbukhin, 1894-06-16, 2412996, 2,2,3,211,953, 0, 0, 7678.464286
Henri_Bergson, 1859-10-18, 2400336, 2,2,2,2,3,3,79,211, 0, 0, 51914.44286
Ivan_Shishkin, 1832-01-25, 2390208, 2,2,2,2,2,2,3,59,211, 0, 0, 13680.21053
Oskar_Schindler, 1908-04-28, 2418060, 2,2,3,5,191,211, 0, 0, 259355.0392
Pablo_Escobar, 1949-12-01, 2433252, 2,2,3,31,31,211, 0, 0, 596928.3953
Peter_O'Toole, 1932-08-02, 2426922, 2,3,3,3,3,71,211, 0, 0, 162080.3778
Robert_Enke, 1977-08-24, 2443380, 2,2,3,5,193,211, 0, 0, 128502.025
Sebastián_Piñera, 1949-12-01, 2433252, 2,2,3,31,31,211, 0, 0, 48829.67857
Émile_Loubet, 1838-12-31, 2392740, 2,2,3,3,3,3,5,7,211, 0, 0, 15937.38462
