Anne_Heche, 1969-05-25, 2,61,83,241, 245740.7586
Burton_Richter, 1931-03-22, 2,47,83,311, 9962.128205
Hande_Yener, 1973-01-12, 2,3,83,4903, 16167.43939
Hermann_Staudinger, 1881-03-23, 2,83,89,163, 9826.625
Imre_Kertész, 1929-11-09, 2,2,83,7307, 19437.42188
Kolo_Touré, 1981-03-19, 2,3,83,4909, 75458.91489
Morihei_Ueshiba, 1883-12-14, 2,23,83,631, 38789.63636
Olivier_Panis, 1966-09-02, 2,5,83,2939, 22275.46667
Roger_Martin_du_Gard, 1881-03-23, 2,83,89,163, 9471.678571
Salma_Hayek, 1966-09-02, 2,5,83,2939, 399996.7414
William_Shatner, 1931-03-22, 2,47,83,311, 298349.6087
