AnnaSophia_Robb, 1993-12-08, 2,5,13,83,227, 281830.5946
Cornelia_Funke, 1958-12-10, 2,2,41,83,179, 69351.46154
Frank_Oz, 1944-05-25, 2,2,3,83,2441, 148326.5385
Fritz_Todt, 1891-09-04, 2,2,5,83,1453, 23770.5
Gastón_Gaudio, 1978-12-09, 2,2,17,83,433, 26141.82143
Gideon_Sundback, 1880-04-24, 2,3,5,83,967, 240902.9762
Herbert_Spencer, 1820-04-27, 2,3,3,83,1597, 90693.82353
Hugo_Almeida, 1984-05-23, 2,2,53,83,139, 57602.40541
Humphry_Davy, 1778-12-17, 2,2,37,83,193, 31703.83051
John_Kerry, 1943-12-11, 2,5,29,83,101, 128333.8039
Tomislav_Nikolić, 1952-02-15, 2,11,31,43,83, 17335.2381
Ulrika_Eleonora,_Queen_of_Sweden, 1688-01-23, 2,2,3,83,2347, 13236.65517
