Allison_Mack, 1982-07-29, 2445180, 2,2,3,5,83,491, 0, 0, 130668.8214
AnnaSophia_Robb, 1993-12-08, 2449330, 2,5,13,83,227, 0, 0, 281830.5946
Cornelia_Funke, 1958-12-10, 2436548, 2,2,41,83,179, 0, 0, 69351.46154
Edward_G._Robinson, 1893-12-12, 2412810, 2,3,3,5,17,19,83, 0, 0, 81688.10714
Edward_I_of_England, 1239-06-17, 2173770, 2,3,3,3,5,83,97, 0, 0, 121767.5862
Eljero_Elia, 1987-02-13, 2446840, 2,2,2,5,11,67,83, 0, 0, 67714.44444
Emile_Heskey, 1978-01-11, 2443520, 2,2,2,2,2,2,2,2,5,23,83, 0, 0, 102361.275
Frank_Oz, 1944-05-25, 2431236, 2,2,3,83,2441, 0, 0, 148326.5385
Gideon_Sundback, 1880-04-24, 2407830, 2,3,5,83,967, 0, 0, 240902.9762
Hafez_al-Assad, 1930-10-06, 2426256, 2,2,2,2,3,3,7,29,83, 0, 0, 75907.44444
Hakan_Şükür, 1971-09-01, 2441196, 2,2,3,3,19,43,83, 0, 0, 80262.68421
Herbert_Spencer, 1820-04-27, 2385918, 2,3,3,83,1597, 0, 0, 90693.82353
Isabella_II_of_Spain, 1830-10-10, 2389736, 2,2,2,59,61,83, 0, 0, 71567.27907
John_Kerry, 1943-12-11, 2431070, 2,5,29,83,101, 0, 0, 128333.8039
Kurt_Angle, 1968-12-09, 2440200, 2,2,2,3,5,5,7,7,83, 0, 0, 324973.8889
Lamar_Odom, 1979-11-06, 2444184, 2,2,2,3,3,83,409, 0, 0, 363214.0357
Leon_Panetta, 1938-06-28, 2429078, 2,83,14633, 0, 0, 107243.3333
Mark_Harmon, 1951-09-02, 2433892, 2,2,83,7331, 0, 0, 389498.5333
Paolo_Maldini, 1968-06-26, 2440034, 2,83,14699, 0, 0, 143465.0847
Tracy_McGrady, 1979-05-24, 2444018, 2,83,14723, 0, 0, 151997.5833
Walt_Whitman, 1819-05-31, 2385586, 2,7,83,2053, 0, 0, 134698.7937
