Bruce_McLaren, 1937-08-30, 2428776, 2,2,2,3,3,7,61,79, 0, 0, 39614.39286
Carl_Friedrich_Gauss, 1777-04-30, 2370216, 2,2,2,3,61,1619, 0, 0, 92773.60185
David_Seaman, 1963-09-19, 2438292, 2,2,3,61,3331, 0, 0, 54429.36111
Fedor_Emelianenko, 1976-09-28, 2443050, 2,3,3,5,5,61,89, 0, 0, 571876.4286
Gabriella_Cilmi, 1991-10-10, 2448540, 2,2,3,3,5,61,223, 0, 0, 133658.9231
Heinrich_Cornelius_Agrippa, 1486-09-14, 2264076, 2,2,3,3,61,1031, 0, 0, 32362.90625
John_McCain, 1936-08-29, 2428410, 2,3,5,61,1327, 0, 0, 229144.573
Käthe_Kollwitz, 1867-07-08, 2403156, 2,2,3,7,7,61,67, 0, 0, 48019.88571
Lily_Tomlin, 1939-09-01, 2429508, 2,2,3,61,3319, 0, 0, 114911.1154
Maureen_O'Hara, 1920-08-17, 2422554, 2,3,61,6619, 0, 0, 123632.8214
Raymond_Chandler, 1888-07-23, 2410842, 2,3,7,61,941, 0, 0, 69268.86957
Sam_Querrey, 1987-10-07, 2447076, 2,2,3,61,3343, 0, 0, 24105.26923
Sean_Connery, 1930-08-25, 2426214, 2,3,7,61,947, 0, 0, 309066
William_Friedkin, 1935-08-29, 2428044, 2,2,3,31,61,107, 0, 0, 65834.19231
Xherdan_Shaqiri, 1991-10-10, 2448540, 2,2,3,3,5,61,223, 0, 0, 125993.7037
Yasser_Arafat, 1929-08-24, 2425848, 2,2,2,3,61,1657, 0, 0, 114414.3936
Óscar_Romero, 1917-08-15, 2421456, 2,2,2,2,3,61,827, 0, 0, 95163.2069
