Artur_Rasizade, 1935-02-26, 2427860, 2,2,5,233,521, 0, 0, 8494.096774
Chris_Penn, 1965-10-10, 2439044, 2,2,233,2617, 0, 0, 188139.5185
Date_Masamune, 1567-09-05, 2293652, 2,2,23,107,233, 0, 0, 277320.1481
Felix_Bloch, 1905-10-23, 2417142, 2,3,7,13,19,233, 0, 0, 10487.44
Ferdinand_III,_Holy_Roman_Emperor, 1608-07-13, 2308564, 2,2,233,2477, 0, 0, 10736.39535
Fernando_de_la_Rúa, 1937-09-15, 2428792, 2,2,2,233,1303, 0, 0, 36691.10345
Jordan_Rudess, 1956-11-04, 2435782, 2,233,5227, 0, 0, 56756.59259
Joseph_I_of_Portugal, 1714-06-06, 2347242, 2,3,23,73,233, 0, 0, 17795.6
Justin_Timberlake, 1981-01-31, 2444636, 2,2,43,61,233, 0, 0, 571333.029
Katlego_Mphela, 1984-11-29, 2446034, 2,29,181,233, 0, 0, 12216
Malcolm_Young, 1953-01-06, 2434384, 2,2,2,2,233,653, 0, 0, 156465.2692
Michael_Crichton, 1942-10-23, 2430656, 2,2,2,2,2,2,163,233, 0, 0, 156785.5532
Paul_Keres, 1916-01-07, 2420870, 2,5,233,1039, 0, 0, 11591
Pope_Paul_III, 1468-02-29, 2257304, 2,2,2,7,173,233, 0, 0, 33269.55357
Prosper_Mérimée, 1803-09-28, 2379862, 2,233,5107, 0, 0, 30427.88462
Robert_Lucas,_Jr., 1937-09-15, 2428792, 2,2,2,233,1303, 0, 0, 7646.939394
Vespasian, 0009-11-17, 1724666, 2,233,3701, 0, 0, 58268.92754
