Alan_Hutton, 1984-11-30, 2,29,181,233, 31213.03704
Aubrey_Beardsley, 1872-08-21, 2,13,233,397, 61316
Eugen_Bleuler, 1857-04-30, 2,19,233,271, 26694.51852
George_Pólya, 1887-12-13, 2,7,233,739, 22393.03448
Isaac_Newton, 1642-12-25, 2,17,233,293, 313659.9424
Itumeleng_Khune, 1987-06-20, 2,59,89,233, 11855.25926
Joseph_Bonaparte, 1768-01-07, 2,3,233,1693, 45084.08163
Marcelo_Ríos, 1975-12-26, 2,2,233,2621, 34655.6
Michelle_Bachelet, 1951-09-29, 2,3,233,1741, 54899.42857
Nigel_de_Jong, 1984-11-30, 2,29,181,233, 74471.40476
