Alan_Sillitoe, 1928-03-04, 2425310, 2,5,283,857, 0, 0, 17199.5
Bruno_Schulz, 1892-07-12, 2412292, 2,2,283,2131, 0, 0, 41198.88462
Celeste_Holm, 1917-04-29, 2421348, 2,2,3,23,31,283, 0, 0, 36565.64516
Désirée_Clary, 1777-11-08, 2370408, 2,2,2,3,283,349, 0, 0, 33745.1
Johanna_Spyri, 1827-06-12, 2388520, 2,2,2,5,211,283, 0, 0, 23876.64706
Konstantin_Zyryanov, 1977-10-05, 2443422, 2,3,283,1439, 0, 0, 9710.025
Lucrezia_Borgia, 1480-04-18, 2261736, 2,2,2,3,3,3,37,283, 0, 0, 226326.925
Nicolas_Boileau-Despréaux, 1636-11-01, 2318902, 2,17,241,283, 0, 0, 29682.925
Pina_Bausch, 1940-07-27, 2429838, 2,3,3,3,3,53,283, 0, 0, 97821.23333
Shane_Long, 1987-01-22, 2446818, 2,3,11,131,283, 0, 0, 30738.53846
Sylvia_Plath, 1932-10-27, 2427008, 2,2,2,2,2,2,2,67,283, 0, 0, 156827.0909
Sándor_Kocsis, 1929-09-21, 2425876, 2,2,283,2143, 0, 0, 24259.2069
