Alessandra_Ambrosio, 1981-04-11, 2,3,3,11,12347, 260149.3889
David_Alaba, 1992-06-24, 2,3,11,11,3373, 102558.8667
Debbie_Harry, 1945-07-01, 2,3,3,11,12281, 203803.7407
Enid_Blyton, 1897-08-11, 2,2,3,11,18289, 115140.1579
Friedrich_Hölderlin, 1770-03-20, 2,3,11,29,1237, 40305.28261
Gary_Neville, 1975-02-18, 2,3,11,23,1609, 74095.07843
Günter_Grass, 1927-10-16, 2,3,5,11,7349, 57431.57895
Jon_Voight, 1938-12-29, 2,3,3,11,12269, 218788.1731
Kevin_Love, 1988-09-07, 2,2,3,11,18541, 106012.3214
Leopold_II_of_Belgium, 1835-04-09, 2,3,11,19,1907, 57326.53846
Luigi_Galvani, 1737-09-09, 2,3,7,11,5099, 44220.95745
Michael_Gambon, 1940-10-19, 2,3,11,11,3347, 279427.3235
Oscar_Peterson, 1925-08-15, 2,3,11,109,337, 47128.02564
Raphael, 1483-03-28, 2,3,5,11,6857, 147547.6429
Roland_Barthes, 1915-11-12, 2,3,11,43,853, 104930.8409
Rui_Costa, 1972-03-29, 2,3,11,71,521, 53330.13158
Simão_Sabrosa, 1979-10-31, 2,3,11,29,1277, 68743.20588
Spencer_Tunick, 1967-01-01, 2,2,3,11,18481, 45050.34615
Trent_Reznor, 1965-05-17, 2,3,7,11,5279, 224082.3871
Vin_Diesel, 1967-07-18, 2,3,5,11,7393, 861818.1304
Zhang_Ziyi, 1979-02-09, 2,3,3,11,12343, 175378.907
