ATB, 1973-02-26, 2441740, 2,2,5,7,107,163, 0, 0, 62744.15625
Aaron_Sorkin, 1961-06-09, 2437460, 2,2,5,17,67,107, 0, 0, 155314.7037
Andrus_Ansip, 1956-10-01, 2435748, 2,2,3,7,107,271, 0, 0, 10090.82609
Colleen_McCullough, 1937-06-01, 2428686, 2,3,3,13,97,107, 0, 0, 31085.51852
Heydar_Aliyev, 1923-05-10, 2423550, 2,3,5,5,107,151, 0, 0, 24598.68182
Karl_Brandt, 1904-01-08, 2416488, 2,2,2,3,107,941, 0, 0, 20580.57692
Max_Euwe, 1901-05-20, 2415525, 3,5,5,7,43,107, 0, 0, 10874.26087
Michael_J._Fox, 1961-06-09, 2437460, 2,2,5,17,67,107, 0, 0, 467839.4
Morgan_Freeman, 1937-06-01, 2428686, 2,3,3,13,97,107, 0, 0, 432477.0909
Ole_Gunnar_Solskjær, 1973-02-26, 2441740, 2,2,5,7,107,163, 0, 0, 82381.24324
Raymond_Domenech, 1952-01-24, 2434036, 2,2,11,11,47,107, 0, 0, 72593.13514
Rudolf_Christoph_Eucken, 1846-01-05, 2395302, 2,3,7,13,41,107, 0, 0, 6631.215385
William_Friedkin, 1935-08-29, 2428044, 2,2,3,31,61,107, 0, 0, 65834.19231
