Amy_Winehouse, 1983-09-14, 2,2,2,107,2857, 591760.859
Bal_Gangadhar_Tilak, 1856-07-23, 2,3,37,101,107, 65868.35714
Bertrand_Russell, 1872-05-18, 2,2,3,107,1873, 114952.2041
Cyd_Charisse, 1922-03-08, 2,13,13,67,107, 72174.57692
Date_Masamune, 1567-09-05, 2,2,23,107,233, 277320.1481
Javier_Saviola, 1981-12-11, 2,5,5,107,457, 112270.6905
Marcos_Baghdatis, 1985-06-17, 2,7,23,71,107, 35513.68571
Matt_Stone, 1971-05-26, 2,11,17,61,107, 159636.5
Milton_Obote, 1925-12-28, 3,7,13,83,107, 29274.33333
Mohamed_Zidan, 1981-12-11, 2,5,5,107,457, 59732.8125
P._W._Botha, 1916-01-12, 5,5,5,107,181, 28038.83333
Raymond_Queneau, 1903-02-21, 3,3,13,107,193, 45005.72727
Robert_Baden-Powell,_1st_Baron_Baden-Powell, 1857-02-22, 2,2,2,107,2803, 44948.125
Robert_E._Lee, 1807-01-19, 7,11,17,17,107, 206202.2453
Rosen_Plevneliev, 1964-05-14, 2,5,43,53,107, 14675.43333
Susan_Hayward, 1917-06-30, 2,5,31,73,107, 61502.72414
Tancredo_Neves, 1910-03-04, 3,5,11,107,137, 46399.43333
