Aristotle_Onassis, 1906-01-15, 2417226, 2,3,7,67,859, 0, 0, 138229.5111
Eros_Ramazzotti, 1963-10-28, 2438331, 3,7,67,1733, 0, 0, 152322.3902
Fabio_Quagliarella, 1983-01-31, 2445366, 2,3,7,11,67,79, 0, 0, 78678.25
Hermann_Oberth, 1894-06-25, 2413005, 3,5,7,7,7,7,67, 0, 0, 19439.80645
John_Bonham, 1948-05-31, 2432703, 3,7,7,13,19,67, 0, 0, 198457.2791
Käthe_Kollwitz, 1867-07-08, 2403156, 2,2,3,7,7,61,67, 0, 0, 48019.88571
Marwan_I, 0623-03-28, 1948695, 3,5,7,67,277, 0, 0, 20131.32143
Mikhail_Tal, 1936-11-09, 2428482, 2,3,7,67,863, 0, 0, 22117.84
Robert_Mitchum, 1917-08-06, 2421447, 3,7,67,1721, 0, 0, 132434.775
Silvio_Piola, 1913-09-29, 2420040, 2,2,2,3,5,7,43,67, 0, 0, 42284.66667
Walther_Funk, 1890-08-18, 2411598, 2,3,7,67,857, 0, 0, 26125.8
