Danny_Elfman, 1953-05-29, 2434527, 3,3,19,23,619, 0, 0, 168895.5946
Frank_Darabont, 1959-01-28, 2436597, 3,3,23,79,149, 0, 0, 95925.14286
Jeri_Ryan, 1968-02-22, 2439909, 3,3,3,23,3929, 0, 0, 234186.3462
Michael_Clarke_Duncan, 1957-12-10, 2436183, 3,3,3,23,3923, 0, 0, 361969.6111
Mwai_Kibaki, 1931-11-15, 2426661, 3,3,19,23,617, 0, 0, 24494.46809
Paul_Signac, 1863-11-11, 2401821, 3,3,23,41,283, 0, 0, 43168.21622
René_van_de_Kerkhof, 1951-09-16, 2433906, 2,3,3,23,5879, 0, 0, 15626
Sheikh_Hasina, 1947-09-28, 2432457, 3,3,3,23,3917, 0, 0, 24057.76744
Steven_Seagal, 1952-04-10, 2434113, 3,3,11,23,1069, 0, 0, 446095.6667
Walter_Model, 1891-01-24, 2411757, 3,3,23,61,191, 0, 0, 49886.47368
Willy_van_de_Kerkhof, 1951-09-16, 2433906, 2,3,3,23,5879, 0, 0, 14988.19231
