50_Cent, 1975-07-06, 2442600, 2,2,2,3,3,5,5,23,59, 0, 0, 632055.6716
Alfonso_Cuarón, 1961-11-28, 2437632, 2,2,2,2,2,2,2,2,2,3,3,23,23, 0, 0, 89554.37931
Angela_Merkel, 1954-07-17, 2434941, 3,3,3,3,23,1307, 0, 0, 161930.6875
BoA, 1986-11-05, 2446740, 2,2,3,3,3,5,23,197, 0, 0, 244977.5588
Danny_Elfman, 1953-05-29, 2434527, 3,3,19,23,619, 0, 0, 168895.5946
F._Scott_Fitzgerald, 1896-09-24, 2413827, 3,3,3,13,13,23,23, 0, 0, 213149.0508
Frank_Darabont, 1959-01-28, 2436597, 3,3,23,79,149, 0, 0, 95925.14286
Janeane_Garofalo, 1964-09-28, 2438667, 3,3,3,3,7,11,17,23, 0, 0, 156328.2222
Jeri_Ryan, 1968-02-22, 2439909, 3,3,3,23,3929, 0, 0, 234186.3462
Jerry_Lewis, 1926-03-16, 2424591, 3,3,13,17,23,53, 0, 0, 300946.4138
Jim_Cummings, 1952-11-03, 2434320, 2,2,2,2,3,3,3,5,7,7,23, 0, 0, 120277.8846
Kelly_Clarkson, 1982-04-24, 2445084, 2,2,3,3,23,2953, 0, 0, 303434.4259
Les_Paul, 1915-06-09, 2420658, 2,3,3,3,23,1949, 0, 0, 308494.4082
Marc_Anthony, 1968-09-16, 2440116, 2,2,3,3,7,23,421, 0, 0, 342956.3636
Matthew_McConaughey, 1969-11-04, 2440530, 2,3,3,3,3,5,23,131, 0, 0, 413178.9167
Michael_Clarke_Duncan, 1957-12-10, 2436183, 3,3,3,23,3923, 0, 0, 361969.6111
Paul_Newman, 1925-01-26, 2424177, 3,3,7,7,23,239, 0, 0, 242660.0278
Sean_Combs, 1969-11-04, 2440530, 2,3,3,3,3,5,23,131, 0, 0, 492898.4412
Steven_Seagal, 1952-04-10, 2434113, 3,3,11,23,1069, 0, 0, 446095.6667
Terence_Hill, 1939-03-29, 2429352, 2,2,2,3,3,3,3,23,163, 0, 0, 317292.125
Zooey_Deschanel, 1980-01-17, 2444256, 2,2,2,2,2,3,3,3,3,23,41, 0, 0, 851459.7436
