Abhishek_Bachchan, 1976-02-05, 2442814, 2,11,37,3001, 0, 0, 185509.4186
Alvar_Aalto, 1898-02-03, 2414324, 2,2,11,37,1483, 0, 0, 53048.45161
Antônio_Carlos_Jobim, 1927-01-25, 2424906, 2,3,3,11,37,331, 0, 0, 50452.05128
Billy_Joel, 1949-05-09, 2433046, 2,7,7,11,37,61, 0, 0, 301556.5135
Charles_X_Gustav_of_Sweden, 1622-11-08, 2313795, 3,5,11,37,379, 0, 0, 27627.68571
Desiderius_Erasmus, 1466-10-28, 2256815, 5,11,37,1109, 0, 0, 123443.0725
Dianne_Wiest, 1948-03-28, 2432639, 11,37,43,139, 0, 0, 92413.62963
Giuseppe_Tomasi_di_Lampedusa, 1896-12-23, 2413917, 3,3,11,37,659, 0, 0, 22699.42105
Heinrich_Müller_(Gestapo), 1900-04-28, 2415138, 2,3,11,23,37,43, 0, 0, 26534.74074
Ian_Smith, 1919-04-08, 2422057, 11,11,37,541, 0, 0, 44972.34483
Ian_Thorpe, 1982-10-13, 2445256, 2,2,2,11,37,751, 0, 0, 120937.4878
Ian_Wright, 1963-11-03, 2438337, 3,11,37,1997, 0, 0, 81442.62963
Javier_Pastore, 1989-06-20, 2447698, 2,11,31,37,97, 0, 0, 159857.6207
Justin_Chambers, 1970-07-11, 2440779, 3,11,37,1999, 0, 0, 165256.8148
Michael_Moore_(saxophonist_and_clarinetist), 1954-12-04, 2435081, 11,31,37,193, 0, 0, 193738.0652
Milton_Friedman, 1912-07-31, 2419615, 5,11,29,37,41, 0, 0, 141755.6923
Nouri_al-Maliki, 1950-06-20, 2433453, 3,11,37,1993, 0, 0, 45634.68421
Ross_Turnbull, 1985-01-04, 2446070, 2,5,11,37,601, 0, 0, 31249.8
Tony_Jaa, 1976-02-05, 2442814, 2,11,37,3001, 0, 0, 244330.9259
Ulysses_S._Grant, 1822-04-27, 2386648, 2,2,2,11,37,733, 0, 0, 137247.9545
Willy_Sagnol, 1977-03-18, 2443221, 3,3,11,23,29,37, 0, 0, 40680.17241
