Akon, 1973-04-16, 2441789, 7,348827, 0, 0, 487832.8421
Andrew_Lloyd_Webber, 1948-03-22, 2432633, 7,347519, 0, 0, 163003.5435
Bill_Cosby, 1937-07-12, 2428727, 7,346961, 0, 0, 361650.6944
Bill_Nighy, 1949-12-12, 2433263, 7,347609, 0, 0, 228314.4706
Charles_Bukowski, 1920-08-16, 2422553, 7,346079, 0, 0, 274597.0784
Dan_Brown, 1964-06-22, 2438569, 7,348367, 0, 0, 203344.6154
Douglas_MacArthur, 1880-01-26, 2407741, 7,343963, 0, 0, 189132.1017
George_Foreman, 1949-01-10, 2432927, 7,347561, 0, 0, 224751.3143
Ginnifer_Goodwin, 1978-05-22, 2443651, 7,349093, 0, 0, 274232.8077
John_Belushi, 1949-01-24, 2432941, 7,347563, 0, 0, 343435.6061
Kathy_Bates, 1948-06-28, 2432731, 7,347533, 0, 0, 156992.3878
Lauryn_Hill, 1975-05-26, 2442559, 7,348937, 0, 0, 414150.2963
Linda_Lovelace, 1949-01-10, 2432927, 7,347561, 0, 0, 365441.7273
Little_Richard, 1932-12-05, 2427047, 7,346721, 0, 0, 224243.2414
Mark_Twain, 1835-11-30, 2391613, 7,341659, 0, 0, 194408.5755
Mary_J._Blige, 1971-01-11, 2440963, 7,348709, 0, 0, 306724.9643
Paul_Simon, 1941-10-13, 2430281, 7,347183, 0, 0, 222057.7105
Pope_Alexander_VI, 1431-01-01, 2243731, 7,320533, 0, 0, 171011.0164
Reinhard_Heydrich, 1904-03-07, 2416547, 7,345221, 0, 0, 166388.551
Shaquille_O'Neal, 1972-03-06, 2441383, 7,348769, 0, 0, 451524.24
T-Pain, 1985-09-30, 2446339, 7,349477, 0, 0, 375563.5313
