Benedict_Cumberbatch, 1976-07-19, 2442979, 7,11,31727, 0, 0, 429918.6129
Cher, 1946-05-20, 2431961, 7,263,1321, 0, 0, 316271.7969
Chris_Cornell, 1964-07-20, 2438597, 7,61,5711, 0, 0, 275757.8667
Cyndi_Lauper, 1953-06-22, 2434551, 3,7,115931, 0, 0, 308153.8293
Eddie_Murphy, 1961-04-03, 2437393, 7,67,5197, 0, 0, 325598.4925
Emily_Deschanel, 1976-10-11, 2443063, 7,421,829, 0, 0, 394974.8889
Iggy_Pop, 1947-04-21, 2432297, 7,47,7393, 0, 0, 293738.093
Joaquin_Phoenix, 1974-10-28, 2442349, 7,13,26839, 0, 0, 428683.1667
Josh_Brolin, 1968-02-12, 2439899, 7,11,31687, 0, 0, 430843.5
Katie_Holmes, 1978-12-18, 2443861, 7,127,2749, 0, 0, 386833.4894
Lou_Reed, 1942-03-02, 2430421, 7,53,6551, 0, 0, 306698.0976
Mark_Ruffalo, 1967-11-20, 2439815, 5,7,69709, 0, 0, 323909.8235
Martin_Luther, 1483-11-10, 2263037, 7,151,2141, 0, 0, 281343.952
Nicole_Richie, 1981-09-21, 2444869, 7,233,1499, 0, 0, 365720.3077
Patrick_Swayze, 1952-08-18, 2434243, 7,317,1097, 0, 0, 429206
Stephenie_Meyer, 1973-12-24, 2442041, 7,167,2089, 0, 0, 341643.3269
The_Rev, 1981-02-09, 2444645, 5,7,69847, 0, 0, 307043.3333
Tom_Hiddleston, 1981-02-09, 2444645, 5,7,69847, 0, 0, 305432.3793
Vanessa_L._Williams, 1963-03-18, 2438107, 7,379,919, 0, 0, 276110.9722
Viggo_Mortensen, 1958-10-20, 2436497, 7,107,3253, 0, 0, 332343.2766
Zoe_Saldana, 1978-06-19, 2443679, 7,7,49871, 0, 0, 412372.875
