Billy_Joel, 1949-05-09, 2,7,7,11,37,61, 301556.5135
Brigitte_Nielsen, 1963-07-15, 2,3,3,7,37,523, 277783.9394
Chloë_Sevigny, 1974-11-18, 2,5,7,23,37,41, 305713.5357
Christian_Slater, 1969-08-18, 2,2,3,7,17,1709, 228277.9394
Edward_Norton, 1969-08-18, 2,2,3,7,17,1709, 359733.8596
Enrico_Berlinguer, 1922-05-15, 2,3,5,7,11,1049, 252491.1852
Fran_Drescher, 1957-09-30, 2,2,2,2,7,21751, 315304.1034
Gustav_Klimt, 1862-07-14, 2,2,2,7,137,313, 211676.4571
John_D._Rockefeller, 1839-07-08, 3,3,3,7,11,1151, 304381.7358
Mary_I_of_England, 1516-02-18, 3,5,5,7,7,619, 280028.0328
Matthew_Morrison, 1978-10-30, 2,2,3,7,47,619, 289266.9286
Neil_Young, 1945-11-12, 2,2,7,7,19,653, 321384.093
Noel_Gallagher, 1967-05-29, 2,2,2,5,7,8713, 251010.3158
Paul_Newman, 1925-01-26, 3,3,7,7,23,239, 242660.0278
Rebecca_Romijn, 1972-11-06, 2,2,3,3,7,9689, 279454.8889
Robin_Tunney, 1972-06-19, 2,2,2,2,7,21799, 207258.9091
Roger_Waters, 1943-09-06, 2,7,13,19,19,37, 246861.9556
Ronald_Reagan, 1911-02-06, 2,3,3,7,73,263, 334460.6822
Sasha_Grey, 1988-03-14, 3,3,5,7,17,457, 1061929.568
Shannen_Doherty, 1971-04-12, 2,7,11,11,11,131, 305461.5143
Vera_Farmiga, 1973-08-06, 3,7,11,11,31,31, 297918.2069
