Ayrton_Senna, 1960-03-21, 5,7,7,7,7,7,29, 294298.3594
Ayumi_Hamasaki, 1978-10-02, 2,2,2,7,17,17,151, 304254.439
Bill_Clinton, 1946-08-19, 2,2,3,3,3,7,3217, 263930.3983
Chris_Jericho, 1970-11-09, 2,2,5,5,7,11,317, 424251.5
Ellen_Pompeo, 1969-11-10, 2,2,2,3,7,73,199, 252505.697
Gabrielle_Giffords, 1970-06-08, 2,3,3,3,7,11,587, 131759.1892
Gennaro_Gattuso, 1978-01-09, 2,3,3,7,11,41,43, 116553.5
Indira_Gandhi, 1917-11-19, 2,2,2,2,3,7,7207, 119306.4388
John_Stockton, 1962-03-26, 2,5,5,5,7,7,199, 113734.1212
Kim_Il-sung, 1912-04-15, 2,2,7,13,17,17,23, 146347.3289
Kristen_Stewart, 1990-04-09, 3,3,7,7,7,13,61, 955837.0345
Marc_Anthony, 1968-09-16, 2,2,3,3,7,23,421, 342956.3636
Michael_C._Hall, 1971-02-01, 2,2,2,7,7,13,479, 383879.4571
Nancy_Ajram, 1983-05-16, 3,3,3,3,7,19,227, 102775.75
Nat_King_Cole, 1919-03-17, 3,3,3,5,7,11,233, 131799.625
Paulo_Freire, 1921-09-19, 2,2,2,7,7,7,883, 198946.2857
Slavoj_Žižek, 1949-03-21, 3,3,3,3,7,7,613, 98222.34884
Steve_McQueen, 1930-03-24, 2,2,5,7,13,31,43, 281928.4259
Steve_Vai, 1960-06-06, 2,2,3,3,7,19,509, 213699.7632
Tom_Selleck, 1945-01-29, 3,3,3,5,7,31,83, 277634.5278
Victoria_Azarenka, 1989-07-31, 3,3,3,3,3,7,1439, 106898
