Daniel_Ortega, 1945-11-11, 2,3,5,11,7369, 39080.63158
Farouk_of_Egypt, 1920-02-11, 3,5,11,53,277, 59330.97222
George_Michael, 1963-06-25, 3,5,7,11,2111, 246603.5882
Graham_Greene, 1904-10-02, 3,5,11,97,151, 71160.94828
Isambard_Kingdom_Brunel, 1806-04-09, 3,5,11,47,307, 82107.37143
Lal_Bahadur_Shastri, 1904-10-02, 3,5,11,97,151, 59880.78125
Patriarch_Alexy_II_of_Moscow, 1929-02-23, 3,5,11,61,241, 18763.8
Terry_Gilliam, 1940-11-22, 3,3,5,11,4909, 182374.4878
Thomas_Johansson, 1975-03-24, 3,5,11,113,131, 13388.22222
Yann_Martel, 1963-06-25, 3,5,7,11,2111, 56688.74194
