Anton_Makarenko, 1888-01-13, 2,3,3,5,5,11,487, 26749.89286
Bohumil_Hrabal, 1914-03-28, 2,2,3,5,11,19,193, 37298.70968
Carlos_Castaneda, 1925-12-25, 2,3,3,5,11,31,79, 114968.2286
Eduard_Kokoity, 1964-10-31, 2,2,3,5,5,11,739, 6441.756098
George_Berkeley, 1685-03-12, 3,5,7,7,11,17,17, 45852.2459
Hans_Christian_Gram, 1853-09-13, 2,3,5,11,13,13,43, 9020.071429
Lothar_Matthäus, 1961-03-21, 2,2,3,3,5,11,1231, 106941.5882
Marco_van_Basten, 1964-10-31, 2,2,3,5,5,11,739, 116366.8654
Mark_Hamill, 1951-09-25, 3,3,3,5,11,11,149, 378820.2353
Nat_King_Cole, 1919-03-17, 3,3,3,5,7,11,233, 131799.625
Nâzım_Hikmet, 1902-01-15, 3,5,11,11,11,11,11, 68682.825
Saud_of_Saudi_Arabia, 1902-01-15, 3,5,11,11,11,11,11, 58837.84848
Vladimir_Prelog, 1906-07-23, 3,5,7,7,11,13,23, 8446.348837
