Bam_Margera, 1979-09-28, 2444145, 3,5,11,14813, 0, 0, 453206.5556
Briana_Banks, 1978-05-21, 2443650, 2,3,5,5,11,1481, 0, 0, 278049.4615
Carlos_Castaneda, 1925-12-25, 2424510, 2,3,3,5,11,31,79, 0, 0, 114968.2286
Carlos_Valderrama, 1961-09-02, 2437545, 3,5,11,11,17,79, 0, 0, 87651.18919
Diego_Ribas_da_Cunha, 1985-02-28, 2446125, 3,5,5,5,11,593, 0, 0, 150365.2727
Enrico_Berlinguer, 1922-05-15, 2423190, 2,3,5,7,11,1049, 0, 0, 252491.1852
Heidi_Klum, 1973-06-01, 2441835, 3,3,5,11,4933, 0, 0, 364413
Jeff_Bridges, 1949-12-04, 2433255, 3,5,11,14747, 0, 0, 305174.1087
Katie_Melua, 1984-09-16, 2445960, 2,2,2,3,5,11,17,109, 0, 0, 127300.8333
Lothar_Matthäus, 1961-03-21, 2437380, 2,2,3,3,5,11,1231, 0, 0, 106941.5882
Manuel_Noriega, 1934-02-11, 2427480, 2,2,2,3,3,5,11,613, 0, 0, 104634.7073
Marco_van_Basten, 1964-10-31, 2438700, 2,2,3,5,5,11,739, 0, 0, 116366.8654
Mark_Hamill, 1951-09-25, 2433915, 3,3,3,5,11,11,149, 0, 0, 378820.2353
Martha_Graham, 1894-05-11, 2412960, 2,2,2,2,2,3,5,11,457, 0, 0, 225573.8824
Melanie_Griffith, 1957-08-09, 2436060, 2,2,3,5,11,3691, 0, 0, 229125.2632
Meryl_Streep, 1949-06-22, 2433090, 2,3,5,11,73,101, 0, 0, 325459.9481
Mischa_Barton, 1986-01-24, 2446455, 3,5,11,14827, 0, 0, 329740.6765
Nat_King_Cole, 1919-03-17, 2422035, 3,3,3,5,7,11,233, 0, 0, 131799.625
Raphael, 1483-03-28, 2262810, 2,3,5,11,6857, 0, 0, 147547.6429
Richard_Clayderman, 1953-12-28, 2434740, 2,2,3,5,7,11,17,31, 0, 0, 82192.22581
Vin_Diesel, 1967-07-18, 2439690, 2,3,5,11,7393, 0, 0, 861818.1304
