Alexandre_Dumas, 1802-07-28, 2379435, 3,5,41,53,73, 0, 0, 88759
André_Ooijer, 1974-07-11, 2442240, 2,2,2,2,2,2,2,2,2,2,3,3,5,53, 0, 0, 22548.5
Axel_Oxenstierna, 1583-06-16, 2299405, 5,53,8677, 0, 0, 17665.96296
Benjamin_Thompson, 1753-03-26, 2361415, 5,7,19,53,67, 0, 0, 22550.88889
Giuseppe_Mazzini, 1805-06-22, 2380495, 5,13,53,691, 0, 0, 64341.97561
Hattie_McDaniel, 1895-06-10, 2413355, 5,7,53,1301, 0, 0, 65830.34483
Joseph_Schumpeter, 1883-02-08, 2408850, 2,3,3,5,5,53,101, 0, 0, 87888.2381
Klara_Hitler, 1860-08-12, 2400635, 5,53,9059, 0, 0, 70638.55556
Kurt_Student, 1890-05-12, 2411500, 2,2,5,5,5,7,13,53, 0, 0, 26591.83333
Leo_Tolstoy, 1828-09-09, 2388975, 3,5,5,53,601, 0, 0, 131556.439
Michael_Wittmann, 1914-04-22, 2420245, 5,53,9133, 0, 0, 57423.41935
Nicolas_Malebranche, 1638-08-06, 2319545, 5,53,8753, 0, 0, 23500.07407
Owen_Hargreaves, 1981-01-20, 2444625, 3,3,5,5,5,41,53, 0, 0, 94495.67442
Paul-Henri_Spaak, 1899-01-25, 2414680, 2,2,2,5,17,53,67, 0, 0, 19102.58065
Paulo_Mendes_da_Rocha, 1928-10-25, 2425545, 3,3,3,3,5,53,113, 0, 0, 21050.73077
Rachel_McAdams, 1978-11-17, 2443830, 2,3,5,29,53,53, 0, 0, 626933.5366
Rafael_Trujillo, 1891-10-24, 2412030, 2,3,5,37,41,53, 0, 0, 113953.3077
Rosen_Plevneliev, 1964-05-14, 2438530, 2,5,43,53,107, 0, 0, 14675.43333
Sam_Harris, 1967-04-09, 2439590, 2,5,53,4603, 0, 0, 13626.96552
Samuel_C._C._Ting, 1936-01-27, 2428195, 5,7,7,11,17,53, 0, 0, 12305.13158
Walter_Benjamin, 1892-07-15, 2412295, 5,53,9103, 0, 0, 93427.38776
