Ahmed_Hassan_al-Bakr, 1914-07-01, 2420315, 5,19,73,349, 0, 0, 25269.51613
Alexandre_Dumas, 1802-07-28, 2379435, 3,5,41,53,73, 0, 0, 88759
Benazir_Bhutto, 1953-06-21, 2434550, 2,5,5,23,29,73, 0, 0, 74179.77174
Claudio_Abbado, 1933-06-26, 2427250, 2,5,5,5,7,19,73, 0, 0, 33907.69231
Eduardo_Frei_Ruiz-Tagle, 1942-06-24, 2430535, 5,73,6659, 0, 0, 27083.03571
Eren_Derdiyok, 1988-06-12, 2447325, 3,3,5,5,73,149, 0, 0, 46217.75
John_Garang, 1945-06-23, 2431630, 2,5,73,3331, 0, 0, 23075.6
Julia_Kristeva, 1941-06-24, 2430170, 2,5,73,3329, 0, 0, 40846.6129
Keisuke_Honda, 1986-06-13, 2446595, 5,73,6703, 0, 0, 240454.4054
Lion_Feuchtwanger, 1884-07-07, 2409365, 5,7,23,41,73, 0, 0, 22209.65714
Louis_XIV_of_France, 1638-09-05, 2319575, 5,5,31,41,73, 0, 0, 285747.7978
Marc_Chagall, 1887-07-07, 2410460, 2,2,5,13,73,127, 0, 0, 163803.3559
Mauricio_Isla, 1988-06-12, 2447325, 3,3,5,5,73,149, 0, 0, 53578.37931
Mel_Brooks, 1926-06-28, 2424695, 5,7,13,73,73, 0, 0, 194183.4565
Meryl_Streep, 1949-06-22, 2433090, 2,3,5,11,73,101, 0, 0, 325459.9481
Michel_Platini, 1955-06-21, 2435280, 2,2,2,2,3,5,73,139, 0, 0, 101190.0984
Paula_Abdul, 1962-06-19, 2437835, 5,73,6679, 0, 0, 242286.2619
Paulina_Rubio, 1971-06-17, 2441120, 2,2,2,2,2,5,11,19,73, 0, 0, 129890
Robert_Walpole, 1676-08-26, 2333445, 3,5,73,2131, 0, 0, 27497.54
Susan_Hayward, 1917-06-30, 2421410, 2,5,31,73,107, 0, 0, 61502.72414
Wilfred_Bouma, 1978-06-15, 2443675, 5,5,13,73,103, 0, 0, 26590.48276
