Bono, 1960-05-10, 2437065, 3,3,5,31,1747, 0, 0, 233445.2264
Candice_Bergen, 1946-05-09, 2431950, 2,3,5,5,31,523, 0, 0, 105176.7568
Carlos_Castaneda, 1925-12-25, 2424510, 2,3,3,5,11,31,79, 0, 0, 114968.2286
Catherine_Deneuve, 1943-10-22, 2431020, 2,2,3,5,31,1307, 0, 0, 144374.7115
Elias_James_Corey, 1928-07-12, 2425440, 2,2,2,2,2,3,5,31,163, 0, 0, 12611.68571
Elif_Şafak, 1971-10-25, 2441250, 2,3,3,5,5,5,5,7,31, 0, 0, 41302.69231
Hayden_Panettiere, 1989-08-21, 2447760, 2,2,2,2,3,5,7,31,47, 0, 0, 537846.0213
Ian_Curtis, 1956-07-15, 2435670, 2,3,3,3,3,5,31,97, 0, 0, 209369.3429
Javier_Solana, 1942-07-14, 2430555, 3,5,31,5227, 0, 0, 32935.1
Jessica_Tandy, 1909-06-07, 2418465, 3,5,7,31,743, 0, 0, 78985.57143
Joe_Satriani, 1956-07-15, 2435670, 2,3,3,3,3,5,31,97, 0, 0, 240564.2703
Lauren_Bacall, 1924-09-16, 2424045, 3,5,13,31,401, 0, 0, 180957.5
Paul_Kagame, 1957-10-23, 2436135, 3,5,13,13,31,31, 0, 0, 36216.34694
Richard_Clayderman, 1953-12-28, 2434740, 2,2,3,5,7,11,17,31, 0, 0, 82192.22581
Rick_Perry, 1950-03-04, 2433345, 3,5,31,5233, 0, 0, 138200.7941
Robert_Louis_Stevenson, 1850-11-13, 2397075, 3,5,5,31,1031, 0, 0, 201986.3676
Stanley_Milgram, 1933-08-15, 2427300, 2,2,3,3,3,5,5,29,31, 0, 0, 47217.96875
Tom_Selleck, 1945-01-29, 2431485, 3,3,3,5,7,31,83, 0, 0, 277634.5278
Virginia_Apgar, 1909-06-07, 2418465, 3,5,7,31,743, 0, 0, 11302.88462
Yitzhak_Rabin, 1922-03-01, 2423115, 3,3,3,3,5,31,193, 0, 0, 92744.10938
