Adrian_Năstase, 1950-06-22, 2433455, 5,59,73,113, 0, 0, 9266.16129
Alain_Robbe-Grillet, 1922-08-18, 2423285, 5,113,4289, 0, 0, 29943.22857
Alexander_Stepanovich_Popov, 1859-03-16, 2400120, 2,2,2,3,3,5,59,113, 0, 0, 14746.34286
Billie_Joe_Armstrong, 1972-02-17, 2441365, 5,29,113,149, 0, 0, 305341.3864
Claudio_Marchisio, 1986-01-19, 2446450, 2,5,5,113,433, 0, 0, 74269.47619
David_James_(footballer), 1970-08-01, 2440800, 2,2,2,2,2,3,3,3,5,5,113, 0, 0, 22866.54286
Felix_Magath, 1953-07-26, 2434585, 5,31,113,139, 0, 0, 72597.9
Hans_von_Euler-Chelpin, 1873-02-15, 2405205, 3,3,5,11,43,113, 0, 0, 5790.078947
Iris_Murdoch, 1919-07-15, 2422155, 3,5,113,1429, 0, 0, 44556.81818
Karl_Mannheim, 1893-03-27, 2412550, 2,5,5,7,61,113, 0, 0, 21428.33333
Paulo_Mendes_da_Rocha, 1928-10-25, 2425545, 3,3,3,3,5,53,113, 0, 0, 21050.73077
Peter_Naur, 1928-10-25, 2425545, 3,3,3,3,5,53,113, 0, 0, 8011.851852
Stephen_Hendry, 1969-01-13, 2440235, 5,7,113,617, 0, 0, 71803.48276
William_IX,_Duke_of_Aquitaine, 1071-10-22, 2112535, 5,113,3739, 0, 0, 9483.230769
