Abdelaziz_Bouteflika, 1937-03-02, 2428595, 5,13,37363, 0, 0, 51167.94118
August_Ferdinand_Möbius, 1790-11-17, 2375165, 5,13,36541, 0, 0, 14951.12195
Bonnie_Hunt, 1961-09-22, 2437565, 5,13,37501, 0, 0, 146965.8148
Cab_Calloway, 1907-12-25, 2417935, 5,13,37199, 0, 0, 76336.36667
Domenico_Criscito, 1986-12-30, 2446795, 5,13,37643, 0, 0, 57182.96154
Ellie_Goulding, 1986-12-30, 2446795, 5,13,37643, 0, 0, 456079.4815
Gerd_von_Rundstedt, 1875-12-12, 2406235, 5,13,37019, 0, 0, 67607.4878
Juliette_Lewis, 1973-06-21, 2441855, 5,13,37567, 0, 0, 317264.4
Jupp_Heynckes, 1945-05-09, 2431585, 5,13,37409, 0, 0, 122083.5
Maarten_Stekelenburg, 1982-09-22, 2445235, 5,13,37619, 0, 0, 48379.62791
Ray_Liotta, 1954-12-18, 2435095, 5,13,37463, 0, 0, 233494.8125
