Albert_Kesselring, 1885-11-30, 5,5,5,13,1483, 64988.48387
Alfred_Rosenberg, 1893-01-12, 5,5,13,13,571, 72827.18605
Allen_Iverson, 1975-06-07, 2,3,5,13,6263, 335376.5641
Benny_Andersson, 1946-12-16, 2,5,13,53,353, 100006.9118
Bill_Kaulitz, 1989-09-01, 2,5,13,19,991, 251795.3929
Christopher_Tolkien, 1924-11-21, 2,5,13,29,643, 54680.19231
Daniel_Brühl, 1978-06-16, 5,5,13,73,103, 170426.7037
Daniel_Sturridge, 1989-09-01, 2,5,13,19,991, 129994.4839
Demba_Ba, 1985-05-25, 2,5,13,31,607, 148081.5938
Frank_Gehry, 1929-02-28, 2,5,13,47,397, 138694.1304
George_Grosz, 1893-07-26, 2,5,13,67,277, 42839.81818
Gough_Whitlam, 1916-07-11, 5,7,13,17,313, 54667.77778
Hermann_Göring, 1893-01-12, 5,5,13,13,571, 206633.7231
Jean_Anouilh, 1910-06-23, 5,11,13,17,199, 47932.77273
John_Legend, 1978-12-28, 2,5,11,13,1709, 281105.1786
Léon_Foucault, 1819-09-18, 5,13,17,17,127, 111946.6098
Olympe_de_Gouges, 1748-05-07, 2,5,7,13,2593, 67814.97222
Ralph_Fiennes, 1962-12-22, 2,2,5,13,9377, 461792.0465
Tara_Strong, 1973-02-12, 5,5,11,13,683, 244226.75
Tré_Cool, 1972-12-09, 2,2,5,13,9391, 80652.61111
Willy_Sagnol, 1977-03-18, 2,2,5,13,9397, 40680.17241
