Anna_Chakvetadze, 1987-03-05, 2,2,3,5,13,3137, 20977.9697
Billy_Crystal, 1948-03-14, 3,5,5,5,13,499, 136676.8
Clive_Granger, 1934-09-04, 5,13,13,13,13,17, 11154.66667
Conrad_IV_of_Germany, 1228-04-25, 2,2,5,5,13,1669, 9879.967742
Eduard_Khil, 1934-09-04, 5,13,13,13,13,17, 119282.2857
Ferdinand_II_of_Aragon, 1452-03-10, 2,3,5,13,23,251, 66013.89091
Floyd_Landis, 1975-10-14, 2,2,5,5,13,1879, 46628.83871
Girolamo_Savonarola, 1452-09-21, 3,3,3,5,13,1283, 68041.46
Herbert_Marcuse, 1898-07-19, 2,3,5,13,41,151, 52662.16667
Howard_Hawks, 1896-05-30, 2,3,3,5,13,2063, 55869.51515
Jan_Łukasiewicz, 1878-12-21, 2,2,5,13,47,197, 11242.10714
Jens_Böhrnsen, 1949-06-12, 2,2,2,5,13,4679, 13118
Jon_Lord, 1941-06-09, 5,7,7,7,13,109, 75831.89744
Joseph_McCarthy, 1908-11-14, 2,2,5,13,71,131, 164039.8293
L._Frank_Baum, 1856-05-15, 3,3,3,5,13,1367, 72106.79412
Li_Peng, 1928-10-20, 2,2,5,13,19,491, 88356.85185
Marc_Chagall, 1887-07-07, 2,2,5,13,73,127, 163803.3559
Mathieu_Debuchy, 1985-07-28, 3,5,5,13,13,193, 36108.85714
Paul_Kagame, 1957-10-23, 3,5,13,13,31,31, 36216.34694
Pope_Gregory_XIII, 1502-01-07, 2,5,13,13,17,79, 22895.03175
Ögedei_Khan, 1186-11-07, 3,3,5,13,29,127, 30582.2093
