Abdullah_II_of_Jordan, 1962-01-30, 2437695, 3,3,3,3,5,13,463, 0, 0, 78509.71429
David_Dacko, 1930-03-24, 2426060, 2,2,5,7,13,31,43, 0, 0, 9224.965517
Enzo_Bearzot, 1927-09-26, 2425150, 2,5,5,7,13,13,41, 0, 0, 26282.23077
Frank_Lloyd, 1886-02-02, 2409940, 2,2,5,13,13,23,31, 0, 0, 8627.111111
Frederick_I_of_Denmark, 1471-10-07, 2258620, 2,2,5,7,13,17,73, 0, 0, 15340.46154
Hans_Christian_Gram, 1853-09-13, 2398110, 2,3,5,11,13,13,43, 0, 0, 9020.071429
John_C._Mather, 1946-08-07, 2432040, 2,2,2,3,5,13,1559, 0, 0, 9672.25
Richard_Gasquet, 1986-06-18, 2446600, 2,2,2,5,5,13,941, 0, 0, 55620
Roy_Lichtenstein, 1923-10-27, 2423720, 2,2,2,5,13,59,79, 0, 0, 199549.0833
Sander_Boschker, 1970-10-20, 2440880, 2,2,2,2,5,13,2347, 0, 0, 13617.76923
Steve_McQueen, 1930-03-24, 2426060, 2,2,5,7,13,31,43, 0, 0, 281928.4259
Thora_Birch, 1982-03-11, 2445040, 2,2,2,2,5,13,2351, 0, 0, 195103.6667
Vladimir_Prelog, 1906-07-23, 2417415, 3,5,7,7,11,13,23, 0, 0, 8446.348837
Željko_Ražnatović, 1952-04-17, 2434120, 2,2,2,5,13,31,151, 0, 0, 66580.33333
