Alfred_Hitchcock, 1899-08-13, 2414880, 2,2,2,2,2,3,3,3,5,13,43, 0, 0, 232167.01
AnnaSophia_Robb, 1993-12-08, 2449330, 2,5,13,83,227, 0, 0, 281830.5946
Catherine_Zeta-Jones, 1969-09-25, 2440490, 2,5,13,18773, 0, 0, 292279.4154
Eazy-E, 1963-09-07, 2438280, 2,2,2,3,3,5,13,521, 0, 0, 402529.2258
Ellie_Goulding, 1986-12-30, 2446795, 5,13,37643, 0, 0, 456079.4815
Evanna_Lynch, 1991-08-16, 2448485, 5,13,139,271, 0, 0, 271014.2759
Frankie_Muniz, 1985-12-05, 2446405, 5,13,61,617, 0, 0, 521514.3077
Jared_Padalecki, 1982-07-19, 2445170, 2,5,7,13,2687, 0, 0, 349159.1471
Jerry_Lee_Lewis, 1935-09-29, 2428075, 5,5,13,31,241, 0, 0, 232342.5429
Juliette_Lewis, 1973-06-21, 2441855, 5,13,37567, 0, 0, 317264.4
Kelsey_Grammer, 1955-02-21, 2435160, 2,2,2,3,5,7,13,223, 0, 0, 302374.5172
Mother_Teresa, 1910-08-26, 2418910, 2,5,13,23,809, 0, 0, 298469.6139
Ray_Liotta, 1954-12-18, 2435095, 5,13,37463, 0, 0, 233494.8125
Roald_Dahl, 1916-09-13, 2421120, 2,2,2,2,2,2,2,3,5,13,97, 0, 0, 261161.2745
Roy_Lichtenstein, 1923-10-27, 2423720, 2,2,2,5,13,59,79, 0, 0, 199549.0833
Saif_Ali_Khan, 1970-08-16, 2440815, 3,5,13,12517, 0, 0, 301988.375
Sergio_Agüero, 1988-06-02, 2447315, 5,13,23,1637, 0, 0, 222520.875
Steve_McQueen, 1930-03-24, 2426060, 2,2,5,7,13,31,43, 0, 0, 281928.4259
Steven_Gerrard, 1980-05-30, 2444390, 2,5,13,18803, 0, 0, 208707.7969
Timothy_McVeigh, 1968-04-23, 2439970, 2,5,13,137,137, 0, 0, 230754.2581
Vanessa_Hudgens, 1988-12-14, 2447510, 2,5,13,67,281, 0, 0, 576795.339
