Benjamin_Thompson, 1753-03-26, 2361415, 5,7,19,53,67, 0, 0, 22550.88889
Claudio_Abbado, 1933-06-26, 2427250, 2,5,5,5,7,19,73, 0, 0, 33907.69231
Connie_Francis, 1938-12-12, 2429245, 5,7,13,19,281, 0, 0, 105616.1481
Domenico_Modugno, 1928-01-09, 2425255, 5,7,7,19,521, 0, 0, 57215.81081
Frederick_V,_Elector_Palatine, 1596-08-26, 2304225, 3,3,5,5,7,7,11,19, 0, 0, 8792.25
Friedrich_Georg_Wilhelm_von_Struve, 1793-04-15, 2376045, 3,3,5,7,19,397, 0, 0, 5553.75
Henrik_Larsson, 1971-09-20, 2441215, 5,7,19,3671, 0, 0, 104126.3778
Juliusz_Słowacki, 1809-09-04, 2382030, 2,3,3,5,7,19,199, 0, 0, 79692.86667
René_Magritte, 1898-11-21, 2414615, 5,7,19,3631, 0, 0, 216400.3929
Taylor_Momsen, 1993-07-26, 2449195, 5,7,19,29,127, 0, 0, 448704.027
