Akihito, 1933-12-23, 2427430, 2,5,17,109,131, 0, 0, 145303.2208
Brendan_Rodgers, 1973-01-26, 2441709, 3,3,19,109,131, 0, 0, 75860.30769
Christian_III_of_Denmark, 1503-08-12, 2270252, 2,2,41,109,127, 0, 0, 15773.03571
Christian_V_of_Denmark, 1646-04-15, 2322354, 2,3,53,67,109, 0, 0, 14901.96154
Christian_Wilhelmsson, 1979-12-08, 2444216, 2,2,2,109,2803, 0, 0, 36999.31034
Jan_Matejko, 1838-06-24, 2392550, 2,5,5,109,439, 0, 0, 73357.92308
Joshua_Jackson, 1978-06-11, 2443671, 3,3,47,53,109, 0, 0, 302592.2258
Leonardo_DiCaprio, 1974-11-11, 2442363, 3,7,11,97,109, 0, 0, 691050.3462
Mao_Zedong, 1893-12-26, 2412824, 2,2,2,109,2767, 0, 0, 238131
Max_Born, 1882-12-11, 2408791, 7,7,11,41,109, 0, 0, 28921.40984
Michael_Johnson_(sprinter), 1967-09-13, 2439747, 3,3,3,109,829, 0, 0, 33684.97368
Oscar_Peterson, 1925-08-15, 2424378, 2,3,11,109,337, 0, 0, 47128.02564
Paul_Gascoigne, 1967-05-27, 2439638, 2,19,19,31,109, 0, 0, 124610.25
Peter_Singer, 1946-07-06, 2432008, 2,2,2,109,2789, 0, 0, 99841.93939
Philip_I_of_France, 1052-05-23, 2105444, 2,2,11,109,439, 0, 0, 16053.5625
Roger_Glover, 1945-11-30, 2431790, 2,5,23,97,109, 0, 0, 47004.25
Sylvester_Stallone, 1946-07-06, 2432008, 2,2,2,109,2789, 0, 0, 591962.2297
Terrence_Howard, 1969-03-11, 2440292, 2,2,29,109,193, 0, 0, 218361.6071
Thorstein_Veblen, 1857-07-30, 2399526, 2,3,3,109,1223, 0, 0, 48496.23333
Viola_Davis, 1965-08-11, 2438984, 2,2,2,109,2797, 0, 0, 109216.5862
William_Boeing, 1881-10-01, 2408355, 3,3,5,109,491, 0, 0, 18403.58621
