A._A._Milne, 1882-01-18, 2408464, 2,2,2,2,109,1381, 0, 0, 67520.90909
Colin_McRae, 1968-08-05, 2440074, 2,3,7,13,41,109, 0, 0, 114889.5946
Dennis_Quaid, 1954-04-09, 2434842, 2,3,3,17,73,109, 0, 0, 292619.1111
Jon_Lord, 1941-06-09, 2430155, 5,7,7,7,13,109, 0, 0, 75831.89744
Józef_Gosławski_(sculptor), 1908-04-24, 2418056, 2,2,2,47,59,109, 0, 0, 3382.826087
Lindsay_Lohan, 1986-07-02, 2446614, 2,3,3,29,43,109, 0, 0, 609891.7424
Marine_Le_Pen, 1968-08-05, 2440074, 2,3,7,13,41,109, 0, 0, 62280.04918
Mihai_Ghimpu, 1951-11-19, 2433970, 2,5,7,11,29,109, 0, 0, 8293
Pastora_Soler, 1978-09-28, 2443780, 2,2,5,19,59,109, 0, 0, 20111.25926
Peter_Handke, 1942-12-06, 2430700, 2,2,5,5,109,223, 0, 0, 33781.69231
Pierre_Curie, 1859-05-15, 2400180, 2,2,3,5,109,367, 0, 0, 40708.56962
Vinnie_Jones, 1965-01-05, 2438766, 2,3,3,11,109,113, 0, 0, 277912.7037
