Bernard_Parker, 1986-03-16, 5,67,67,109, 14633.2963
Bessie_Smith, 1894-04-15, 3,47,109,157, 71807.12121
Carlos_Moyá, 1976-08-27, 3,31,109,241, 25231.02703
Ephraim_Katzir, 1916-05-16, 7,19,109,167, 11172.40741
Eros_Ramazzotti, 1963-10-28, 2,5,109,2237, 152322.3902
Felipe_Calderón, 1962-08-18, 2,53,109,211, 87421.01786
Gianfranco_Zola, 1966-07-05, 7,23,109,139, 86409
Giovanni_Schiaparelli, 1835-03-14, 3,71,103,109, 41087.63636
Godfrey_Hounsfield, 1919-08-28, 2,41,109,271, 11102.84375
Heather_Locklear, 1961-09-25, 11,19,107,109, 283616.4138
Jacques_Hadamard, 1865-12-08, 2,103,107,109, 10190.44828
Jo_Nesbø, 1960-03-29, 2,7,109,1597, 109793.8966
Johannes_Hevelius, 1611-01-28, 2,2,109,5297, 17994.69231
Konstantin_Rokossovsky, 1896-12-21, 2,3,109,3691, 26269.21429
Mark_Webber, 1976-08-27, 3,31,109,241, 84643.04255
Michael_Essien, 1982-12-03, 2,3,109,3739, 101152.4082
Nikita_Khrushchev, 1894-04-15, 3,47,109,157, 131890.407
Paul_Klee, 1879-12-18, 3,37,109,199, 133985.5192
Robert_Doornbos, 1981-09-23, 2,5,109,2243, 12015.23077
Shaquille_O'Neal, 1972-03-06, 2,3,109,3733, 451524.24
Teresa_Teng, 1953-01-29, 2,13,109,859, 143165.6538
