Benito_Pérez_Galdós, 1843-05-10, 2394331, 17,127,1109, 0, 0, 56796.80952
Dale_Carnegie, 1888-11-24, 2410966, 2,1087,1109, 0, 0, 99411.52632
Desiderius_Erasmus, 1466-10-28, 2256815, 5,11,37,1109, 0, 0, 123443.0725
Dražen_Petrović, 1964-10-22, 2438691, 3,733,1109, 0, 0, 90778.14706
Emmeline_Pankhurst, 1858-07-15, 2399876, 2,2,541,1109, 0, 0, 61284.42424
George_S._Patton, 1885-11-11, 2409857, 41,53,1109, 0, 0, 238839.6667
James_Blake_(tennis), 1979-12-28, 2444236, 2,2,19,29,1109, 0, 0, 75901.70588
Jean_Giraudoux, 1882-10-29, 2408748, 2,2,3,181,1109, 0, 0, 30351.03846
Mike_Epps, 1970-11-18, 2440909, 31,71,1109, 0, 0, 122447.6
Noomi_Rapace, 1979-12-28, 2444236, 2,2,19,29,1109, 0, 0, 315876.9
Théodore_Géricault, 1791-09-26, 2375478, 2,3,3,7,17,1109, 0, 0, 49257.25581
