Carlos_Andrés_Pérez, 1922-10-27, 2423355, 3,5,11,19,773, 0, 0, 67926.7
Giorgio_Chiellini, 1984-08-14, 2445927, 3,11,19,47,83, 0, 0, 61076.69767
Gus_Grissom, 1926-04-03, 2424609, 3,3,11,19,1289, 0, 0, 74418.60714
Guus_Hiddink, 1946-11-08, 2432133, 3,3,3,11,19,431, 0, 0, 89632.88889
Hugh_Laurie, 1959-06-11, 2436731, 11,19,89,131, 0, 0, 371158.7037
Jeffrén_Suárez, 1988-01-20, 2447181, 3,3,11,19,1301, 0, 0, 75520.34483
John_Marshall, 1755-09-24, 2362327, 11,19,89,127, 0, 0, 102694.7308
Karl_Lagerfeld, 1933-09-10, 2427326, 2,11,19,5807, 0, 0, 265219.0909
Katherine_Heigl, 1978-11-24, 2443837, 11,11,19,1063, 0, 0, 566450.7
Kim_Novak, 1933-02-13, 2427117, 3,7,7,11,19,79, 0, 0, 138737.0303
Leopold_II_of_Belgium, 1835-04-09, 2391378, 2,3,11,19,1907, 0, 0, 57326.53846
Magnus_Carlsen, 1990-11-30, 2448226, 2,11,19,5857, 0, 0, 96977.2766
Makoto_Hasebe, 1984-01-18, 2445718, 2,11,19,5851, 0, 0, 106951.3448
Marko_Marin, 1989-03-13, 2447599, 7,7,11,19,239, 0, 0, 96147.39474
Michael_Biehn, 1956-07-31, 2435686, 2,11,19,5827, 0, 0, 165545.2903
Moshe_Dayan, 1915-05-20, 2420638, 2,11,19,5791, 0, 0, 66848.92683
Nick_Cave, 1957-09-22, 2436104, 2,2,2,11,19,31,47, 0, 0, 181472.9737
Otto_Dix, 1891-12-02, 2412069, 3,11,19,3847, 0, 0, 106396.6389
Paulina_Rubio, 1971-06-17, 2441120, 2,2,2,2,2,5,11,19,73, 0, 0, 129890
Seung-Hui_Cho, 1984-01-18, 2445718, 2,11,19,5851, 0, 0, 185634.0741
Thomas_Hardy, 1840-06-02, 2393259, 3,11,11,19,347, 0, 0, 78440.61818
