Charles_IV_of_Spain, 1748-11-11, 7,11,19,1613, 47636.72093
Ernst_Mayr, 1904-07-05, 11,19,31,373, 19881.16216
Hugh_Laurie, 1959-06-11, 11,19,89,131, 371158.7037
Jason_Lee_(actor), 1970-04-25, 2,11,19,5839, 54869.06061
John_Marshall, 1755-09-24, 11,19,89,127, 102694.7308
Karl_Lagerfeld, 1933-09-10, 2,11,19,5807, 265219.0909
Katherine_Heigl, 1978-11-24, 11,11,19,1063, 566450.7
Magnus_Carlsen, 1990-11-30, 2,11,19,5857, 96977.2766
Makoto_Hasebe, 1984-01-18, 2,11,19,5851, 106951.3448
Michael_Biehn, 1956-07-31, 2,11,19,5827, 165545.2903
Moshe_Dayan, 1915-05-20, 2,11,19,5791, 66848.92683
Necmettin_Erbakan, 1926-10-29, 2,11,19,5801, 42908.93548
Otto_Dix, 1891-12-02, 3,11,19,3847, 106396.6389
Peter_Shilton, 1949-09-18, 2,11,19,5821, 53060.3871
Seung-Hui_Cho, 1984-01-18, 2,11,19,5851, 185634.0741
Seydou_Keita_(footballer), 1980-01-16, 5,11,19,2339, 40494.71795
