Al_Oerter, 1936-09-19, 2428431, 3,29,103,271, 0, 0, 11601.9
Albrecht_Dürer, 1471-05-21, 2258481, 3,103,7309, 0, 0, 91184.82143
Ananda_Mahidol, 1925-09-20, 2424414, 2,3,103,3923, 0, 0, 48843.19231
Ben_Browder, 1962-12-11, 2438010, 2,3,3,5,103,263, 0, 0, 55898.07692
Bernard_Lewis, 1916-05-31, 2421015, 3,5,103,1567, 0, 0, 36570.07143
Bipasha_Basu, 1979-01-07, 2443881, 3,11,103,719, 0, 0, 190047.8
Charles_V,_Holy_Roman_Emperor, 1500-02-24, 2268987, 3,7,103,1049, 0, 0, 95572.38462
Christopher_Plummer, 1929-12-13, 2425959, 3,3,103,2617, 0, 0, 209185.875
Dionne_Warwick, 1940-12-12, 2429976, 2,2,2,3,103,983, 0, 0, 157779
Eugene_Wigner, 1902-11-17, 2416071, 3,7,103,1117, 0, 0, 19223.26667
Hans_Luther, 1879-03-10, 2407419, 3,3,7,7,53,103, 0, 0, 9420.645161
John_Donne, 1572-01-22, 2295252, 2,2,3,3,103,619, 0, 0, 77417.64444
Lionel_Messi, 1987-06-24, 2446971, 3,103,7919, 0, 0, 867939.1053
Maya_Angelou, 1928-04-04, 2425341, 3,47,103,167, 0, 0, 211057.7692
Oscar_Niemeyer, 1907-12-15, 2417925, 3,5,5,103,313, 0, 0, 98151.88235
P._V._Narasimha_Rao, 1921-06-28, 2422869, 3,103,7841, 0, 0, 32646.96667
Robert_Peary, 1856-05-06, 2399076, 2,2,3,3,103,647, 0, 0, 31020.53659
Sigmund_Freud, 1856-05-06, 2399076, 2,2,3,3,103,647, 0, 0, 324447.2388
Toshihide_Maskawa, 1940-02-07, 2429667, 3,3,103,2621, 0, 0, 26754.65714
Vyacheslav_Molotov, 1890-03-09, 2411436, 2,2,3,103,1951, 0, 0, 62059.30909
William_Booth, 1829-04-10, 2389188, 2,2,3,103,1933, 0, 0, 31736.42308
