Benny_Benassi, 1967-07-13, 2439685, 5,409,1193, 0, 0, 147112.6786
Grand_Duchess_Anastasia_Nikolaevna_of_Russia, 1901-06-18, 2415554, 2,409,2953, 0, 0, 244372.9487
Gustav_Kirchhoff, 1824-03-12, 2387333, 13,409,449, 0, 0, 27442.96429
Hideki_Yukawa, 1907-01-23, 2417599, 23,257,409, 0, 0, 28338.20408
Ian_Holm, 1931-09-12, 2426597, 17,349,409, 0, 0, 154562.1935
Jake_Gyllenhaal, 1980-12-19, 2444593, 43,139,409, 0, 0, 488377.0185
Ken_Saro-Wiwa, 1941-10-10, 2430278, 2,409,2971, 0, 0, 38131
Martin_Lawrence, 1965-04-16, 2438867, 67,89,409, 0, 0, 231934.1556
Paolo_Bettini, 1974-04-01, 2442139, 7,409,853, 0, 0, 23300.57692
Paulette_Goddard, 1910-06-03, 2418826, 2,409,2957, 0, 0, 64772.10256
Randy_Pausch, 1960-10-23, 2437231, 59,101,409, 0, 0, 175542.1923
Raul_Meireles, 1983-03-17, 2445411, 3,409,1993, 0, 0, 98773.48889
Theodor_Svedberg, 1884-08-30, 2409419, 43,137,409, 0, 0, 6801.926829
Wiz_Khalifa, 1987-09-08, 2447047, 31,193,409, 0, 0, 727897.0625
