Aleksandr_Vasilevsky, 1895-09-30, 2413467, 3,3,7,29,1321, 0, 0, 17705.20513
Alex_Jones_(radio_host), 1974-02-11, 2442090, 2,3,5,7,29,401, 0, 0, 77174.76923
Ashanti_(singer), 1980-10-13, 2444526, 2,3,3,3,7,29,223, 0, 0, 10490.42857
August_Strindberg, 1849-01-22, 2396415, 3,5,7,29,787, 0, 0, 58192.26667
Auguste_Piccard, 1884-01-28, 2409204, 2,2,3,7,23,29,43, 0, 0, 25905.83333
Christian_X_of_Denmark, 1870-09-26, 2404332, 2,2,3,3,7,7,29,47, 0, 0, 30199.13514
David_Scott, 1932-06-06, 2426865, 3,5,7,29,797, 0, 0, 28707.80769
Frédéric_Passy, 1822-05-20, 2386671, 3,7,29,3919, 0, 0, 7711.369565
Hafez_al-Assad, 1930-10-06, 2426256, 2,2,2,2,3,3,7,29,83, 0, 0, 75907.44444
Hank_Aaron, 1934-02-05, 2427474, 2,3,7,29,1993, 0, 0, 132335.8462
Jesse_Spencer, 1979-02-12, 2443917, 3,7,29,4013, 0, 0, 211315.2667
Jody_Williams, 1950-10-09, 2433564, 2,2,3,3,3,3,7,29,37, 0, 0, 16278.65625
Lewis_Milestone, 1895-09-30, 2413467, 3,3,7,29,1321, 0, 0, 11492.62069
Max_Theiler, 1899-01-30, 2414685, 3,5,7,13,29,61, 0, 0, 7223.162162
Murad_V, 1840-09-21, 2393370, 2,3,3,5,7,29,131, 0, 0, 17527.55814
Scott_Parker, 1980-10-13, 2444526, 2,3,3,3,7,29,223, 0, 0, 46525.8
Thomas_Keneally, 1935-10-07, 2428083, 3,3,3,7,29,443, 0, 0, 19366.69231
Yousaf_Raza_Gillani, 1952-06-09, 2434173, 3,7,7,29,571, 0, 0, 23666.64444
