Alexander_II_of_Russia, 1818-04-29, 2385189, 3,3,265021, 0, 0, 109018.2258
Bill_Gates, 1955-10-28, 2435409, 3,3,270601, 0, 0, 440780.5691
Charlie_Chaplin, 1889-04-16, 2411109, 3,3,267901, 0, 0, 266311.0828
Erik_Satie, 1866-05-17, 2402739, 3,3,266971, 0, 0, 111413.8571
Frank_Gehry, 1929-02-28, 2425671, 3,3,269519, 0, 0, 138694.1304
Jamie_Lynn_Spears, 1991-04-04, 2448351, 3,3,272039, 0, 0, 571833.25
Jane_Birkin, 1946-12-14, 2432169, 3,3,270241, 0, 0, 195953.4063
Jean_Reno, 1948-07-30, 2432763, 3,3,270307, 0, 0, 200486.1818
Johnny_Carson, 1925-10-23, 2424447, 3,3,269383, 0, 0, 187701.7308
Kevin_Carter, 1960-09-13, 2437191, 3,3,270799, 0, 0, 172414.5
Kirk_Douglas, 1916-12-09, 2421207, 3,3,269023, 0, 0, 294836
Manuel_Belgrano, 1770-06-03, 2367693, 3,3,263077, 0, 0, 198441.5769
Mark_Rothko, 1903-09-25, 2416383, 3,3,268487, 0, 0, 142737.2424
Michelle_Monaghan, 1976-03-23, 2442861, 3,3,271429, 0, 0, 251005.3448
Mila_Kunis, 1983-08-14, 2445561, 3,3,271729, 0, 0, 701695.5375
Oliver_Cromwell, 1599-04-25, 2305197, 3,3,256133, 0, 0, 180503.7857
Pau_Gasol, 1980-07-06, 2444427, 3,3,271603, 0, 0, 191048.1842
Ray_Manzarek, 1939-02-12, 2429307, 3,3,269923, 0, 0, 119962.3214
Samuel_L._Jackson, 1948-12-21, 2432907, 3,3,270323, 0, 0, 405892.5532
Simon_Cowell, 1959-10-07, 2436849, 3,3,270761, 0, 0, 513874.0313
Simone_Simons, 1985-01-17, 2446083, 3,3,271787, 0, 0, 111443.7931
