Akira_Toriyama, 1955-04-05, 2,3,3,7,7,11,251
Alan_Parker, 1944-02-14, 2,3,3,3,3,43,349
Alberto_Contador, 1982-12-06, 3,3,3,3,3,29,347
Alex_Pettyfer, 1990-04-10, 3,3,7,7,7,13,61
Alexei_Shirov, 1972-07-04, 2,3,3,3,3,7,2153
Anastacia, 1968-09-17, 2,2,3,3,7,23,421
Andriy_Shevchenko, 1976-09-29, 2,3,3,5,5,61,89
Angelos_Basinas, 1976-01-03, 2,2,3,3,5,41,331
Anna_Freud, 1895-12-03, 2,3,3,3,5,7,1277
Antonio_Nocerino, 1985-04-09, 2,2,3,3,7,17,571
Ariel_Sharon, 1928-02-26, 2,3,3,3,3,11,1361
Arne_Friedrich, 1979-05-29, 2,3,3,7,7,17,163
Askar_Akayev, 1944-11-10, 2,2,3,3,3,47,479
Ava_Gardner, 1922-12-24, 2,2,3,3,3,19,1181
Ayn_Rand, 1905-02-02, 2,3,3,3,3,3,4973
Basshunter, 1984-12-22, 2,2,2,3,3,53,641
Benny_Benassi, 1967-07-13, 2,2,3,3,13,13,401
Billy_Zane, 1966-02-24, 2,2,3,3,3,5,4517
Bjarne_Stroustrup, 1950-12-30, 3,3,3,3,3,5,2003
Bob_Geldof, 1951-10-05, 2,2,3,3,17,41,97
Bode_Miller, 1977-10-12, 2,2,3,3,13,23,227
Brett_Holman, 1984-03-27, 2,3,3,7,7,47,59
Burhanuddin_Rabbani, 1940-09-20, 2,2,3,3,3,149,151
Cardinal_Richelieu, 1585-09-09, 2,2,3,3,5,13,983
Charles_Nicolle, 1866-09-21, 3,3,3,3,5,17,349
Connie_Francis, 1938-12-12, 2,2,3,3,3,83,271
Corey_Taylor, 1973-12-08, 2,2,2,3,3,13,2609
Dan_Brown, 1964-06-22, 2,2,2,3,3,11,3079
David_Guetta, 1967-11-07, 3,3,3,3,7,13,331
Demy_de_Zeeuw, 1983-05-26, 2,2,2,3,3,5,6793
Eartha_Kitt, 1927-01-17, 3,3,3,3,3,17,587
Eduardo_da_Silva, 1983-02-25, 2,3,3,3,3,5,3019
Ellen_Burstyn, 1932-12-07, 2,2,2,3,3,13,2593
Emma_Bunton, 1976-01-21, 2,3,3,3,3,17,887
Fanny_Ardant, 1949-03-22, 3,3,3,3,7,7,613
Fatmir_Sejdiu, 1951-10-23, 2,3,3,3,7,47,137
Fats_Domino, 1928-02-26, 2,3,3,3,3,11,1361
Festus_Mogae, 1939-08-21, 2,2,2,3,3,41,823
Flórián_Albert, 1941-09-15, 2,2,3,3,11,17,361
Fritz_Haber, 1868-12-09, 3,3,3,3,5,5,1187
Gastón_Gaudio, 1978-12-09, 3,3,3,3,3,89,113
Geir_Haarde, 1951-04-08, 2,2,2,2,3,3,16901
Georg_von_Békésy, 1899-06-03, 2,2,2,3,3,11,3049
George_Clooney, 1961-05-06, 3,3,3,5,5,23,157
George_IV_of_the_United_Kingdom, 1762-08-12, 2,2,2,3,3,5,6569
Giacinto_Facchetti, 1942-07-18, 2,3,3,13,13,17,47
Giulio_Andreotti, 1919-01-14, 2,2,3,3,7,7,1373
Gustaf_VI_Adolf_of_Sweden, 1882-11-11, 2,2,2,3,3,5,6691
H._G._Wells, 1866-09-21, 3,3,3,3,5,17,349
Hans_Kelsen, 1881-10-11, 2,2,3,3,7,19,503
Hassanal_Bolkiah, 1946-07-15, 2,2,2,2,3,3,16889
Ivan_Konev, 1897-12-28, 2,3,3,3,3,7,2129
Jack_Kevorkian, 1928-05-26, 2,2,2,2,3,3,16843
Jack_Kirby, 1917-08-28, 2,2,3,3,3,7,3203
James_Francis_Edward_Stuart, 1688-06-10, 2,3,3,5,5,5,1039
Jim_Broadbent, 1949-05-24, 2,2,3,3,5,7,1931
Jimmie_Johnson, 1975-09-17, 2,2,2,2,3,3,16963
John_Herschel, 1792-03-07, 2,2,2,3,3,5,6599
Joseph_Fouché, 1759-05-21, 3,3,3,3,3,71,137
Joseph_Gordon-Levitt, 1981-02-17, 2,2,3,3,7,89,109
Joseph_de_Maistre, 1753-04-01, 2,2,3,3,3,5,4373
Juanes, 1972-08-09, 2,3,3,11,11,19,59
Kamui_Kobayashi, 1986-09-13, 2,3,3,3,3,11,1373
Kangxi_Emperor, 1654-05-04, 2,3,3,3,17,17,149
Kate_Bosworth, 1983-01-02, 2,2,2,3,3,3,11321
Kate_Winslet, 1975-10-05, 2,3,3,3,5,83,109
Kjetil_André_Aamodt, 1971-09-02, 2,2,3,3,19,43,83
Kurt_Gödel, 1906-04-28, 2,2,2,2,3,3,16787
Lady_Bird_Johnson, 1912-12-22, 2,3,3,11,11,11,101
Laurent_Fabius, 1946-08-20, 2,2,3,3,3,7,3217
Leszek_Kołakowski, 1927-10-23, 2,2,2,3,3,13,2591
Marie_Antoinette, 1755-11-02, 3,3,3,3,5,19,307
Mario_Capecchi, 1937-10-06, 2,2,3,3,3,43,523
Mary_Lynn_Rajskub, 1971-06-22, 2,2,3,3,3,7,3229
Matthias_Sammer, 1967-09-05, 2,3,3,7,17,17,67
Michael_Wittmann, 1914-04-22, 2,2,3,3,23,37,79
Michel_Teló, 1981-01-21, 3,3,5,5,5,41,53
Mike_Epps, 1970-11-18, 2,2,3,3,3,97,233
Murray_Gell-Mann, 1929-09-15, 3,3,3,3,3,67,149
Naomi_Campbell, 1970-05-22, 2,2,2,3,3,109,311
Natascha_Kampusch, 1988-02-17, 2,2,2,3,3,41,829
Neil_Armstrong, 1930-08-05, 3,3,3,3,7,11,389
Nikos_Kazantzakis, 1883-02-18, 3,3,3,3,3,23,431
Norodom_Sihanouk, 1922-10-31, 2,3,3,3,3,7,2137
Pancho_Villa, 1878-06-05, 2,2,3,3,5,43,311
Paris_Hilton, 1981-02-17, 2,2,3,3,7,89,109
Pat_Morita, 1932-06-28, 2,3,3,7,11,17,103
Pierre_Louis_Maupertuis, 1698-09-28, 2,2,2,3,3,17,1913
Pope_Alexander_VII, 1599-02-13, 3,3,3,5,5,5,683
Pope_Clement_XI, 1649-07-23, 2,2,3,3,19,43,79
Reinhold_Messner, 1944-09-17, 2,3,3,3,5,5,1801
René_Thom, 1923-09-02, 2,2,2,2,3,3,16831
Robert_Johnson, 1911-05-08, 2,2,3,3,11,41,149
Rufus_Sewell, 1967-10-29, 2,2,2,2,3,3,16943
Severo_Ochoa, 1905-09-24, 2,2,2,3,3,59,569
Shakira, 1977-02-02, 2,2,2,3,3,3,11311
Sherwood_Anderson, 1876-09-13, 2,3,3,3,3,5,2971
Skandar_Keynes, 1991-09-05, 2,2,2,3,3,31,1097
Slash_(musician), 1965-07-23, 2,2,3,3,3,11,2053
Stefan_Edberg, 1966-01-19, 2,2,2,3,3,19,1783
Tim_Rice, 1944-11-10, 2,2,3,3,3,47,479
Timothy_Dalton, 1944-03-21, 2,3,3,5,7,17,227
Tomasz_Kuszczak, 1982-03-20, 2,2,2,3,3,29,1171
Viktor_Zubkov, 1941-09-15, 2,2,3,3,11,17,361
Wes_Montgomery, 1923-03-06, 2,2,3,3,7,59,163
Wilfred_Owen, 1893-03-18, 2,2,3,3,5,13,1031
William_Styron, 1925-06-11, 2,2,2,3,3,11,3061
Władysław_Sikorski, 1881-05-20, 2,2,3,3,5,17,787
Yossi_Benayoun, 1980-05-05, 2,2,3,3,3,13,1741
