Alexandra_Maria_Lara, 1978-11-12, 2,2,2,2,3,3,3,5657, 107671.7308
Ayman_al-Zawahiri, 1951-06-19, 2,2,2,3,3,7,11,439, 105545.7381
Bill_Russell, 1934-02-12, 2,2,2,3,3,5,11,613, 159493.9355
Britney_Spears, 1981-12-02, 2,2,3,3,5,17,17,47, 622072.4043
Carl_Sagan, 1934-11-09, 2,3,3,5,5,5,13,83, 199644.4286
Chet_Baker, 1929-12-23, 2,2,2,2,3,3,17,991, 93618
Donna_Summer, 1948-12-31, 2,2,3,3,3,3,3,2503, 148056.2833
Gianluigi_Buffon, 1978-01-28, 2,2,2,2,3,3,71,239, 178751.254
Golda_Meir, 1898-05-03, 2,2,3,3,7,11,13,67, 72860.85507
Hilary_Swank, 1974-07-30, 2,3,3,3,7,7,13,71, 193626.4407
Jiang_Zemin, 1926-08-17, 2,2,2,3,3,7,17,283, 113336.9348
Jupp_Heynckes, 1945-05-09, 2,2,2,2,2,3,3,8443, 122083.5
Marcus_Aurelius, 0121-04-26, 2,2,2,3,3,3,11,743, 162190.0959
Margaret_Tudor, 1489-11-28, 2,3,3,3,3,3,59,79, 92235.76667
Mohammed_VI_of_Morocco, 1963-08-21, 2,3,3,3,3,3,29,173, 81685.26923
Richard_Gere, 1949-08-31, 3,3,3,3,3,17,19,31, 308734.8704
Susilo_Bambang_Yudhoyono, 1949-09-09, 2,2,2,2,3,3,61,277, 68722.10345
Tite_Kubo, 1977-06-26, 2,2,2,3,3,5,11,617, 100239.7857
Tom_Cruise, 1962-07-03, 2,2,2,3,3,7,7,691, 591604.5732
Warwick_Davis, 1970-02-03, 2,2,3,3,5,7,13,149, 175679.5758
Wilhelm_Canaris, 1887-01-01, 2,2,2,2,2,3,3,8369, 70050.54286
