50_Cent, 1975-07-06, 2,2,2,3,3,5,5,23,59, 632055.6716
Amanda_Bynes, 1986-04-03, 2,2,3,3,3,3,3,3,839, 624594.7027
Elif_Şafak, 1971-10-25, 2,3,3,5,5,5,5,7,31, 41302.69231
Frank_Lampard, 1978-06-20, 2,2,2,2,2,3,3,5,1697, 185169.1176
Gabriela_Mistral, 1889-04-07, 2,2,3,3,3,5,5,19,47, 77513.51613
Gary_Sinise, 1955-03-17, 2,2,2,2,3,3,3,3,1879, 158276.3636
Hafez_al-Assad, 1930-10-06, 2,2,2,2,3,3,7,29,83, 75907.44444
Heath_Ledger, 1979-04-04, 2,2,2,2,2,2,3,3,4243, 730116.7671
Lynn_Redgrave, 1943-03-08, 2,2,2,3,3,7,7,13,53, 75009.74074
Nicolas-Joseph_Cugnot, 1725-02-26, 2,2,2,3,3,3,5,7,311, 33408.86667
Nicolas_Léonard_Sadi_Carnot, 1796-06-01, 2,2,3,3,3,3,11,23,29, 20451.72727
Paul_Giamatti, 1967-06-06, 2,2,2,2,2,3,3,43,197, 171443.7576
Peter_Falk, 1927-09-16, 2,2,3,3,3,3,3,5,499, 161894.8636
Peter_Schmeichel, 1963-11-18, 2,2,2,2,3,3,7,41,59, 109452.093
Philip_Johnson, 1906-07-08, 2,2,2,3,3,5,5,17,79, 40671.56818
Pyotr_Stolypin, 1862-04-14, 3,3,3,3,5,7,7,11,11, 23055.94118
Sarah_Michelle_Gellar, 1977-04-14, 2,2,2,2,3,3,19,19,47, 424751
Shaggy_(musician), 1968-10-22, 2,2,2,3,3,3,11,13,79, 50700.73333
Stanley_Milgram, 1933-08-15, 2,2,3,3,3,5,5,29,31, 47217.96875
Terence_Hill, 1939-03-29, 2,2,2,3,3,3,3,23,163, 317292.125
Yakov_Sverdlov, 1885-06-03, 2,2,2,2,2,3,3,3,2789, 21646.96154
