Christian_II_of_Denmark, 1481-07-01, 2262175, 5,5,41,2207, 0, 0, 23618.13793
Claudio_Caniggia, 1967-01-09, 2439500, 2,2,5,5,5,7,17,41, 0, 0, 70636.19355
Demetrius_Vikelas, 1835-02-15, 2391325, 5,5,41,2333, 0, 0, 6946.551724
Enzo_Bearzot, 1927-09-26, 2425150, 2,5,5,7,13,13,41, 0, 0, 26282.23077
Gaël_Monfils, 1986-09-01, 2446675, 5,5,7,11,31,41, 0, 0, 53312.95122
Louis_XIV_of_France, 1638-09-05, 2319575, 5,5,31,41,73, 0, 0, 285747.7978
Louise_of_Mecklenburg-Strelitz, 1776-03-10, 2369800, 2,2,2,5,5,17,17,41, 0, 0, 41603.88462
Manuel_Azaña, 1880-01-10, 2407725, 3,3,3,3,5,5,29,41, 0, 0, 32292.34211
Max_Ernst, 1891-04-02, 2411825, 5,5,13,41,181, 0, 0, 93538.28846
Owen_Hargreaves, 1981-01-20, 2444625, 3,3,5,5,5,41,53, 0, 0, 94495.67442
Philipp_Lahm, 1983-11-11, 2445650, 2,5,5,41,1193, 0, 0, 100898.8868
Vittorio_Emanuele_Orlando, 1860-05-19, 2400550, 2,5,5,41,1171, 0, 0, 19714.81481
