Alfonso_XI_of_Castile, 1311-08-13, 2200125, 3,5,5,5,5867, 0, 0, 18024.76923
Duffy_(singer), 1984-06-23, 2445875, 5,5,5,17,1151, 0, 0, 67104.78947
Frank_Drake, 1930-05-28, 2426125, 5,5,5,13,1493, 0, 0, 17727.92593
Jermain_Defoe, 1982-10-07, 2445250, 2,5,5,5,9781, 0, 0, 84292.15
John_Brown_(abolitionist), 1800-05-09, 2378625, 3,5,5,5,6343, 0, 0, 16114.02857
Jorge_Amado, 1912-08-10, 2419625, 5,5,5,13,1489, 0, 0, 63501.225
Mary_Lynn_Rajskub, 1971-06-22, 2441125, 5,5,5,59,331, 0, 0, 99592.62963
Nemanja_Matić, 1988-08-01, 2447375, 5,5,5,7,2797, 0, 0, 44692.80769
P._W._Botha, 1916-01-12, 2420875, 5,5,5,107,181, 0, 0, 28038.83333
Pierre_Trudeau, 1919-10-18, 2422250, 2,5,5,5,9689, 0, 0, 85690.66667
Stanley_Tucci, 1960-11-11, 2437250, 2,5,5,5,9749, 0, 0, 255573.129
