Constantine_P._Cavafy, 1863-04-29, 5,5,5,19213, 43020.28571
Fatih_Terim, 1953-09-04, 5,5,5,19477, 86919.32143
José_Saramago, 1922-11-16, 5,5,5,19387, 73834.86585
K._R._Narayanan, 1920-10-27, 5,5,5,19381, 17665.26471
Nina_Simone, 1933-02-21, 5,5,5,19417, 173762.5652
Pink_(singer), 1979-09-08, 5,5,5,19553, 123743.2453
Sébastien_Le_Prestre_de_Vauban, 1633-05-04, 5,5,5,18541, 36014.57895
Umaru_Musa_Yar'Adua, 1951-08-16, 5,5,5,19471, 10088.52083
William_Randolph_Hearst, 1863-04-29, 5,5,5,19213, 171427.0714
Étienne_Geoffroy_Saint-Hilaire, 1772-04-15, 5,5,5,18947, 10191.45455
