Ben_Bernanke, 1953-12-13, 3,3,3,5,5,3607, 166832.5135
Bryan_Robson, 1957-01-11, 2,3,3,5,5,5413, 55810.28571
Cynthia_Nixon, 1966-04-09, 3,3,5,5,37,293, 204391.3103
Eren_Derdiyok, 1988-06-12, 3,3,5,5,73,149, 46217.75
Kerry_King, 1964-06-03, 2,3,3,5,5,5419, 120249
Mary_McAleese, 1951-06-27, 3,3,5,5,29,373, 30200.97826
Mauricio_Isla, 1988-06-12, 3,3,5,5,73,149, 53578.37931
Mohamed_Ghannouchi, 1941-08-18, 3,3,5,5,7,1543, 15238.18421
Shamil_Basayev, 1965-01-14, 3,3,3,5,5,3613, 40684.875
Valter_Birsa, 1986-08-07, 2,3,3,5,5,5437, 30803.2069
