Adam_Levine, 1979-03-18, 2,3,3,5,5,5431, 637703.6364
Agatha_Christie, 1890-09-15, 3,5,5,5,59,109, 214294.3846
Aung_San_Suu_Kyi, 1945-06-19, 5,5,5,7,7,397, 137039.2892
Cyndi_Lauper, 1953-06-22, 2,5,5,23,29,73, 308153.8293
Frank_Lloyd_Wright, 1867-06-08, 5,5,5,5,5,769, 136058.9579
Ginnifer_Goodwin, 1978-05-22, 2,3,5,5,11,1481, 274232.8077
Gong_Li, 1965-12-31, 5,5,5,13,19,79, 128985.6486
Johannes_Kepler, 1571-12-27, 3,3,5,5,101,101, 118859.0857
John_Frusciante, 1970-03-05, 2,3,5,5,53,307, 332366.8974
Josip_Broz_Tito, 1892-05-07, 3,3,5,5,71,151, 123398.973
Karl_Urban, 1972-06-07, 3,3,3,5,5,3617, 240640.8667
Keira_Knightley, 1985-03-26, 2,5,5,7,29,241, 429751.3333
Luís_Figo, 1972-11-04, 3,5,5,5,17,383, 139567.4727
Mohamed_Atta, 1968-09-01, 2,2,5,5,13,1877, 109571.6207
Nicholas_Sparks, 1965-12-31, 5,5,5,13,19,79, 227450.6875
Ornella_Muti, 1955-03-09, 3,3,5,5,79,137, 104788.8108
Pete_Sampras, 1971-08-12, 3,5,5,11,11,269, 148707.4444
Ralph_Lauren, 1939-10-14, 2,3,3,5,5,5399, 230834.2143
Sophia_Loren, 1934-09-20, 2,2,5,5,11,2207, 204127.8429
Tony_Iommi, 1948-02-19, 2,2,2,5,5,12163, 143742.1714
Whitney_Houston, 1963-08-09, 2,3,5,5,5,3251, 409562.6211
