Chris_Jericho, 1970-11-09, 2440900, 2,2,5,5,7,11,317, 0, 0, 424251.5
Claire_Forlani, 1972-07-01, 2441500, 2,2,5,5,5,19,257, 0, 0, 215274.8621
Claudio_Abbado, 1933-06-26, 2427250, 2,5,5,5,7,19,73, 0, 0, 33907.69231
Cuauhtémoc_Blanco, 1973-01-17, 2441700, 2,2,3,3,5,5,2713, 0, 0, 78293.48485
Denise_Richards, 1971-02-17, 2441000, 2,2,2,5,5,5,2441, 0, 0, 387577.2222
Dino_Buzzati, 1906-10-16, 2417500, 2,2,5,5,5,5,967, 0, 0, 44014.75
Erich_von_Manstein, 1887-11-24, 2410600, 2,2,2,5,5,17,709, 0, 0, 90219.05263
Fedor_Emelianenko, 1976-09-28, 2443050, 2,3,3,5,5,61,89, 0, 0, 571876.4286
Fiona_Apple, 1977-09-13, 2443400, 2,2,2,5,5,19,643, 0, 0, 201736.5926
Francesco_Borromini, 1599-09-25, 2305350, 2,3,3,5,5,47,109, 0, 0, 35811.475
H._P._Lovecraft, 1890-08-20, 2411600, 2,2,2,2,5,5,6029, 0, 0, 191213.4677
Iván_Helguera, 1975-03-28, 2442500, 2,2,5,5,5,5,977, 0, 0, 39287.15385
John_Stockton, 1962-03-26, 2437750, 2,5,5,5,7,7,199, 0, 0, 113734.1212
Joseph_Schumpeter, 1883-02-08, 2408850, 2,3,3,5,5,53,101, 0, 0, 87888.2381
Lena_Meyer-Landrut, 1991-05-23, 2448400, 2,2,2,2,5,5,6121, 0, 0, 100228.5909
Maggie_Smith, 1934-12-28, 2427800, 2,2,2,5,5,61,199, 0, 0, 217273.4681
Marco_van_Basten, 1964-10-31, 2438700, 2,2,3,5,5,11,739, 0, 0, 116366.8654
Natalie_Wood, 1938-07-20, 2429100, 2,2,3,3,5,5,2699, 0, 0, 247223.7111
Owen_Hargreaves, 1981-01-20, 2444625, 3,3,5,5,5,41,53, 0, 0, 94495.67442
Priscilla_Presley, 1945-05-24, 2431600, 2,2,2,2,5,5,6079, 0, 0, 310341.2963
Richard_Gasquet, 1986-06-18, 2446600, 2,2,2,5,5,13,941, 0, 0, 55620
