Antoine_de_Saint-Exupéry, 1900-06-29, 2415200, 2,2,2,2,2,5,5,3019, 0, 0, 130256.8158
Audrey_Tautou, 1976-08-09, 2443000, 2,2,2,5,5,5,7,349, 0, 0, 170865.2679
Claudio_Caniggia, 1967-01-09, 2439500, 2,2,5,5,5,7,17,41, 0, 0, 70636.19355
Derek_Walcott, 1930-01-23, 2426000, 2,2,2,2,5,5,5,1213, 0, 0, 21406.36364
Françoise_Sagan, 1935-06-21, 2427975, 3,3,3,3,5,5,11,109, 0, 0, 64807.75676
Frederick_V,_Elector_Palatine, 1596-08-26, 2304225, 3,3,5,5,7,7,11,19, 0, 0, 8792.25
George_Kennedy, 1925-02-18, 2424200, 2,2,2,5,5,17,23,31, 0, 0, 86832.03704
Jay_Leno, 1950-04-28, 2433400, 2,2,2,5,5,23,23,23, 0, 0, 238832.5938
Jefferson_Farfán, 1984-10-26, 2446000, 2,2,2,2,5,5,5,1223, 0, 0, 75648.64286
Jennette_McCurdy, 1992-06-26, 2448800, 2,2,2,2,2,5,5,3061, 0, 0, 551673.5806
Jens_Christian_Skou, 1918-10-08, 2421875, 5,5,5,5,5,5,5,31, 0, 0, 5789.617647
Jonas_Björkman, 1972-03-23, 2441400, 2,2,2,3,5,5,13,313, 0, 0, 13892.11111
Joseph_Joffre, 1852-01-12, 2397500, 2,2,5,5,5,5,7,137, 0, 0, 22736.94444
Kurt_Student, 1890-05-12, 2411500, 2,2,5,5,5,7,13,53, 0, 0, 26591.83333
Louise_of_Mecklenburg-Strelitz, 1776-03-10, 2369800, 2,2,2,5,5,17,17,41, 0, 0, 41603.88462
Magda_Goebbels, 1901-11-11, 2415700, 2,2,5,5,7,7,17,29, 0, 0, 92763.51724
Manuel_Azaña, 1880-01-10, 2407725, 3,3,3,3,5,5,29,41, 0, 0, 32292.34211
Recep_Tayyip_Erdoğan, 1954-02-26, 2434800, 2,2,2,2,3,5,5,2029, 0, 0, 105559.0132
Sasha_Cohen, 1984-10-26, 2446000, 2,2,2,2,5,5,5,1223, 0, 0, 82414.38462
Stephen_Fry, 1957-08-24, 2436075, 3,3,3,3,3,5,5,401, 0, 0, 357339.3421
Will_Smith, 1968-09-25, 2440125, 3,3,3,3,5,5,5,241, 0, 0, 752834.4595
