Aleksandr_Kerzhakov, 1982-11-27, 2,2,3,3,5,5,11,13,19, 26901
Alexander_R._Todd,_Baron_Todd, 1907-10-02, 2,3,3,3,3,3,5,5,199, 5105.96875
Amanda_Tapping, 1965-08-28, 2,2,2,3,3,5,5,5,271, 119339.5484
César_Pelli, 1926-10-12, 2,2,2,2,2,5,5,7,433, 32940.7037
Donald_Sutherland, 1935-07-17, 2,2,2,2,2,5,5,5,607, 190692.3333
Elena_Paparizou, 1982-01-31, 2,2,2,3,5,5,5,5,163, 37716.90698
George_Westinghouse, 1846-10-06, 3,3,3,3,5,5,7,13,13, 42707.56667
Karl_Pearson, 1857-03-27, 2,2,2,3,3,5,5,31,43, 29558.93103
Magnus_Carlsen, 1990-11-30, 3,3,3,3,3,5,5,13,31, 96977.2766
Mike_Portnoy, 1967-04-20, 2,2,2,2,3,5,5,19,107, 157391.1935
Nikolai_Berdyaev, 1874-03-18, 2,2,2,2,2,5,5,31,97, 12740.71795
Samuel_Morse, 1791-04-27, 3,3,3,3,3,5,5,17,23, 105263.1429
Satoshi_Tajiri, 1965-08-28, 2,2,2,3,3,5,5,5,271, 103933.0714
Shania_Twain, 1965-08-28, 2,2,2,3,3,5,5,5,271, 219346.1273
