50_Cent, 1975-07-06, 2442600, 2,2,2,3,3,5,5,23,59, 0, 0, 632055.6716
Anna_Paquin, 1982-07-24, 2445175, 5,5,47,2081, 0, 0, 405451.925
Bridgit_Mendler, 1992-12-18, 2448975, 3,5,5,32653, 0, 0, 405059.0345
Chris_Jericho, 1970-11-09, 2440900, 2,2,5,5,7,11,317, 0, 0, 424251.5
Corey_Taylor, 1973-12-08, 2442025, 5,5,23,31,137, 0, 0, 356730.0357
Denise_Richards, 1971-02-17, 2441000, 2,2,2,5,5,5,2441, 0, 0, 387577.2222
Ed_Gein, 1906-08-27, 2417450, 2,5,5,7,6907, 0, 0, 607577.6296
Fedor_Emelianenko, 1976-09-28, 2443050, 2,3,3,5,5,61,89, 0, 0, 571876.4286
Hayao_Miyazaki, 1941-01-05, 2430000, 2,2,2,2,3,3,3,3,3,5,5,5,5, 0, 0, 414062.75
Jennette_McCurdy, 1992-06-26, 2448800, 2,2,2,2,2,5,5,3061, 0, 0, 551673.5806
Jennifer_Garner, 1972-04-17, 2441425, 5,5,7,7,1993, 0, 0, 355992.7021
Kaley_Cuoco, 1985-11-30, 2446400, 2,2,2,2,2,2,5,5,11,139, 0, 0, 965585.4
Michelle_Trachtenberg, 1985-10-11, 2446350, 2,3,5,5,47,347, 0, 0, 368302.8966
Miley_Cyrus, 1992-11-23, 2448950, 2,5,5,7,6997, 0, 0, 1277051.847
Roger_Federer, 1981-08-08, 2444825, 5,5,19,5147, 0, 0, 364359.0198
Ryan_Reynolds, 1976-10-23, 2443075, 5,5,79,1237, 0, 0, 879172.4737
Seth_Rogen, 1982-04-15, 2445075, 3,3,5,5,10867, 0, 0, 487787.6563
Stephen_Fry, 1957-08-24, 2436075, 3,3,3,3,3,5,5,401, 0, 0, 357339.3421
Stephen_King, 1947-09-21, 2432450, 2,5,5,48649, 0, 0, 397252.1067
Tina_Fey, 1970-05-18, 2440725, 3,5,5,7,4649, 0, 0, 399426.9412
Will_Smith, 1968-09-25, 2440125, 3,3,3,3,5,5,5,241, 0, 0, 752834.4595
