Billy_Crystal, 1948-03-14, 2432625, 3,5,5,5,13,499, 0, 0, 136676.8
Bob_Geldof, 1951-10-05, 2433925, 5,5,13,7489, 0, 0, 179862.5758
Catherine_de'_Medici, 1519-04-13, 2275975, 5,5,13,47,149, 0, 0, 89131.09091
Dick_Cheney, 1941-01-30, 2430025, 5,5,13,7477, 0, 0, 138140.8281
Elias_Lönnrot, 1802-04-09, 2379325, 5,5,13,7321, 0, 0, 13169.92308
Enzo_Bearzot, 1927-09-26, 2425150, 2,5,5,7,13,13,41, 0, 0, 26282.23077
Floyd_Landis, 1975-10-14, 2442700, 2,2,5,5,13,1879, 0, 0, 46628.83871
Frank_Drake, 1930-05-28, 2426125, 5,5,5,13,1493, 0, 0, 17727.92593
Gerd_Kanter, 1979-05-06, 2444000, 2,2,2,2,2,5,5,5,13,47, 0, 0, 12468
Giovanni_Gronchi, 1887-09-10, 2410525, 5,5,13,7417, 0, 0, 15820.35714
Janica_Kostelić, 1982-01-05, 2444975, 5,5,13,7523, 0, 0, 19288.33333
Jaroslav_Plašil, 1982-01-05, 2444975, 5,5,13,7523, 0, 0, 17618.86486
Jerry_Lee_Lewis, 1935-09-29, 2428075, 5,5,13,31,241, 0, 0, 232342.5429
Jonas_Björkman, 1972-03-23, 2441400, 2,2,2,3,5,5,13,313, 0, 0, 13892.11111
Jorge_Amado, 1912-08-10, 2419625, 5,5,5,13,1489, 0, 0, 63501.225
Kurt_Student, 1890-05-12, 2411500, 2,2,5,5,5,7,13,53, 0, 0, 26591.83333
Mathieu_Debuchy, 1985-07-28, 2446275, 3,5,5,13,13,193, 0, 0, 36108.85714
Max_Ernst, 1891-04-02, 2411825, 5,5,13,41,181, 0, 0, 93538.28846
Richard_Gasquet, 1986-06-18, 2446600, 2,2,2,5,5,13,941, 0, 0, 55620
Varg_Vikernes, 1973-02-11, 2441725, 5,5,11,13,683, 0, 0, 166625.1765
Wilfred_Bouma, 1978-06-15, 2443675, 5,5,13,73,103, 0, 0, 26590.48276
