Alexander_Herzen, 1812-04-06, 2382975, 3,3,5,5,7,17,89, 0, 0, 13161.75676
Claudio_Caniggia, 1967-01-09, 2439500, 2,2,5,5,5,7,17,41, 0, 0, 70636.19355
Duffy_(singer), 1984-06-23, 2445875, 5,5,5,17,1151, 0, 0, 67104.78947
Eddie_Irvine, 1965-11-10, 2439075, 3,5,5,17,1913, 0, 0, 47738.93333
Edvard_Beneš, 1884-05-28, 2409325, 5,5,17,5669, 0, 0, 33930.92105
Erich_von_Manstein, 1887-11-24, 2410600, 2,2,2,5,5,17,709, 0, 0, 90219.05263
George_Kennedy, 1925-02-18, 2424200, 2,2,2,5,5,17,23,31, 0, 0, 86832.03704
Jim_Jarmusch, 1953-01-22, 2434400, 2,2,2,2,2,5,5,17,179, 0, 0, 110784.1081
Jorge_Larrionda, 1968-03-09, 2439925, 5,5,17,5741, 0, 0, 8674.192308
Joseph_Rotblat, 1908-11-04, 2418250, 2,5,5,5,17,569, 0, 0, 13715.06061
Josip_Jelačić, 1801-10-16, 2379150, 2,3,3,5,5,17,311, 0, 0, 17949.96552
Justo_Villar, 1977-06-30, 2443325, 5,5,17,5749, 0, 0, 23580.07407
János_Bolyai, 1802-12-15, 2379575, 5,5,11,17,509, 0, 0, 14160.30556
Kenneth_Arrow, 1921-08-23, 2422925, 5,5,17,5701, 0, 0, 22679.58974
Leopold_von_Ranke, 1795-12-21, 2377025, 5,5,7,17,17,47, 0, 0, 25407.64706
Louise_of_Mecklenburg-Strelitz, 1776-03-10, 2369800, 2,2,2,5,5,17,17,41, 0, 0, 41603.88462
Magda_Goebbels, 1901-11-11, 2415700, 2,2,5,5,7,7,17,29, 0, 0, 92763.51724
Marcelo_H._del_Pilar, 1850-08-30, 2397000, 2,2,2,3,5,5,5,17,47, 0, 0, 40049.92593
Philip_Johnson, 1906-07-08, 2417400, 2,2,2,3,3,5,5,17,79, 0, 0, 40671.56818
Wojciech_Szczęsny, 1990-04-18, 2448000, 2,2,2,2,2,2,2,3,3,5,5,5,17, 0, 0, 88322.95122
Youri_Djorkaeff, 1968-03-09, 2439925, 5,5,17,5741, 0, 0, 58190.9375
