Alexander_Herzen, 1812-04-06, 2382975, 3,3,5,5,7,17,89, 0, 0, 13161.75676
August_Macke, 1887-01-03, 2410275, 3,5,5,7,4591, 0, 0, 37265.51613
Elif_Şafak, 1971-10-25, 2441250, 2,3,3,5,5,5,5,7,31, 0, 0, 41302.69231
Frederick_V,_Elector_Palatine, 1596-08-26, 2304225, 3,3,5,5,7,7,11,19, 0, 0, 8792.25
Kurt_Angle, 1968-12-09, 2440200, 2,2,2,3,5,5,7,7,83, 0, 0, 324973.8889
Mary_I_of_England, 1516-02-18, 2274825, 3,5,5,7,7,619, 0, 0, 280028.0328
Max_Euwe, 1901-05-20, 2415525, 3,5,5,7,43,107, 0, 0, 10874.26087
Mohamed_Ghannouchi, 1941-08-18, 2430225, 3,3,5,5,7,1543, 0, 0, 15238.18421
Oleh_Husyev, 1983-04-25, 2445450, 2,3,5,5,7,17,137, 0, 0, 7777.935484
Tina_Fey, 1970-05-18, 2440725, 3,5,5,7,4649, 0, 0, 399426.9412
William_Lamb,_2nd_Viscount_Melbourne, 1779-03-15, 2370900, 2,2,3,5,5,7,1129, 0, 0, 4498.5
