Alexander_Calder, 1898-07-22, 2414493, 3,3,17,43,367, 0, 0, 166234.6579
Bruce_Dickinson, 1958-08-07, 2436423, 3,11,17,43,101, 0, 0, 211911.225
Elizabeth_I_of_England, 1533-09-07, 2281236, 2,2,3,43,4421, 0, 0, 370663.8113
Frédéric_Kanouté, 1977-09-02, 2443389, 3,13,31,43,47, 0, 0, 58088.75758
Giuseppe_Favalli, 1972-01-08, 2441325, 3,5,5,43,757, 0, 0, 26443.33333
Iván_Córdoba, 1976-08-11, 2443002, 2,3,17,43,557, 0, 0, 41722.47222
Otto_Skorzeny, 1908-06-12, 2418105, 3,5,23,43,163, 0, 0, 80205.65854
Pierre_Messmer, 1916-03-20, 2420943, 3,7,7,43,383, 0, 0, 15107.9
Roland_Barthes, 1915-11-12, 2420814, 2,3,11,43,853, 0, 0, 104930.8409
Stephen_Wolfram, 1959-08-29, 2436810, 2,3,5,43,1889, 0, 0, 45918.14286
