Alex_Ferguson, 1941-12-31, 2430360, 2,2,2,3,3,5,43,157, 0, 0, 211358.4697
Alexander_Calder, 1898-07-22, 2414493, 3,3,17,43,367, 0, 0, 166234.6579
Alfred_Hitchcock, 1899-08-13, 2414880, 2,2,2,2,2,3,3,3,5,13,43, 0, 0, 232167.01
Bruce_Dickinson, 1958-08-07, 2436423, 3,11,17,43,101, 0, 0, 211911.225
Dwight_D._Eisenhower, 1890-10-14, 2411655, 3,5,43,3739, 0, 0, 192452.8283
Elizabeth_I_of_England, 1533-09-07, 2281236, 2,2,3,43,4421, 0, 0, 370663.8113
Gennaro_Gattuso, 1978-01-09, 2443518, 2,3,3,7,11,41,43, 0, 0, 116553.5
George_Armstrong_Custer, 1839-12-05, 2393079, 3,13,43,1427, 0, 0, 146985.1707
James_Caan, 1940-03-26, 2429715, 3,5,43,3767, 0, 0, 180407.2778
Jason_Earles, 1977-04-26, 2443260, 2,2,3,5,43,947, 0, 0, 356005
Lindsay_Lohan, 1986-07-02, 2446614, 2,3,3,29,43,109, 0, 0, 609891.7424
Nancy_Pelosi, 1940-03-26, 2429715, 3,5,43,3767, 0, 0, 133364.9792
Paul_Giamatti, 1967-06-06, 2439648, 2,2,2,2,2,3,3,43,197, 0, 0, 171443.7576
Peter_Stormare, 1953-08-27, 2434617, 3,3,3,3,3,43,233, 0, 0, 174557.4643
Rudolf_Hess, 1894-04-26, 2412945, 3,3,5,29,43,43, 0, 0, 157223.5439
Sigourney_Weaver, 1949-10-08, 2433198, 2,3,43,9431, 0, 0, 230360.037
Timothy_Leary, 1920-10-22, 2422620, 2,2,3,3,5,43,313, 0, 0, 185760.3636
Tom_Welling, 1977-04-26, 2443260, 2,2,3,5,43,947, 0, 0, 233908.9744
Tony_Scott, 1944-06-21, 2431263, 3,43,47,401, 0, 0, 163931.4359
Wayne_Gretzky, 1961-01-26, 2437326, 2,3,3,43,47,67, 0, 0, 307944.697
William_S._Burroughs, 1914-02-05, 2420169, 3,43,73,257, 0, 0, 150601.525
