Bruce_Willis, 1955-03-19, 2435186, 2,13,229,409, 0, 0, 519817.7361
Charles_Le_Brun, 1619-02-24, 2312442, 2,3,3,3,11,17,229, 0, 0, 26154.09677
Charlie_Watts, 1941-06-02, 2430148, 2,2,7,229,379, 0, 0, 134499.3929
Colette, 1873-01-28, 2405187, 3,3,3,229,389, 0, 0, 73552.54545
Darron_Gibson, 1987-10-25, 2447094, 2,3,13,137,229, 0, 0, 48398.51613
David_Lloyd_George, 1863-01-17, 2401523, 229,10487, 0, 0, 54818.60377
Frank_Lloyd_Wright, 1867-06-08, 2403126, 2,3,3,11,53,229, 0, 0, 136058.9579
Hermann_von_Helmholtz, 1821-08-31, 2386409, 17,229,613, 0, 0, 33427.10417
Landon_Donovan, 1982-03-04, 2445033, 3,229,3559, 0, 0, 177173.1429
Matthew_Perry, 1969-08-19, 2440453, 229,10657, 0, 0, 175742.1064
Megawati_Sukarnoputri, 1947-01-23, 2432209, 13,19,43,229, 0, 0, 25827.88235
Mickey_Rooney, 1920-09-23, 2422591, 71,149,229, 0, 0, 237817.2581
Muhammad_Ali, 1942-01-17, 2430377, 229,10613, 0, 0, 430352.7143
Nate_Dogg, 1969-08-19, 2440453, 229,10657, 0, 0, 409021.1724
Nena, 1960-03-24, 2437018, 2,17,229,313, 0, 0, 173353.3548
Paul_Pierce, 1977-10-13, 2443430, 2,5,11,97,229, 0, 0, 133974.8333
Ricky_Gervais, 1961-06-25, 2437476, 2,2,3,229,887, 0, 0, 320869.1379
Ruslana, 1973-05-24, 2441827, 229,10663, 0, 0, 28089.55357
Serge_Gainsbourg, 1928-04-02, 2425339, 7,17,89,229, 0, 0, 307667.5
Thomas_Muster, 1967-10-02, 2439766, 2,7,229,761, 0, 0, 32670.0625
William_H._Macy, 1950-03-13, 2433354, 2,3,7,11,23,229, 0, 0, 161777.1
