Alfred_Kinsey, 1894-06-23, 2413003, 29,83207, 0, 0, 78826.5
Baudouin_of_Belgium, 1930-09-07, 2426227, 29,83663, 0, 0, 31610.53333
Billy_Ray_Cyrus, 1961-08-25, 2437537, 29,84053, 0, 0, 318590.9167
Cesare_Borgia, 1475-09-13, 2260057, 29,77933, 0, 0, 201131.65
Gabriele_D'Annunzio, 1863-03-12, 2401577, 29,82813, 0, 0, 90830.025
Iván_Zamorano, 1967-01-18, 2439509, 29,84121, 0, 0, 55886.78947
Juanes, 1972-08-09, 2441539, 29,84191, 0, 0, 76709.41176
Lavrentiy_Beria, 1899-03-29, 2414743, 29,83267, 0, 0, 46553.29787
Marc_Overmars, 1973-03-29, 2441771, 29,84199, 0, 0, 69630.375
Mary_of_Burgundy, 1457-02-13, 2253271, 29,77699, 0, 0, 25841.87097
Masi_Oka, 1974-12-27, 2442409, 29,84221, 0, 0, 158328.1852
Nathan_Lane, 1956-02-03, 2435507, 29,83983, 0, 0, 117351.4138
Nikola_Tesla, 1856-07-10, 2399141, 29,82729, 0, 0, 381709.6306
Paracelsus, 1493-12-17, 2266727, 29,78163, 0, 0, 87993.47541
Pope_Urban_VII, 1521-08-04, 2276819, 29,78511, 0, 0, 19183.52727
Saul_Bellow, 1915-06-10, 2420659, 29,83471, 0, 0, 31801.28571
Shaun_Wright-Phillips, 1981-10-25, 2444903, 29,84307, 0, 0, 74100.57895
Sonny_Rollins, 1930-09-07, 2426227, 29,83663, 0, 0, 51579.88462
Tim_Robbins, 1958-10-16, 2436493, 29,84017, 0, 0, 195214.9268
Wilhelm_Keitel, 1882-09-22, 2408711, 29,83059, 0, 0, 92840.26
William_Styron, 1925-06-11, 2424313, 29,83597, 0, 0, 26021.6
