Albert_Camus, 1913-11-07, 2420079, 3,29,27817, 0, 0, 190440.9053
Ann-Margret, 1941-04-28, 2430113, 7,29,11971, 0, 0, 157952.5926
Bruce_Campbell, 1958-06-22, 2436377, 29,29,2897, 0, 0, 258057
Candice_Swanepoel, 1988-10-20, 2447455, 5,29,16879, 0, 0, 251344.3462
Carl_Rogers, 1902-01-08, 2415758, 2,29,41651, 0, 0, 145015.9474
Chauncey_Billups, 1976-09-25, 2443047, 3,29,28081, 0, 0, 96955.14815
Garrett_Hedlund, 1984-09-03, 2445947, 7,29,12049, 0, 0, 256943.9615
Glenn_Miller, 1904-03-01, 2416541, 23,29,3623, 0, 0, 109096.5854
Gotye, 1980-05-21, 2444381, 29,31,2719, 0, 0, 395250.7742
Hannah_Arendt, 1906-10-14, 2417498, 2,29,41681, 0, 0, 144619.88
Jacqueline_Kennedy_Onassis, 1929-07-28, 2425821, 3,29,27883, 0, 0, 335878.48
Jawaharlal_Nehru, 1889-11-14, 2411321, 11,29,7559, 0, 0, 95017
Jensen_Ackles, 1978-03-01, 2443569, 3,29,28087, 0, 0, 427212.7027
Jeremy_Renner, 1971-01-07, 2440959, 3,29,28057, 0, 0, 128346.1504
Jimmy_Page, 1944-01-09, 2431099, 11,29,7621, 0, 0, 320624.2157
John_Calvin, 1509-07-10, 2272411, 29,127,617, 0, 0, 119072.2278
Kristen_Bell, 1980-07-18, 2444439, 3,29,28097, 0, 0, 477923.8889
Manuel_Pellegrini, 1953-09-16, 2434637, 29,37,2269, 0, 0, 97784.21429
Mikhail_Baryshnikov, 1948-01-27, 2432578, 2,29,41941, 0, 0, 138740.4138
William_Hurt, 1950-03-20, 2433361, 7,29,11987, 0, 0, 133671.973
Yannick_Noah, 1960-05-18, 2437073, 19,29,4423, 0, 0, 112344.4194
