Alberto_Aquilani, 1984-07-07, 2445889, 19,23,29,193, 0, 0, 99765.12821
Billie_Joe_Armstrong, 1972-02-17, 2441365, 5,29,113,149, 0, 0, 305341.3864
Charles_Baudelaire, 1821-04-09, 2386265, 5,7,29,2351, 0, 0, 181049.5857
Deng_Xiaoping, 1904-08-22, 2416715, 5,7,29,2381, 0, 0, 131608.9231
Etta_James, 1938-01-25, 2428924, 2,2,29,20939, 0, 0, 206251.0465
Fabrizio_De_André, 1940-02-18, 2429678, 2,29,163,257, 0, 0, 153813.9615
Jean-Luc_Godard, 1930-12-03, 2426314, 2,11,29,3803, 0, 0, 144203.0435
Jeremy_Lin, 1988-08-23, 2447397, 3,3,29,9377, 0, 0, 412149.7857
Jesse_Spencer, 1979-02-12, 2443917, 3,7,29,4013, 0, 0, 211315.2667
Jet_Li, 1963-04-26, 2438146, 2,29,127,331, 0, 0, 420854.8333
Maggie_Grace, 1983-09-21, 2445599, 13,13,29,499, 0, 0, 253144.2813
Max_Weber, 1864-04-21, 2401983, 3,3,29,9203, 0, 0, 196228.7303
Monica_Lewinsky, 1973-07-23, 2441887, 7,23,29,523, 0, 0, 310701.4054
Orson_Scott_Card, 1951-08-24, 2433883, 23,29,41,89, 0, 0, 107228.4286
Rafael_Nadal, 1986-06-03, 2446585, 5,29,47,359, 0, 0, 365178.7529
Serena_Williams, 1981-09-26, 2444874, 2,3,29,14051, 0, 0, 229302.8209
Taio_Cruz, 1985-04-23, 2446179, 3,29,31,907, 0, 0, 268347.8571
Ted_Danson, 1947-12-29, 2432549, 7,23,29,521, 0, 0, 223531.7407
Tennessee_Williams, 1911-03-26, 2419122, 2,3,29,13903, 0, 0, 111983.7963
William_Blake, 1757-11-28, 2363123, 7,7,29,1663, 0, 0, 160190.125
Wilt_Chamberlain, 1936-08-21, 2428402, 2,29,149,281, 0, 0, 241572.2727
