Bear_Grylls, 1974-06-07, 2442206, 2,13,29,41,79, 0, 0, 458488.6
Carrie_Fisher, 1956-10-21, 2435768, 2,2,2,29,10499, 0, 0, 404823.5172
Daron_Malakian, 1975-07-18, 2442612, 2,2,3,29,7019, 0, 0, 155659.4324
Gerald_Ford, 1913-07-14, 2419963, 7,7,13,29,131, 0, 0, 146608.7113
Hank_Aaron, 1934-02-05, 2427474, 2,3,7,29,1993, 0, 0, 132335.8462
James_Blake_(tennis), 1979-12-28, 2444236, 2,2,19,29,1109, 0, 0, 75901.70588
Javier_Mascherano, 1984-06-08, 2445860, 2,2,5,29,4217, 0, 0, 92656.56604
Jim_Carrey, 1962-01-17, 2437682, 2,13,29,53,61, 0, 0, 489841.2027
John_Kerry, 1943-12-11, 2431070, 2,5,29,83,101, 0, 0, 128333.8039
Lars_von_Trier, 1956-04-30, 2435594, 2,7,7,29,857, 0, 0, 154099.6
Lisandro_López, 1983-03-02, 2445396, 2,2,3,29,7027, 0, 0, 83719.25
Luís_Figo, 1972-11-04, 2441626, 2,11,29,43,89, 0, 0, 139567.4727
M.I.A._(rapper), 1975-07-18, 2442612, 2,2,3,29,7019, 0, 0, 89504.88889
Milton_Friedman, 1912-07-31, 2419615, 5,11,29,37,41, 0, 0, 141755.6923
Noomi_Rapace, 1979-12-28, 2444236, 2,2,19,29,1109, 0, 0, 315876.9
Robert_De_Niro, 1943-08-17, 2430954, 2,3,3,29,4657, 0, 0, 382886.6585
Simão_Sabrosa, 1979-10-31, 2444178, 2,3,11,29,1277, 0, 0, 68743.20588
Taylor_Momsen, 1993-07-26, 2449195, 5,7,19,29,127, 0, 0, 448704.027
Terrence_Howard, 1969-03-11, 2440292, 2,2,29,109,193, 0, 0, 218361.6071
Victor_Moses, 1990-12-12, 2448238, 2,13,17,29,191, 0, 0, 85301.75862
Ville_Valo, 1976-11-22, 2443105, 5,7,29,29,83, 0, 0, 124567.1944
