Alex_Jones_(radio_host), 1974-02-11, 2,3,5,7,29,401, 77174.76923
Benazir_Bhutto, 1953-06-21, 2,5,5,23,29,73, 74179.77174
Charles_M._Schulz, 1922-11-26, 3,3,3,5,29,619, 82367.51724
Fredrik_Ljungberg, 1977-04-16, 2,5,5,5,29,337, 99408.27778
Jackie_Chan, 1954-04-07, 2,2,2,5,29,2099, 545800.2099
Karl_May, 1842-02-25, 2,2,3,3,29,2293, 72904.08333
Keith_Moon, 1946-08-23, 2,2,2,11,29,953, 253604.069
Lakshmi_Mittal, 1950-06-15, 2,2,2,17,29,617, 149781.5854
Lea_Michele, 1986-08-29, 2,2,2,2,29,5273, 650204.9
Lindsay_Lohan, 1986-07-02, 2,3,3,29,43,109, 609891.7424
Marion_Bartoli, 1984-10-02, 2,2,2,13,29,811, 77813.78378
Massimo_Moratti, 1945-05-16, 2,2,2,29,47,223, 71733.82143
Mia_Hamm, 1972-03-17, 2,3,3,3,29,1559, 106310.3871
Mike_Myers, 1963-05-25, 3,5,5,19,29,59, 160244.0513
RZA, 1969-07-05, 2,2,2,29,67,157, 104130.1154
Rachel_McAdams, 1978-11-17, 2,3,5,29,53,53, 626933.5366
Richard_III_of_England, 1452-10-02, 2,2,7,29,47,59, 172495.0877
Rick_Riordan, 1964-06-05, 2,2,2,23,29,457, 131900.6207
Rosie_Huntington-Whiteley, 1987-04-18, 2,2,2,29,53,199, 503105.9688
Rudolf_Hess, 1894-04-26, 3,3,5,29,43,43, 157223.5439
Sergey_Brin, 1973-08-21, 2,2,3,3,29,2339, 138490.322
