Amos_Oz, 1939-05-04, 2,2,3,3,13,29,179, 38301.2973
Ashanti_(singer), 1980-10-13, 2,3,3,3,7,29,223, 10490.42857
Auguste_Piccard, 1884-01-28, 2,2,3,7,23,29,43, 25905.83333
Ayrton_Senna, 1960-03-21, 5,7,7,7,7,7,29, 294298.3594
Charles_XIV_John_of_Sweden, 1763-01-26, 2,2,2,2,3,29,1699, 37049.72
David_Coverdale, 1951-09-22, 2,2,2,3,13,29,269, 108785.5938
David_Letterman, 1947-04-12, 2,2,2,2,2,29,2621, 211728.0909
Feodor_III_of_Russia, 1661-06-09, 2,2,2,2,29,29,173, 24731.42857
Giovani_dos_Santos, 1989-05-11, 2,3,3,3,3,29,521, 181366.0541
Hassan_Gouled_Aptidon, 1916-10-15, 2,2,2,2,2,29,2609, 4567.642857
Hope_Solo, 1981-07-30, 2,2,2,2,11,29,479, 231283.8889
Janez_Janša, 1958-09-17, 2,2,2,2,29,59,89, 15745.19512
Johann_Gottfried_Herder, 1744-08-25, 2,2,2,5,19,29,107, 39952.11765
John_Paul_Jones_(musician), 1946-01-03, 2,2,2,2,3,29,1747, 36810.38462
Karl_Ernst_von_Baer, 1792-02-17, 2,3,3,3,29,37,41, 12786.66667
Keri_Hilson, 1982-12-05, 3,3,3,3,3,29,347, 290769.3333
Murad_V, 1840-09-21, 2,3,3,5,7,29,131, 17527.55814
Pope_Marcellus_II, 1501-05-06, 2,2,2,2,29,67,73, 15124.80392
Scott_Parker, 1980-10-13, 2,3,3,3,7,29,223, 46525.8
Tom_Clancy, 1947-04-12, 2,2,2,2,2,29,2621, 245108.6667
Zbigniew_Boniek, 1956-03-03, 2,2,2,2,29,29,181, 57992.84848
