Alfonso_Cuarón, 1961-11-28, 2437632, 2,2,2,2,2,2,2,2,2,3,3,23,23, 0, 0, 89554.37931
Andrew_Garfield, 1983-08-20, 2445567, 3,23,23,23,67, 0, 0, 143083.2816
Andy_Warhol, 1928-08-06, 2425465, 5,7,23,23,131, 0, 0, 343545.84
Christijan_Albers, 1979-04-16, 2443980, 2,2,3,5,7,11,23,23, 0, 0, 13423.53333
F._Scott_Fitzgerald, 1896-09-24, 2413827, 3,3,3,13,13,23,23, 0, 0, 213149.0508
Filip_Vujanović, 1954-09-01, 2434987, 23,23,4603, 0, 0, 8876.095238
Gisela_Dulko, 1985-01-30, 2446096, 2,2,2,2,17,17,23,23, 0, 0, 36220.03448
Jay_Leno, 1950-04-28, 2433400, 2,2,2,5,5,23,23,23, 0, 0, 238832.5938
Julien_Offray_de_La_Mettrie, 1709-11-23, 2345586, 2,3,23,23,739, 0, 0, 16236.87097
Natasha_Richardson, 1963-05-11, 2438161, 11,23,23,419, 0, 0, 363048.3158
Robert_Moog, 1934-05-23, 2427581, 13,23,23,353, 0, 0, 177751.8919
Yuri_Zhirkov, 1983-08-20, 2445567, 3,23,23,23,67, 0, 0, 44876.63636
