Barry_Levinson, 1942-04-06, 2430456, 2,2,2,3,7,17,23,37, 0, 0, 47865.37037
Bernie_Mac, 1957-10-05, 2436117, 3,17,37,1291, 0, 0, 354973.9333
Dennis_Aogo, 1987-01-14, 2446810, 2,5,17,37,389, 0, 0, 32454.13793
Derrick_Rose, 1988-10-04, 2447439, 3,17,37,1297, 0, 0, 278586.3429
Grover_Cleveland, 1837-03-18, 2392087, 17,37,3803, 0, 0, 87778.38202
Henri_Barbusse, 1873-05-17, 2405296, 2,2,2,2,17,37,239, 0, 0, 14954.48571
Hun_Sen, 1952-08-05, 2434230, 2,3,3,5,17,37,43, 0, 0, 42468.96875
Ja'far_al-Sadiq, 0702-04-23, 1977576, 2,2,2,3,17,37,131, 0, 0, 37563.65517
James_Irwin, 1930-03-17, 2426053, 7,17,19,29,37, 0, 0, 21685.51852
Janet_Jackson, 1966-05-16, 2439262, 2,7,17,37,277, 0, 0, 331152.5306
Jean_Gabin, 1904-05-17, 2416618, 2,17,17,37,113, 0, 0, 81407.97368
Oleg_Salenko, 1969-10-25, 2440520, 2,2,2,5,17,37,97, 0, 0, 23304.51852
Pharrell_Williams, 1973-04-05, 2441778, 2,3,17,37,647, 0, 0, 490308.9231
Robert_Englund, 1947-06-06, 2432343, 3,17,37,1289, 0, 0, 203189.3846
Theodore_Dreiser, 1871-08-27, 2404667, 17,37,3823, 0, 0, 29630.89474
