Carrie_Underwood, 1983-03-10, 2445404, 2,2,13,31,37,41, 0, 0, 377294.7429
Dianna_Agron, 1986-04-30, 2446551, 3,3,3,31,37,79, 0, 0, 540759.6429
Jason_Segel, 1980-01-18, 2444257, 31,37,2131, 0, 0, 474367.8611
Javier_Pastore, 1989-06-20, 2447698, 2,11,31,37,97, 0, 0, 159857.6207
Jim_Courier, 1970-08-17, 2440816, 2,2,2,2,7,19,31,37, 0, 0, 51740.05714
Kyösti_Kallio, 1873-04-10, 2405259, 3,3,31,37,233, 0, 0, 9598.21875
Michael_Moore_(saxophonist_and_clarinetist), 1954-12-04, 2435081, 11,31,37,193, 0, 0, 193738.0652
Pál_Schmitt, 1942-05-13, 2430493, 13,31,37,163, 0, 0, 20231.42857
Robert_Green, 1980-01-18, 2444257, 31,37,2131, 0, 0, 38794.94595
Sami_Hyypiä, 1973-10-07, 2441963, 31,37,2129, 0, 0, 55783.4359
