Andy_Schleck, 1985-06-10, 2446227, 3,3,3,7,7,43,43, 0, 0, 80539.12903
Antonio_Machado, 1875-07-26, 2406096, 2,2,2,2,3,3,7,7,11,31, 0, 0, 140250.9032
Ariel_Ortega, 1974-03-04, 2442111, 3,7,7,37,449, 0, 0, 84743.22222
Cam_Gigandet, 1982-08-16, 2445198, 2,3,7,7,8317, 0, 0, 324834.4828
Carl_Jung, 1875-07-26, 2406096, 2,2,2,2,3,3,7,7,11,31, 0, 0, 224846.8472
Greg_Grunberg, 1966-07-11, 2439318, 2,3,7,7,8297, 0, 0, 81664.61538
Jim_Cummings, 1952-11-03, 2434320, 2,2,2,2,3,3,3,5,7,7,23, 0, 0, 120277.8846
John_Bonham, 1948-05-31, 2432703, 3,7,7,13,19,67, 0, 0, 198457.2791
Josh_Radnor, 1974-07-29, 2442258, 2,3,3,3,7,7,13,71, 0, 0, 339447.7097
Kevin_James, 1965-04-26, 2438877, 3,7,7,47,353, 0, 0, 103989.1143
Kim_Novak, 1933-02-13, 2427117, 3,7,7,11,19,79, 0, 0, 138737.0303
Kristen_Stewart, 1990-04-09, 2447991, 3,3,7,7,7,13,61, 0, 0, 955837.0345
Kurt_Angle, 1968-12-09, 2440200, 2,2,2,3,5,5,7,7,83, 0, 0, 324973.8889
Lynn_Redgrave, 1943-03-08, 2430792, 2,2,2,3,3,7,7,13,53, 0, 0, 75009.74074
Mary_I_of_England, 1516-02-18, 2274825, 3,5,5,7,7,619, 0, 0, 280028.0328
Patricia_Kaas, 1966-12-05, 2439465, 3,5,7,7,3319, 0, 0, 73509.45455
Paul_Newman, 1925-01-26, 2424177, 3,3,7,7,23,239, 0, 0, 242660.0278
Peter_Cushing, 1913-05-26, 2419914, 2,3,7,7,8231, 0, 0, 97268.25
Sam_Worthington, 1976-08-02, 2442993, 3,7,7,16619, 0, 0, 295316.8163
Slavoj_Žižek, 1949-03-21, 2432997, 3,3,3,3,7,7,613, 0, 0, 98222.34884
Stan_Laurel, 1890-06-16, 2411535, 3,5,7,7,17,193, 0, 0, 119604.7576
