Carl_Wieman, 1951-03-26, 2,2,3,7,7,4139, 9393.657143
Călin_Popescu-Tăriceanu, 1952-01-14, 2,3,7,7,17,487, 8978.363636
Freddie_Prinze,_Jr., 1976-03-08, 2,3,7,7,7,1187, 73413.51852
Gerald_Edelman, 1929-07-01, 2,3,7,7,37,223, 11066.29032
Hans_Luther, 1879-03-10, 3,3,7,7,53,103, 9420.645161
John_Bonham, 1948-05-31, 3,7,7,13,19,67, 198457.2791
Kim_Novak, 1933-02-13, 3,7,7,11,19,79, 138737.0303
Marcell_Jansen, 1985-11-04, 2,3,7,7,53,157, 31052
Mary_I_of_England, 1516-02-18, 3,5,5,7,7,619, 280028.0328
Michael_Krohn-Dehli, 1983-06-06, 2,2,3,7,7,4159, 18662.15625
Paul_Biya, 1933-02-13, 3,7,7,11,19,79, 22354.29545
Paul_Ludwig_Ewald_von_Kleist, 1881-08-08, 3,3,7,7,43,127, 16861.6
Paul_Newman, 1925-01-26, 3,3,7,7,23,239, 242660.0278
Stan_Laurel, 1890-06-16, 3,5,7,7,17,193, 119604.7576
Sébastien_Squillaci, 1980-08-11, 3,3,7,7,23,241, 46577.54545
