Ariel_Ortega, 1974-03-04, 2442111, 3,7,7,37,449, 0, 0, 84743.22222
Cam_Gigandet, 1982-08-16, 2445198, 2,3,7,7,8317, 0, 0, 324834.4828
Greg_Grunberg, 1966-07-11, 2439318, 2,3,7,7,8297, 0, 0, 81664.61538
Imam_Shamil, 1797-06-26, 2377578, 2,3,7,7,8087, 0, 0, 37107.34375
Joleon_Lescott, 1982-08-16, 2445198, 2,3,7,7,8317, 0, 0, 68800.77778
Kevin_James, 1965-04-26, 2438877, 3,7,7,47,353, 0, 0, 103989.1143
Patricia_Kaas, 1966-12-05, 2439465, 3,5,7,7,3319, 0, 0, 73509.45455
Peter_Cushing, 1913-05-26, 2419914, 2,3,7,7,8231, 0, 0, 97268.25
Pierre_Messmer, 1916-03-20, 2420943, 3,7,7,43,383, 0, 0, 15107.9
Prince_Claus_of_the_Netherlands, 1926-09-06, 2424765, 3,5,7,7,3299, 0, 0, 46159.84615
Richard_Kuhn, 1900-12-03, 2415357, 3,3,7,7,5477, 0, 0, 9071.846154
Vasily_Chuikov, 1900-02-12, 2415063, 3,7,7,7,2347, 0, 0, 24087.07692
Yousaf_Raza_Gillani, 1952-06-09, 2434173, 3,7,7,29,571, 0, 0, 23666.64444
