Al_Capone, 1899-01-17, 2414672, 2,2,2,2,13,13,19,47, 0, 0, 491181.2097
Caster_Semenya, 1991-01-07, 2448264, 2,2,2,3,7,13,19,59, 0, 0, 113576.6071
Connie_Francis, 1938-12-12, 2429245, 5,7,13,19,281, 0, 0, 105616.1481
Dick_Advocaat, 1947-09-27, 2432456, 2,2,2,13,19,1231, 0, 0, 41790.66667
Eden_Hazard, 1991-01-07, 2448264, 2,2,2,3,7,13,19,59, 0, 0, 240831.7568
Elizabeth_Banks, 1974-02-10, 2442089, 13,19,9887, 0, 0, 427654.0606
Georges_Bataille, 1897-09-10, 2414178, 2,3,3,3,13,19,181, 0, 0, 63328
Hayley_Williams, 1988-12-27, 2447523, 3,3,3,13,19,367, 0, 0, 459394.0833
John_Bonham, 1948-05-31, 2432703, 3,7,7,13,19,67, 0, 0, 198457.2791
Li_Peng, 1928-10-20, 2425540, 2,2,5,13,19,491, 0, 0, 88356.85185
Louis_Bonaparte, 1778-09-02, 2370706, 2,13,19,4799, 0, 0, 46776
Maxi_López, 1984-04-03, 2445794, 2,13,19,4951, 0, 0, 99761.07692
Meat_Loaf, 1947-09-27, 2432456, 2,2,2,13,19,1231, 0, 0, 322372.4839
Michel_de_Montaigne, 1533-02-28, 2281045, 5,13,19,1847, 0, 0, 91637.0678
Pete_Seeger, 1919-05-03, 2422082, 2,13,19,4903, 0, 0, 106113.0938
Peter_Jackson_(footballer,_born_1961), 1961-04-06, 2437396, 2,2,13,19,2467, 0, 0, 186333.1379
Rahm_Emanuel, 1959-11-29, 2436902, 2,13,19,4933, 0, 0, 257546.963
Roger_Waters, 1943-09-06, 2430974, 2,7,13,19,19,37, 0, 0, 246861.9556
Roy_Scheider, 1932-11-10, 2427022, 2,13,17,17,17,19, 0, 0, 121478.6765
Tony_Curtis, 1925-06-03, 2424305, 5,13,13,19,151, 0, 0, 173627.3137
Tunku_Abdul_Rahman, 1903-02-08, 2416154, 2,13,19,67,73, 0, 0, 64534.75
