Alexei_Alexeyevich_Abrikosov, 1928-06-25, 2,3,149,2713, 10347.60976
Alphonse_Daudet, 1840-05-13, 2,3,149,2677, 39580.42857
Giuseppe_Bergomi, 1963-12-22, 3,5,149,1091, 35052.75758
Irena_Sendler, 1910-02-15, 3,7,149,773, 120172.6341
Johann_Palisa, 1848-12-06, 3,3,149,1787, 4591.942857
John_Hume, 1937-01-18, 3,3,149,1811, 15396.92105
Johnny_Cash, 1932-02-26, 3,61,89,149, 449129.125
Peyo, 1928-06-25, 2,3,149,2713, 43534.85714
Pope_Shenouda_III_of_Alexandria, 1923-08-03, 2,3,149,2711, 22048.71429
Winsor_McCay, 1869-09-26, 2,3,149,2689, 240116.2286
