Alessandro_Diamanti, 1983-05-02, 2445457, 7,47,7433, 0, 0, 65080.58065
Axl_Rose, 1962-02-06, 2437702, 2,47,25933, 0, 0, 429173.0952
Charlie_Kaufman, 1958-11-19, 2436527, 47,47,1103, 0, 0, 89382.73077
Christina_Ricci, 1980-02-12, 2444282, 2,47,26003, 0, 0, 378789.9231
Cybill_Shepherd, 1950-02-18, 2433331, 23,47,2251, 0, 0, 135416.6897
Diane_Lane, 1965-01-22, 2438783, 19,47,2731, 0, 0, 355342.0938
Giovanni_van_Bronckhorst, 1975-02-05, 2442449, 47,157,331, 0, 0, 51154.21739
Haile_Gebrselassie, 1973-04-18, 2441791, 11,47,4723, 0, 0, 61934.97872
Iggy_Pop, 1947-04-21, 2432297, 7,47,7393, 0, 0, 293738.093
Jaden_Smith, 1998-07-08, 2451003, 3,47,17383, 0, 0, 625837.5455
James_L._Brooks, 1940-05-09, 2429759, 17,47,3041, 0, 0, 57201.07143
Kenneth_Branagh, 1960-12-10, 2437279, 13,47,3989, 0, 0, 209303.0541
Lin_Biao, 1907-12-05, 2417915, 5,47,10289, 0, 0, 101945
Lucy_Liu, 1968-12-02, 2440193, 7,47,7417, 0, 0, 275687.6667
Michael_Keaton, 1951-09-05, 2433895, 5,47,10357, 0, 0, 242593.875
Rahul_Gandhi, 1970-06-19, 2440757, 11,47,4721, 0, 0, 135555.3704
Rinko_Kikuchi, 1981-01-06, 2444611, 13,47,4001, 0, 0, 159123.2593
Robert_Mugabe, 1924-02-21, 2423837, 13,47,3967, 0, 0, 89099.57143
Sofia_Coppola, 1971-05-14, 2441086, 2,47,25969, 0, 0, 230098.7436
William_Westmoreland, 1914-03-26, 2420218, 2,47,25747, 0, 0, 57972.7037
Willow_Smith, 2000-10-31, 2451849, 3,47,17389, 0, 0, 482813.9655
