Alfred_Nobel, 1833-10-21, 7,13,13,43,47, 110079.1468
Amaury_Nolasco, 1970-12-24, 5,13,17,47,47, 118412.2121
Bryan_Cranston, 1956-03-07, 2,2,5,47,2591, 586023.4615
Carlo_Cudicini, 1973-09-06, 2,2,31,47,419, 49293.20588
Catherine_de'_Medici, 1519-04-13, 5,5,13,47,149, 89131.09091
Charlotte_Brontë, 1816-04-21, 3,3,3,47,1879, 87211.22807
Christiaan_Barnard, 1922-11-08, 3,3,17,47,337, 44235.69767
Esteban_Cambiasso, 1980-08-18, 2,5,7,47,743, 72909.65789
Frédéric_Kanouté, 1977-09-02, 3,13,31,43,47, 58088.75758
Giorgio_Chiellini, 1984-08-14, 3,11,19,47,83, 61076.69767
Heather_Graham, 1970-01-29, 2,2,2,47,6491, 285918.6563
Isiah_Thomas, 1961-04-30, 2,2,5,47,2593, 127405.7407
Joshua_Jackson, 1978-06-11, 3,3,47,53,109, 302592.2258
Kevin_James, 1965-04-26, 3,7,7,47,353, 103989.1143
Mahmoud_Ahmadinejad, 1956-10-28, 3,5,5,47,691, 119549.1319
Montgomery_Clift, 1920-10-17, 5,13,13,47,61, 103532.3421
Patrick_Süskind, 1949-03-26, 2,11,13,47,181, 49221.04348
Paul_Ryan, 1970-01-29, 2,2,2,47,6491, 169359.1143
Rasheed_Wallace, 1974-09-17, 2,2,11,47,1181, 90631.32258
Robin_Söderling, 1984-08-14, 3,11,19,47,83, 57307.97297
Thomas_More, 1478-02-07, 3,3,5,47,1069, 170460.5507
