Al_Capone, 1899-01-17, 2414672, 2,2,2,2,13,13,19,47, 0, 0, 491181.2097
Anna_Paquin, 1982-07-24, 2445175, 5,5,47,2081, 0, 0, 405451.925
Axl_Rose, 1962-02-06, 2437702, 2,47,25933, 0, 0, 429173.0952
Bryan_Cranston, 1956-03-07, 2435540, 2,2,5,47,2591, 0, 0, 586023.4615
Christina_Ricci, 1980-02-12, 2444282, 2,47,26003, 0, 0, 378789.9231
Diane_Lane, 1965-01-22, 2438783, 19,47,2731, 0, 0, 355342.0938
Eric_Clapton, 1945-03-30, 2431545, 3,5,47,3449, 0, 0, 369178.7846
Hayden_Panettiere, 1989-08-21, 2447760, 2,2,2,2,3,5,7,31,47, 0, 0, 537846.0213
Heather_Graham, 1970-01-29, 2440616, 2,2,2,47,6491, 0, 0, 285918.6563
Iggy_Pop, 1947-04-21, 2432297, 7,47,7393, 0, 0, 293738.093
Jaden_Smith, 1998-07-08, 2451003, 3,47,17383, 0, 0, 625837.5455
James_Gandolfini, 1961-09-18, 2437561, 7,31,47,239, 0, 0, 284564.9655
Joshua_Jackson, 1978-06-11, 2443671, 3,3,47,53,109, 0, 0, 302592.2258
Matthew_Morrison, 1978-10-30, 2443812, 2,2,3,7,47,619, 0, 0, 289266.9286
Michael_Jordan, 1963-02-17, 2438078, 2,37,47,701, 0, 0, 665054.5733
Michelle_Trachtenberg, 1985-10-11, 2446350, 2,3,5,5,47,347, 0, 0, 368302.8966
Rafael_Nadal, 1986-06-03, 2446585, 5,29,47,359, 0, 0, 365178.7529
Sarah_Michelle_Gellar, 1977-04-14, 2443248, 2,2,2,2,3,3,19,19,47, 0, 0, 424751
Travis_Barker, 1975-11-14, 2442731, 47,51973, 0, 0, 357220.1875
Wayne_Gretzky, 1961-01-26, 2437326, 2,3,3,43,47,67, 0, 0, 307944.697
Willow_Smith, 2000-10-31, 2451849, 3,47,17389, 0, 0, 482813.9655
