Benigno_Aquino,_Jr., 1932-11-27, 2427039, 3,3,17,29,547, 0, 0, 10026.5
Debra_Winger, 1955-05-16, 2435244, 2,2,3,7,53,547, 0, 0, 121033.2857
Gian_Lorenzo_Bernini, 1598-12-07, 2305058, 2,7,7,43,547, 0, 0, 108688.8
Helen_Keller, 1880-06-27, 2407894, 2,31,71,547, 0, 0, 237778.7143
Henrietta_Swan_Leavitt, 1868-07-04, 2403518, 2,13,13,13,547, 0, 0, 10980.86667
Hermann_Joseph_Muller, 1890-12-21, 2411723, 547,4409, 0, 0, 14590.42857
Jerry_Yang_(entrepreneur), 1968-11-06, 2440167, 3,547,1487, 0, 0, 17133.96552
Jonny_Greenwood, 1971-11-05, 2441261, 547,4463, 0, 0, 111441.5517
Joseph_Brodsky, 1940-05-24, 2429774, 2,547,2221, 0, 0, 17703.70149
Kirsten_Dunst, 1982-04-30, 2445090, 2,3,5,149,547, 0, 0, 321621.0164
Lloyd_Banks, 1982-04-30, 2445090, 2,3,5,149,547, 0, 0, 210783.963
M._C._Escher, 1898-06-17, 2414458, 2,547,2207, 0, 0, 181933.5577
Olga_Korbut, 1955-05-16, 2435244, 2,2,3,7,53,547, 0, 0, 36401.58065
Oscar_Robertson, 1938-11-24, 2429227, 547,4441, 0, 0, 80114.26923
