David_Brewster, 1781-12-11, 2371902, 2,3,13,47,647, 0, 0, 12021.65385
Fabien_Barthez, 1971-06-28, 2441131, 7,7,7,11,647, 0, 0, 85283.57895
Feodor_Felix_Konrad_Lynen, 1911-04-06, 2419133, 647,3739, 0, 0, 5746.15625
Güyük_Khan, 1206-03-19, 2161627, 13,257,647, 0, 0, 18789
Martin_Gardner, 1914-10-21, 2420427, 3,29,43,647, 0, 0, 31708.74286
Neil_Gaiman, 1960-11-10, 2437249, 647,3767, 0, 0, 196639.2353
Pharrell_Williams, 1973-04-05, 2441778, 2,3,17,37,647, 0, 0, 490308.9231
Robert_Peary, 1856-05-06, 2399076, 2,2,3,3,103,647, 0, 0, 31020.53659
Romano_Prodi, 1939-08-09, 2429485, 5,647,751, 0, 0, 32752.15584
Sigmund_Freud, 1856-05-06, 2399076, 2,2,3,3,103,647, 0, 0, 324447.2388
Vladimir_Komarov, 1927-03-16, 2424956, 2,2,647,937, 0, 0, 19307.02326
