Anatoly_Karpov, 1951-05-23, 2433790, 2,5,257,947, 0, 0, 31800.29091
Antonis_Samaras, 1951-05-23, 2433790, 2,5,257,947, 0, 0, 24675.34211
Boutros_Boutros-Ghali, 1922-11-14, 2423373, 3,853,947, 0, 0, 39777.91071
Edward_Said, 1935-11-01, 2428108, 2,2,641,947, 0, 0, 73568.41463
Jason_Earles, 1977-04-26, 2443260, 2,2,3,5,43,947, 0, 0, 356005
Jesse_James, 1847-09-05, 2395910, 2,5,11,23,947, 0, 0, 429359.5556
John_Cornforth, 1917-09-07, 2421479, 947,2557, 0, 0, 7416.142857
John_E._Walker, 1941-01-07, 2430002, 2,947,1283, 0, 0, 6248.818182
Milan_Stanković, 1987-09-09, 2447048, 2,2,2,17,19,947, 0, 0, 12777.54839
Muhammad_al-Bukhari, 0810-07-19, 2017110, 2,3,5,71,947, 0, 0, 40334.75
Reynaldo_Bignone, 1928-01-21, 2425267, 13,197,947, 0, 0, 15665.64286
Sean_Connery, 1930-08-25, 2426214, 2,3,7,61,947, 0, 0, 309066
Tom_Welling, 1977-04-26, 2443260, 2,2,3,5,43,947, 0, 0, 233908.9744
Veronica_Lake, 1922-11-14, 2423373, 3,853,947, 0, 0, 74940.54545
Władysław_Sikorski, 1881-05-20, 2408221, 947,2543, 0, 0, 56473.32353
