Aaron_Sorkin, 1961-06-09, 2437460, 2,2,5,17,67,107, 0, 0, 155314.7037
Akihito, 1933-12-23, 2427430, 2,5,17,109,131, 0, 0, 145303.2208
Anthony_Kiedis, 1962-11-01, 2437970, 2,5,17,14341, 0, 0, 317967.6857
Bhumibol_Adulyadej, 1927-12-05, 2425220, 2,2,5,7,17,1019, 0, 0, 142465.0357
Colonel_Sanders, 1890-09-09, 2411620, 2,2,5,17,41,173, 0, 0, 168414.0385
Dalida, 1933-01-17, 2427090, 2,3,5,17,4759, 0, 0, 150476.7143
Erich_von_Manstein, 1887-11-24, 2410600, 2,2,2,5,5,17,709, 0, 0, 90219.05263
Jackie_Robinson, 1919-01-31, 2421990, 2,3,3,5,17,1583, 0, 0, 327129.3438
Jamie_Oliver, 1975-05-27, 2442560, 2,2,2,2,2,2,5,17,449, 0, 0, 208293.7647
Jim_Jarmusch, 1953-01-22, 2434400, 2,2,2,2,2,5,5,17,179, 0, 0, 110784.1081
Johannes_Vermeer, 1632-10-31, 2317440, 2,2,2,2,2,2,2,3,5,17,71, 0, 0, 130381.7838
Katie_Melua, 1984-09-16, 2445960, 2,2,2,3,5,11,17,109, 0, 0, 127300.8333
Kurt_Lewin, 1890-09-09, 2411620, 2,2,5,17,41,173, 0, 0, 89351.10345
Magda_Goebbels, 1901-11-11, 2415700, 2,2,5,5,7,7,17,29, 0, 0, 92763.51724
Michael_Cera, 1988-06-07, 2447320, 2,2,2,5,17,59,61, 0, 0, 487260.037
Michael_J._Fox, 1961-06-09, 2437460, 2,2,5,17,67,107, 0, 0, 467839.4
Mustafa_Kemal_Atatürk, 1881-05-19, 2408220, 2,2,3,3,5,17,787, 0, 0, 117202.488
Petr_Čech, 1982-05-20, 2445110, 2,5,17,19,757, 0, 0, 129238.3393
Rudolph_Valentino, 1895-05-06, 2413320, 2,2,2,3,5,7,13,13,17, 0, 0, 103537.025
Sebastian_Vettel, 1987-07-03, 2446980, 2,2,3,5,17,2399, 0, 0, 142688.7465
Willy_Brandt, 1913-12-18, 2420120, 2,2,2,5,17,3559, 0, 0, 88754.5942
