Bryan_Cranston, 1956-03-07, 2435540, 2,2,5,47,2591, 0, 0, 586023.4615
Daniil_Kharms, 1905-12-30, 2417210, 2,5,37,47,139, 0, 0, 14385.16667
Djalma_Santos, 1929-02-27, 2425670, 2,5,13,47,397, 0, 0, 25393.42857
Esteban_Cambiasso, 1980-08-18, 2444470, 2,5,7,47,743, 0, 0, 72909.65789
Francesco_Borromini, 1599-09-25, 2305350, 2,3,3,5,5,47,109, 0, 0, 35811.475
François_Duvalier, 1907-04-14, 2417680, 2,2,2,2,5,47,643, 0, 0, 47028
Gabriela_Mistral, 1889-04-07, 2411100, 2,2,3,3,3,5,5,19,47, 0, 0, 77513.51613
George_Habash, 1926-08-02, 2424730, 2,5,7,11,47,67, 0, 0, 22428.07143
Gerd_Kanter, 1979-05-06, 2444000, 2,2,2,2,2,5,5,5,13,47, 0, 0, 12468
Hayden_Panettiere, 1989-08-21, 2447760, 2,2,2,2,3,5,7,31,47, 0, 0, 537846.0213
Isiah_Thomas, 1961-04-30, 2437420, 2,2,5,47,2593, 0, 0, 127405.7407
John_V_of_Portugal, 1689-10-22, 2338250, 2,5,5,5,47,199, 0, 0, 26387.61538
Luis_Suárez, 1987-01-24, 2446820, 2,2,5,19,47,137, 0, 0, 138751.72
Marcelo_H._del_Pilar, 1850-08-30, 2397000, 2,2,2,3,5,5,5,17,47, 0, 0, 40049.92593
Michelle_Trachtenberg, 1985-10-11, 2446350, 2,3,5,5,47,347, 0, 0, 368302.8966
Ricardo_Lagos, 1938-03-02, 2428960, 2,2,2,2,2,5,17,19,47, 0, 0, 25821.30303
Ross_Brawn, 1954-11-23, 2435070, 2,3,5,11,47,157, 0, 0, 60187.73077
Shah_Jahan, 1592-01-05, 2302530, 2,3,5,23,47,71, 0, 0, 67323.52542
Sun_Myung_Moon, 1920-02-25, 2422380, 2,2,3,5,47,859, 0, 0, 110619.1071
Thomas_Schaaf, 1961-04-30, 2437420, 2,2,5,47,2593, 0, 0, 31433.92308
Wanli_Emperor, 1563-09-04, 2292190, 2,5,47,4877, 0, 0, 30338.11111
