Daniel_Bernoulli, 1700-02-08, 2,3,5,11,47,151, 40671.55357
Emir_Kusturica, 1954-11-24, 2,3,5,11,47,157, 91450.44231
Goldie_Hawn, 1945-11-21, 2,2,5,13,47,199, 261127.5366
Maria_Kirilenko, 1987-01-25, 2,2,5,19,47,137, 55990.36842
Mikhail_Tukhachevsky, 1893-02-16, 2,3,5,29,47,59, 33576.55
Raul_Meireles, 1983-03-17, 2,5,11,11,43,47, 98773.48889
Richard_Cromwell, 1626-10-04, 2,2,3,5,47,821, 32596.62857
Roald_Amundsen, 1872-07-16, 2,5,7,17,43,47, 41953.78814
Sirimavo_Bandaranaike, 1916-04-17, 2,3,5,17,47,101, 16102.26316
Tony_Bennett, 1926-08-03, 2,5,7,11,47,67, 174402.25
