Aaron_Sorkin, 1961-06-09, 2437460, 2,2,5,17,67,107, 0, 0, 155314.7037
Doris_Leuthard, 1963-04-10, 2438130, 2,3,5,67,1213, 0, 0, 19552.54545
Dorothea_Lange, 1895-05-26, 2413340, 2,2,5,67,1801, 0, 0, 85185.96429
Eljero_Elia, 1987-02-13, 2446840, 2,2,2,5,11,67,83, 0, 0, 67714.44444
George_Habash, 1926-08-02, 2424730, 2,5,7,11,47,67, 0, 0, 22428.07143
Helmut_Kohl, 1930-04-03, 2426070, 2,3,5,17,67,71, 0, 0, 88218.78462
Jimmy_Carter, 1924-10-01, 2424060, 2,2,3,3,3,5,67,67, 0, 0, 201643.7596
Joseph_Murray, 1919-04-01, 2422050, 2,3,5,5,67,241, 0, 0, 9392.909091
Ken_Thompson, 1943-02-04, 2430760, 2,2,2,5,67,907, 0, 0, 35942.8
Louis_XV_of_France, 1710-02-15, 2345670, 2,3,3,5,67,389, 0, 0, 125024.9167
Michael_J._Fox, 1961-06-09, 2437460, 2,2,5,17,67,107, 0, 0, 467839.4
Paul-Henri_Spaak, 1899-01-25, 2414680, 2,2,2,5,17,53,67, 0, 0, 19102.58065
Paul_J._Crutzen, 1933-12-03, 2427410, 2,5,67,3623, 0, 0, 8016.138889
Silvio_Piola, 1913-09-29, 2420040, 2,2,2,3,5,7,43,67, 0, 0, 42284.66667
Vanessa_Hudgens, 1988-12-14, 2447510, 2,5,13,67,281, 0, 0, 576795.339
Wes_Brown, 1979-10-13, 2444160, 2,2,2,2,2,2,2,3,5,19,67, 0, 0, 42958.46667
