Ambroise_Thomas, 1811-08-05, 2,5,7,34039, 11344.2963
Arto_Paasilinna, 1942-04-20, 2,5,7,34721, 25572.67742
Gottlieb_Daimler, 1834-03-17, 2,5,7,34157, 42001.3
Grigori_Perelman, 1966-06-13, 2,5,7,34847, 89386.73469
Habib_Bourguiba, 1903-08-03, 2,5,7,34519, 40340.63636
Haris_Silajdžić, 1945-10-01, 2,5,7,34739, 8850.888889
John_Venn, 1834-08-04, 2,5,7,34159, 24829.85714
Jonathan_Davis, 1971-01-18, 2,5,7,34871, 139536
Kurmanbek_Bakiyev, 1949-08-01, 2,5,7,34759, 13248.57447
Michael_I_of_Russia, 1596-07-22, 2,5,7,32917, 35210.88636
Nuri_Şahin, 1988-09-05, 2,5,7,34963, 161281.2927
Paul_Cohen, 1934-04-02, 2,5,7,34679, 5191.296296
Salvatore_Adamo, 1943-11-01, 2,5,7,34729, 78830.03571
Satyendra_Nath_Bose, 1894-01-01, 2,5,7,34469, 29794.72093
