Alberto_Contador, 1982-12-06, 2445310, 2,5,7,181,193, 0, 0, 92185.2037
Alfred_Jarry, 1873-09-08, 2405410, 2,5,7,7,4909, 0, 0, 38582.21875
Beatrix_of_the_Netherlands, 1938-01-31, 2428930, 2,5,7,7,4957, 0, 0, 95373.7
Cesare_Prandelli, 1957-08-19, 2436070, 2,5,7,13,2677, 0, 0, 53463.42424
Chaka_Khan, 1953-03-23, 2434460, 2,2,5,7,17389, 0, 0, 148208.3704
Colin_Farrell, 1976-05-31, 2442930, 2,3,5,7,11633, 0, 0, 383619.9167
Cosimo_de'_Medici, 1389-09-27, 2228660, 2,2,5,7,15919, 0, 0, 34507.86486
Ed_Gein, 1906-08-27, 2417450, 2,5,5,7,6907, 0, 0, 607577.6296
Esteban_Cambiasso, 1980-08-18, 2444470, 2,5,7,47,743, 0, 0, 72909.65789
Eva_Rivas, 1987-07-13, 2446990, 2,5,7,13,2689, 0, 0, 18256.7037
Henry_the_Young_King, 1155-02-28, 2142980, 2,2,5,7,15307, 0, 0, 21663.26471
Holly_Marie_Combs, 1973-12-03, 2442020, 2,2,5,7,17443, 0, 0, 210280
Jacques_Brel, 1929-04-08, 2425710, 2,3,5,7,11551, 0, 0, 101786.5088
Jairzinho, 1944-12-25, 2431450, 2,5,5,7,6947, 0, 0, 27964.1875
Jared_Padalecki, 1982-07-19, 2445170, 2,5,7,13,2687, 0, 0, 349159.1471
John_II_Komnenos, 1087-09-13, 2118340, 2,2,5,7,15131, 0, 0, 11135.29268
Miley_Cyrus, 1992-11-23, 2448950, 2,5,5,7,6997, 0, 0, 1277051.847
Peter_Debye, 1884-03-24, 2409260, 2,2,5,7,17209, 0, 0, 12429.17391
Reese_Witherspoon, 1976-03-22, 2442860, 2,2,5,7,17449, 0, 0, 344406.3971
Sulley_Muntari, 1984-08-27, 2445940, 2,2,5,7,17471, 0, 0, 75933.62162
Tigran_Petrosian, 1929-06-17, 2425780, 2,2,5,7,17327, 0, 0, 15152.02273
