Adolf_Galland, 1912-03-19, 2,2,2,5,7,8641, 63097.6129
Bar_Refaeli, 1985-06-04, 2,2,5,7,101,173, 419797.3929
Bon_Scott, 1946-07-09, 2,3,5,7,37,313, 256223.2647
Carl_XVI_Gustaf_of_Sweden, 1946-04-30, 2,2,5,7,29,599, 84927.04545
Carole_Lombard, 1908-10-06, 2,2,5,7,23,751, 101030.2903
Dan_Quayle, 1947-02-04, 2,2,3,5,7,5791, 90027.92683
Elvis_Presley, 1935-01-08, 2,3,5,7,11,1051, 473697.7203
F._Murray_Abraham, 1939-10-24, 2,2,2,5,7,8677, 74157.97297
Georgia_O'Keeffe, 1887-11-15, 2,3,5,7,13,883, 92891.23529
Glenn_Miller, 1904-03-01, 2,2,5,7,41,421, 109096.5854
Hadise, 1985-10-22, 2,2,2,5,7,8737, 112163.0333
Hideki_Tojo, 1884-12-30, 2,2,3,5,7,5737, 98094.92308
Keira_Knightley, 1985-03-26, 2,5,5,7,29,241, 429751.3333
Kevin_Kurányi, 1982-03-02, 2,3,3,5,7,3881, 52132.52632
Lukas_Podolski, 1985-06-04, 2,2,5,7,101,173, 198719.7963
Martin_Scorsese, 1942-11-17, 2,2,2,5,7,8681, 261963.0606
Metta_World_Peace, 1979-11-13, 2,3,5,7,103,113, 170012.8929
Renzo_Piano, 1937-09-14, 2,5,7,13,17,157, 77200.53659
Rinko_Kikuchi, 1981-01-06, 2,3,5,7,7,1663, 159123.2593
Rubens_Barrichello, 1972-05-23, 2,2,3,5,7,5813, 68837.5
Tony_Bennett, 1926-08-03, 2,5,7,11,47,67, 174402.25
