Abbé_Pierre, 1912-08-05, 2,2,3,5,7,7,823, 50069.75
Chris_Jericho, 1970-11-09, 2,2,5,5,7,11,317, 424251.5
Claudio_Abbado, 1933-06-26, 2,5,5,5,7,19,73, 33907.69231
David_Dacko, 1930-03-24, 2,2,5,7,13,31,43, 9224.965517
Enzo_Bearzot, 1927-09-26, 2,5,5,7,13,13,41, 26282.23077
Erwin_Neher, 1944-03-20, 2,3,3,5,7,17,227, 8000.548387
Frederick_I_of_Denmark, 1471-10-07, 2,2,5,7,13,17,73, 15340.46154
John_Stockton, 1962-03-26, 2,5,5,5,7,7,199, 113734.1212
Juliusz_Słowacki, 1809-09-04, 2,3,3,5,7,19,199, 79692.86667
Murad_V, 1840-09-21, 2,3,3,5,7,29,131, 17527.55814
Oleh_Husyev, 1983-04-25, 2,3,5,5,7,17,137, 7777.935484
Steve_McQueen, 1930-03-24, 2,2,5,7,13,31,43, 281928.4259
Victor_Vasarely, 1906-04-09, 2,3,3,3,5,7,1279, 72000.2
William_Lamb,_2nd_Viscount_Melbourne, 1779-03-15, 2,2,3,5,5,7,1129, 4498.5
