Audrey_Tautou, 1976-08-09, 2443000, 2,2,2,5,5,5,7,349, 0, 0, 170865.2679
Carole_King, 1942-02-09, 2430400, 2,2,2,2,2,2,5,5,7,7,31, 0, 0, 184115.7037
Cesc_Fàbregas, 1987-05-04, 2446920, 2,2,2,3,3,5,7,971, 0, 0, 181519.6087
Chloë_Sevigny, 1974-11-18, 2442370, 2,5,7,23,37,41, 0, 0, 305713.5357
Chris_Jericho, 1970-11-09, 2440900, 2,2,5,5,7,11,317, 0, 0, 424251.5
Colin_Farrell, 1976-05-31, 2442930, 2,3,5,7,11633, 0, 0, 383619.9167
Ed_Gein, 1906-08-27, 2417450, 2,5,5,7,6907, 0, 0, 607577.6296
Enrico_Berlinguer, 1922-05-15, 2423190, 2,3,5,7,11,1049, 0, 0, 252491.1852
Hayden_Panettiere, 1989-08-21, 2447760, 2,2,2,2,3,5,7,31,47, 0, 0, 537846.0213
Holly_Marie_Combs, 1973-12-03, 2442020, 2,2,5,7,17443, 0, 0, 210280
Jared_Padalecki, 1982-07-19, 2445170, 2,5,7,13,2687, 0, 0, 349159.1471
Kelsey_Grammer, 1955-02-21, 2435160, 2,2,2,3,5,7,13,223, 0, 0, 302374.5172
Kurt_Angle, 1968-12-09, 2440200, 2,2,2,3,5,5,7,7,83, 0, 0, 324973.8889
Lil_Wayne, 1982-09-27, 2445240, 2,2,2,3,5,7,41,71, 0, 0, 1401836.674
Miley_Cyrus, 1992-11-23, 2448950, 2,5,5,7,6997, 0, 0, 1277051.847
Noel_Gallagher, 1967-05-29, 2439640, 2,2,2,5,7,8713, 0, 0, 251010.3158
Nuri_Şahin, 1988-09-05, 2447410, 2,5,7,34963, 0, 0, 161281.2927
Reese_Witherspoon, 1976-03-22, 2442860, 2,2,5,7,17449, 0, 0, 344406.3971
Shirley_Temple, 1928-04-23, 2425360, 2,2,2,2,5,7,61,71, 0, 0, 340979.1111
Steve_McQueen, 1930-03-24, 2426060, 2,2,5,7,13,31,43, 0, 0, 281928.4259
Ted_Kennedy, 1932-02-22, 2426760, 2,2,2,3,3,3,3,5,7,107, 0, 0, 206382.3585
