Alan_Moore, 1953-11-18, 2434700, 2,2,5,5,97,251, 0, 0, 214341.8485
Dennis_Tito, 1940-08-08, 2429850, 2,3,5,5,97,167, 0, 0, 28665.6
Edward_I_of_England, 1239-06-17, 2173770, 2,3,3,3,5,83,97, 0, 0, 121767.5862
Ian_Curtis, 1956-07-15, 2435670, 2,3,3,3,3,5,31,97, 0, 0, 209369.3429
Joe_Satriani, 1956-07-15, 2435670, 2,3,3,3,3,5,31,97, 0, 0, 240564.2703
Oleg_Salenko, 1969-10-25, 2440520, 2,2,2,5,17,37,97, 0, 0, 23304.51852
Paul_Pierce, 1977-10-13, 2443430, 2,5,11,97,229, 0, 0, 133974.8333
Peter_III_of_Russia, 1728-02-21, 2352250, 2,5,5,5,97,97, 0, 0, 57356.46939
Roald_Dahl, 1916-09-13, 2421120, 2,2,2,2,2,2,2,3,5,13,97, 0, 0, 261161.2745
Roger_Glover, 1945-11-30, 2431790, 2,5,23,97,109, 0, 0, 47004.25
Yeardley_Smith, 1964-07-03, 2438580, 2,2,3,5,97,419, 0, 0, 72923.11111
