Anna_of_Russia, 1693-02-07, 2339454, 2,3,13,89,337, 0, 0, 36052.58491
Aretha_Franklin, 1942-03-25, 2430444, 2,2,3,337,601, 0, 0, 185937.431
Christiaan_Barnard, 1922-11-08, 2423367, 3,3,17,47,337, 0, 0, 44235.69767
Daniel_Nestor, 1972-09-04, 2441565, 3,3,5,7,23,337, 0, 0, 26080.51852
I._M._Pei, 1917-04-26, 2421345, 3,5,337,479, 0, 0, 42550.84615
John_Key, 1961-08-09, 2437521, 3,337,2411, 0, 0, 26804.64
Lenka, 1978-03-19, 2443587, 3,337,2417, 0, 0, 93433.56667
Mirko_Vučinić, 1983-10-01, 2445609, 3,41,59,337, 0, 0, 77145.41026
Oscar_Peterson, 1925-08-15, 2424378, 2,3,11,109,337, 0, 0, 47128.02564
Pehr_Evind_Svinhufvud, 1861-12-15, 2401125, 3,5,5,5,19,337, 0, 0, 8997.636364
Pierre_Teilhard_de_Chardin, 1881-05-01, 2408202, 2,3,3,337,397, 0, 0, 51461.4
Samuel_Johnson, 1709-09-18, 2345520, 2,2,2,2,3,5,29,337, 0, 0, 84520.86364
Sin-Itiro_Tomonaga, 1906-03-31, 2417301, 3,3,337,797, 0, 0, 16551.60465
Stephen_Appiah, 1980-12-24, 2444598, 2,3,3,13,31,337, 0, 0, 58712.93333
