Alex_Oxlade-Chamberlain, 1993-08-15, 2449215, 3,3,5,37,1471, 0, 0, 87397.77419
Andrei_Chikatilo, 1936-10-16, 2428458, 2,3,37,10939, 0, 0, 165634.8438
Bernie_Mac, 1957-10-05, 2436117, 3,17,37,1291, 0, 0, 354973.9333
Brigitte_Nielsen, 1963-07-15, 2438226, 2,3,3,7,37,523, 0, 0, 277783.9394
Cynthia_Nixon, 1966-04-09, 2439225, 3,3,5,5,37,293, 0, 0, 204391.3103
Derrick_Rose, 1988-10-04, 2447439, 3,17,37,1297, 0, 0, 278586.3429
Dianna_Agron, 1986-04-30, 2446551, 3,3,3,31,37,79, 0, 0, 540759.6429
Jeff_Buckley, 1966-11-17, 2439447, 3,37,21977, 0, 0, 365236.7941
Jordin_Sparks, 1989-12-22, 2447883, 3,3,37,7351, 0, 0, 241869.0571
Justin_Chambers, 1970-07-11, 2440779, 3,11,37,1999, 0, 0, 165256.8148
Lucrezia_Borgia, 1480-04-18, 2261736, 2,2,2,3,3,3,37,283, 0, 0, 226326.925
Nick_Jonas, 1992-09-16, 2448882, 2,3,3,37,3677, 0, 0, 491029.6286
Pharrell_Williams, 1973-04-05, 2441778, 2,3,17,37,647, 0, 0, 490308.9231
Preity_Zinta, 1975-01-31, 2442444, 2,2,3,37,5501, 0, 0, 197209.7619
Rafael_Trujillo, 1891-10-24, 2412030, 2,3,5,37,41,53, 0, 0, 113953.3077
Randy_Orton, 1980-04-01, 2444331, 3,19,19,37,61, 0, 0, 614329.4474
Robert_Englund, 1947-06-06, 2432343, 3,17,37,1289, 0, 0, 203189.3846
Shinzō_Abe, 1954-09-21, 2435007, 3,37,21937, 0, 0, 86251.62903
Sophie_Marceau, 1966-11-17, 2439447, 3,37,21977, 0, 0, 212081.8235
Steve_Carell, 1962-08-16, 2437893, 3,3,37,7321, 0, 0, 408367.0857
Tiger_Woods, 1975-12-30, 2442777, 3,37,59,373, 0, 0, 362075.0714
