Alex_Oxlade-Chamberlain, 1993-08-15, 2449215, 3,3,5,37,1471, 0, 0, 87397.77419
Ariel_Ortega, 1974-03-04, 2442111, 3,7,7,37,449, 0, 0, 84743.22222
Bal_Gangadhar_Tilak, 1856-07-23, 2399154, 2,3,37,101,107, 0, 0, 65868.35714
Charles_X_Gustav_of_Sweden, 1622-11-08, 2313795, 3,5,11,37,379, 0, 0, 27627.68571
Emilio_Salgari, 1862-08-21, 2401374, 2,3,29,37,373, 0, 0, 48551.76923
Erich_Raeder, 1876-04-24, 2406369, 3,7,19,37,163, 0, 0, 42112.61364
George_Tupou_V, 1948-05-04, 2432676, 2,2,3,37,5479, 0, 0, 20862.46667
Giuseppe_Tomasi_di_Lampedusa, 1896-12-23, 2413917, 3,3,11,37,659, 0, 0, 22699.42105
Jack_Rodwell, 1991-03-11, 2448327, 3,7,23,37,137, 0, 0, 53633.66667
Kyösti_Kallio, 1873-04-10, 2405259, 3,3,31,37,233, 0, 0, 9598.21875
Nick_Jonas, 1992-09-16, 2448882, 2,3,3,37,3677, 0, 0, 491029.6286
Pharrell_Williams, 1973-04-05, 2441778, 2,3,17,37,647, 0, 0, 490308.9231
Preity_Zinta, 1975-01-31, 2442444, 2,2,3,37,5501, 0, 0, 197209.7619
Randy_Orton, 1980-04-01, 2444331, 3,19,19,37,61, 0, 0, 614329.4474
Rudolf_Kirchschläger, 1915-03-20, 2420577, 3,3,3,37,2423, 0, 0, 8424.769231
Tirunesh_Dibaba, 1985-06-01, 2446218, 2,3,3,37,3673, 0, 0, 18470.08333
