Arnold_Schwarzenegger, 1947-07-30, 2432397, 3,11,73709, 0, 0, 626488.4023
Benedict_Cumberbatch, 1976-07-19, 2442979, 7,11,31727, 0, 0, 429918.6129
Daniel_Radcliffe, 1989-07-23, 2447731, 11,13,17117, 0, 0, 413127.9091
Don_Johnson, 1949-12-15, 2433266, 2,11,110603, 0, 0, 247629.7692
Elizabeth_Taylor, 1932-02-27, 2426765, 5,11,44123, 0, 0, 338903.0556
Fidel_Castro, 1926-08-13, 2424741, 3,11,73477, 0, 0, 249390.8261
Guillermo_del_Toro, 1964-10-09, 2438678, 2,11,110849, 0, 0, 261679.5938
Jennifer_Connelly, 1970-12-12, 2440933, 11,11,20173, 0, 0, 360216.5333
Jennifer_Lopez, 1969-07-24, 2440427, 11,61,3637, 0, 0, 640154.9865
Jessica_Simpson, 1980-07-10, 2444431, 11,359,619, 0, 0, 258221.04
Jimmy_Page, 1944-01-09, 2431099, 11,29,7621, 0, 0, 320624.2157
John_Cusack, 1966-06-28, 2439305, 5,11,44351, 0, 0, 308510.9091
Josh_Brolin, 1968-02-12, 2439899, 7,11,31687, 0, 0, 430843.5
Jude_Law, 1972-12-29, 2441681, 11,67,3313, 0, 0, 366541.8679
Ken_Watanabe, 1959-10-21, 2436863, 11,13,17041, 0, 0, 271492.4688
Kiefer_Sutherland, 1966-12-21, 2439481, 11,11,20161, 0, 0, 258311.9375
MC_Hammer, 1962-03-30, 2437754, 2,11,110807, 0, 0, 263633.6071
Mahatma_Gandhi, 1869-10-02, 2403973, 11,13,16811, 0, 0, 321492.8406
Martin_Sheen, 1940-08-03, 2429845, 5,11,44179, 0, 0, 400678.0222
Pancho_Villa, 1878-06-05, 2407141, 11,59,3709, 0, 0, 236618.9744
Salma_Hayek, 1966-09-02, 2439371, 11,211,1051, 0, 0, 399996.7414
