Adam_Brody, 1979-12-15, 2,11,241,461, 322138.4483
Alicia_Keys, 1981-01-25, 11,31,67,107, 394436.1695
Anna_Faris, 1976-11-29, 11,11,61,331, 379445.6
Clint_Eastwood, 1930-05-31, 3,11,37,1987, 508947.76
Friedrich_Nietzsche, 1844-10-15, 2,7,11,15551, 336278.3761
Heather_Locklear, 1961-09-25, 11,19,107,109, 283616.4138
James_Franco, 1978-04-19, 3,3,11,24683, 612270.7907
Jeff_Hardy, 1977-08-31, 2,3,11,37021, 541239.975
Jennifer_Love_Hewitt, 1979-02-21, 5,5,11,8887, 481980.617
Joe_Jonas, 1989-08-15, 7,11,83,383, 432464.4872
Johnny_Knoxville, 1971-03-11, 11,53,53,79, 429690.75
Marisa_Tomei, 1964-12-04, 3,11,67,1103, 268258.2368
Meg_Ryan, 1961-11-19, 2,11,179,619, 300319.4898
Michael_Phelps, 1985-06-30, 2,11,251,443, 326464.2267
Nicki_Minaj, 1982-12-08, 11,31,71,101, 1115701.245
Patrick_Stewart, 1940-07-13, 3,11,29,2539, 284151.381
Paul_Rudd, 1969-04-06, 3,11,73,1013, 428930.7586
Scarlett_Johansson, 1984-11-22, 2,3,11,37061, 516806.4066
Victoria_Beckham, 1974-04-17, 2,11,13,8539, 285687.3333
Wayne_Gretzky, 1961-01-26, 5,5,11,8863, 307944.697
Zooey_Deschanel, 1980-01-17, 5,11,19,2339, 851459.7436
