Andrea_Pirlo, 1979-05-19, 3,3,3,3,11,13,211, 186067.6842
Cameron_Diaz, 1972-08-30, 2,2,2,5,11,31,179, 442533.4559
Carlos_Castaneda, 1925-12-25, 2,3,3,5,11,31,79, 114968.2286
Chris_Jericho, 1970-11-09, 2,2,5,5,7,11,317, 424251.5
Cillian_Murphy, 1976-05-25, 2,2,3,3,11,31,199, 270884.6316
Diego_Forlán, 1979-05-19, 3,3,3,3,11,13,211, 198126.9259
Emmy_Rossum, 1986-09-12, 2,3,3,3,3,11,1373, 112408.7381
Franck_Ribéry, 1983-04-07, 2,2,2,3,11,59,157, 236676.5574
Gabrielle_Giffords, 1970-06-08, 2,3,3,3,7,11,587, 131759.1892
Gennaro_Gattuso, 1978-01-09, 2,3,3,7,11,41,43, 116553.5
Hope_Solo, 1981-07-30, 2,2,2,2,11,29,479, 231283.8889
Lisa_Marie_Presley, 1968-02-01, 2,2,2,2,3,11,4621, 424263.2857
Lothar_Matthäus, 1961-03-21, 2,2,3,3,5,11,1231, 106941.5882
Marco_van_Basten, 1964-10-31, 2,2,3,5,5,11,739, 116366.8654
Mark_Hamill, 1951-09-25, 3,3,3,5,11,11,149, 378820.2353
Nat_King_Cole, 1919-03-17, 3,3,3,5,7,11,233, 131799.625
Nick_Cave, 1957-09-22, 2,2,2,11,19,31,47, 181472.9737
Santi_Cazorla, 1984-12-13, 2,2,2,2,2,11,6949, 102091.225
Shawn_Michaels, 1965-07-22, 2,2,3,3,3,11,2053, 554633.9706
Taylor_Swift, 1989-12-13, 2,3,3,3,11,13,317, 863062.3971
Yuto_Nagatomo, 1986-09-12, 2,3,3,3,3,11,1373, 197370.2308
