Alberto_Sordi, 1920-06-15, 2422491, 3,43,89,211, 0, 0, 75820.48276
Alex_Haley, 1921-08-11, 2422913, 211,11483, 0, 0, 74384.37931
Andrea_Pirlo, 1979-05-19, 2444013, 3,3,3,3,11,13,211, 0, 0, 186067.6842
Anni-Frid_Lyngstad, 1945-11-15, 2431775, 5,5,211,461, 0, 0, 100235.5135
Anton_LaVey, 1930-04-11, 2426078, 2,211,5749, 0, 0, 167994.4722
Antonio_José_de_Sucre, 1795-02-03, 2376704, 2,2,2,2,2,2,2,2,2,2,11,211, 0, 0, 71808.4
Diego_Forlán, 1979-05-19, 2444013, 3,3,3,3,11,13,211, 0, 0, 198126.9259
Donald_Trump, 1946-06-14, 2431986, 2,3,17,113,211, 0, 0, 355265.5577
Eduardo_Galeano, 1940-09-03, 2429876, 2,2,211,2879, 0, 0, 97665.58065
Emmanuel_Eboué, 1983-06-04, 2445490, 2,5,19,61,211, 0, 0, 68044.39474
Joan_Miró, 1893-04-20, 2412574, 2,211,5717, 0, 0, 165824.7778
Manu_Chao, 1961-06-21, 2437472, 2,2,2,2,2,19,19,211, 0, 0, 214663
Oskar_Schindler, 1908-04-28, 2418060, 2,2,3,5,191,211, 0, 0, 259355.0392
Pablo_Escobar, 1949-12-01, 2433252, 2,2,3,31,31,211, 0, 0, 596928.3953
Peter_O'Toole, 1932-08-02, 2426922, 2,3,3,3,3,71,211, 0, 0, 162080.3778
Robert_Enke, 1977-08-24, 2443380, 2,2,3,5,193,211, 0, 0, 128502.025
Robert_Redford, 1936-08-18, 2428399, 17,211,677, 0, 0, 254917.3725
Robert_Wadlow, 1918-02-22, 2421647, 23,211,499, 0, 0, 223082.7949
Rufus_Sewell, 1967-10-29, 2439793, 31,211,373, 0, 0, 147681.1923
Salma_Hayek, 1966-09-02, 2439371, 11,211,1051, 0, 0, 399996.7414
Teri_Hatcher, 1964-12-08, 2438738, 2,211,5779, 0, 0, 209942.8
