Camillo_Golgi, 1843-07-07, 2394389, 311,7699, 0, 0, 16511.91837
Dana_International, 1972-02-02, 2441350, 2,5,5,157,311, 0, 0, 55391.11111
Georges_Simenon, 1903-02-13, 2416159, 17,311,457, 0, 0, 37379.48276
Grigori_Rasputin, 1869-01-21, 2403719, 59,131,311, 0, 0, 286583.5246
Jason_Lee_(field_hockey), 1970-05-21, 2440728, 2,2,2,3,3,109,311, 0, 0, 54869.06061
Josip_Jelačić, 1801-10-16, 2379150, 2,3,3,5,5,17,311, 0, 0, 17949.96552
Kaká, 1982-04-22, 2445082, 2,311,3931, 0, 0, 376646.338
Konstantin_Novoselov, 1974-08-23, 2442283, 311,7853, 0, 0, 12222.53333
Max_Müller, 1823-12-06, 2387236, 2,2,19,101,311, 0, 0, 16819.4878
Nicolas-Joseph_Cugnot, 1725-02-26, 2351160, 2,2,2,3,3,3,5,7,311, 0, 0, 33408.86667
Oliver_Hardy, 1892-01-18, 2412116, 2,2,7,277,311, 0, 0, 96065.66667
Otto_of_Greece, 1815-06-01, 2384126, 2,311,3833, 0, 0, 23100.56757
Peter_Finch, 1916-09-28, 2421135, 3,3,5,173,311, 0, 0, 54083.96774
Ralf_Schumacher, 1975-06-30, 2442594, 2,3,7,11,17,311, 0, 0, 58244.29268
Ron-Robert_Zieler, 1989-02-12, 2447570, 2,5,311,787, 0, 0, 27020.57143
Thor_Hushovd, 1978-01-18, 2443527, 3,3,3,3,97,311, 0, 0, 32520.83871
Tomáš_Berdych, 1985-09-17, 2446326, 2,3,3,19,23,311, 0, 0, 50892.94595
Tré_Cool, 1972-12-09, 2441661, 3,311,2617, 0, 0, 80652.61111
Valentina_Tereshkova, 1937-03-06, 2428599, 3,19,137,311, 0, 0, 42595.71014
Yip_Man, 1893-10-01, 2412738, 2,3,3,311,431, 0, 0, 406026.4444
Zubin_Mehta, 1936-04-29, 2428288, 2,2,2,2,2,2,2,61,311, 0, 0, 48123.57143
