Albert_Bandura, 1925-12-04, 2424489, 3,17,137,347, 0, 0, 102727.697
Christopher_A._Sims, 1942-10-21, 2430654, 2,3,137,2957, 0, 0, 8899.827586
Darron_Gibson, 1987-10-25, 2447094, 2,3,13,137,229, 0, 0, 48398.51613
Edgar_Adrian,_1st_Baron_Adrian, 1889-11-30, 2411337, 3,137,5867, 0, 0, 4277.833333
Jack_Rodwell, 1991-03-11, 2448327, 3,7,23,37,137, 0, 0, 53633.66667
Kwadwo_Asamoah, 1988-12-09, 2447505, 3,3,5,137,397, 0, 0, 54379
Lasse_Virén, 1949-07-22, 2433120, 2,2,2,2,2,3,5,37,137, 0, 0, 17062.75
Marcel_Desailly, 1968-09-07, 2440107, 3,3,137,1979, 0, 0, 57463.37838
Oleh_Husyev, 1983-04-25, 2445450, 2,3,5,5,7,17,137, 0, 0, 7777.935484
Paul_Kruger, 1825-10-10, 2387910, 2,3,5,7,83,137, 0, 0, 33392.74194
Tancredo_Neves, 1910-03-04, 2418735, 3,5,11,107,137, 0, 0, 46399.43333
Valentina_Tereshkova, 1937-03-06, 2428599, 3,19,137,311, 0, 0, 42595.71014
Wesley_Sneijder, 1984-06-09, 2445861, 3,11,137,541, 0, 0, 210221.2241
Wilhelm_Wien, 1864-01-13, 2401884, 2,2,3,3,137,487, 0, 0, 10357.66038
