Albert_Kesselring, 1885-11-30, 2409876, 2,2,3,3,7,73,131, 0, 0, 64988.48387
Alessandro_Manzoni, 1785-03-07, 2373084, 2,2,3,3,3,7,43,73, 0, 0, 72838.91489
Anders_Fogh_Rasmussen, 1953-01-26, 2434404, 2,2,3,7,73,397, 0, 0, 30848.08475
Angelique_Kerber, 1988-01-18, 2447179, 7,73,4789, 0, 0, 36075.06667
Caroline_Herschel, 1750-03-16, 2360309, 7,31,73,149, 0, 0, 14362.80769
Claudio_Abbado, 1933-06-26, 2427250, 2,5,5,5,7,19,73, 0, 0, 33907.69231
Ellen_Pompeo, 1969-11-10, 2440536, 2,2,2,3,7,73,199, 0, 0, 252505.697
Frederick_I_of_Denmark, 1471-10-07, 2258620, 2,2,5,7,13,17,73, 0, 0, 15340.46154
Jean-Léon_Gérôme, 1824-05-10, 2387392, 2,2,2,2,2,2,7,73,73, 0, 0, 43071.81818
Jens_Lehmann, 1969-11-10, 2440536, 2,2,2,3,7,73,199, 0, 0, 61921.83333
Jerome_K._Jerome, 1859-05-02, 2400167, 7,7,11,61,73, 0, 0, 26942.61765
Lion_Feuchtwanger, 1884-07-07, 2409365, 5,7,23,41,73, 0, 0, 22209.65714
Mel_Brooks, 1926-06-28, 2424695, 5,7,13,73,73, 0, 0, 194183.4565
Robert_Koch, 1843-12-11, 2394546, 2,3,7,11,71,73, 0, 0, 56331.39506
Ronald_Reagan, 1911-02-06, 2419074, 2,3,3,7,73,263, 0, 0, 334460.6822
Tommy_Haas, 1978-04-03, 2443602, 2,3,7,73,797, 0, 0, 69791.3871
