Bruce_McLaren, 1937-08-30, 2428776, 2,2,2,3,3,7,61,79, 0, 0, 39614.39286
Carlos_Castaneda, 1925-12-25, 2424510, 2,3,3,5,11,31,79, 0, 0, 114968.2286
Dianna_Agron, 1986-04-30, 2446551, 3,3,3,31,37,79, 0, 0, 540759.6429
Eugenio_Montale, 1896-10-12, 2413845, 3,3,5,7,79,97, 0, 0, 38511.78333
Frank_Darabont, 1959-01-28, 2436597, 3,3,23,79,149, 0, 0, 95925.14286
Haley_Joel_Osment, 1988-04-10, 2447262, 2,3,3,79,1721, 0, 0, 334665
Henri_Bergson, 1859-10-18, 2400336, 2,2,2,2,3,3,79,211, 0, 0, 51914.44286
Nadia_Petrova, 1982-06-08, 2445129, 3,3,19,79,181, 0, 0, 23075.30769
Otto_Loewi, 1873-06-03, 2405313, 3,3,17,79,199, 0, 0, 11492.96774
Philip_Johnson, 1906-07-08, 2417400, 2,2,2,3,3,5,5,17,79, 0, 0, 40671.56818
Shaggy_(musician), 1968-10-22, 2440152, 2,2,2,3,3,3,11,13,79, 0, 0, 50700.73333
Walter_Rudolf_Hess, 1881-03-17, 2408157, 3,3,3,79,1129, 0, 0, 7078.71875
