Alan_Hutton, 1984-11-30, 2446035, 3,5,179,911, 0, 0, 31213.03704
Arne_Tiselius, 1902-08-10, 2415972, 2,2,3,13,17,911, 0, 0, 6718.472222
Bernd_Schuster, 1959-12-22, 2436925, 5,5,107,911, 0, 0, 75301.06452
James_Franck, 1882-08-26, 2408684, 2,2,661,911, 0, 0, 9673.846154
Jürgen_Klopp, 1967-06-16, 2439658, 2,13,103,911, 0, 0, 135766.963
Lutz_Graf_Schwerin_von_Krosigk, 1887-08-22, 2410506, 2,3,3,3,7,7,911, 0, 0, 26447.43243
Max_Horkheimer, 1895-02-14, 2413239, 3,883,911, 0, 0, 35962.7
Michael_III, 0840-01-19, 2027886, 2,3,7,53,911, 0, 0, 9741.146341
Nigel_de_Jong, 1984-11-30, 2446035, 3,5,179,911, 0, 0, 74471.40476
Norma_Shearer, 1902-08-10, 2415972, 2,2,3,13,17,911, 0, 0, 44842
Rob_Rensenbrink, 1947-07-03, 2432370, 2,3,5,89,911, 0, 0, 19774
Rustam_Kasimdzhanov, 1979-12-05, 2444213, 911,2683, 0, 0, 6776.483871
Władysław_Gomułka, 1905-02-06, 2416883, 7,379,911, 0, 0, 44005.93939
Yelena_Isinbayeva, 1982-06-03, 2445124, 2,2,11,61,911, 0, 0, 68242.41667
