Allison_Mack, 1982-07-29, 2445180, 2,2,3,5,83,491, 0, 0, 130668.8214
Andrey_Markov, 1856-06-14, 2399115, 3,5,41,47,83, 0, 0, 13355.25
Cristiano_Lucarelli, 1975-10-04, 2442690, 2,3,3,3,5,83,109, 0, 0, 53019.53846
Damien_Duff, 1979-03-02, 2443935, 3,5,13,83,151, 0, 0, 40192.15789
Edward_G._Robinson, 1893-12-12, 2412810, 2,3,3,5,17,19,83, 0, 0, 81688.10714
Edward_I_of_England, 1239-06-17, 2173770, 2,3,3,3,5,83,97, 0, 0, 121767.5862
Einar_Gerhardsen, 1897-05-10, 2414055, 3,5,7,83,277, 0, 0, 13217.84615
Gideon_Sundback, 1880-04-24, 2407830, 2,3,5,83,967, 0, 0, 240902.9762
Kurt_Angle, 1968-12-09, 2440200, 2,2,2,3,5,5,7,7,83, 0, 0, 324973.8889
Paul_Kruger, 1825-10-10, 2387910, 2,3,5,7,83,137, 0, 0, 33392.74194
Ronald_Coase, 1910-12-29, 2419035, 3,5,29,67,83, 0, 0, 30765.36585
Tom_Selleck, 1945-01-29, 2431485, 3,3,3,5,7,31,83, 0, 0, 277634.5278
