Anna_Gavalda, 1970-12-09, 2440930, 2,5,19,29,443, 0, 0, 47316.44444
August_Strindberg, 1849-01-22, 2396415, 3,5,7,29,787, 0, 0, 58192.26667
Bertram_Brockhouse, 1918-07-15, 2421790, 2,5,7,29,1193, 0, 0, 7171.025641
Carlos_Saavedra_Lamas, 1878-11-01, 2407290, 2,3,5,29,2767, 0, 0, 11947.2973
Carlos_Sastre, 1975-04-22, 2442525, 3,5,5,29,1123, 0, 0, 27581.45
David_Scott, 1932-06-06, 2426865, 3,5,7,29,797, 0, 0, 28707.80769
Javier_Mascherano, 1984-06-08, 2445860, 2,2,5,29,4217, 0, 0, 92656.56604
John_Kerry, 1943-12-11, 2431070, 2,5,29,83,101, 0, 0, 128333.8039
Milton_Friedman, 1912-07-31, 2419615, 5,11,29,37,41, 0, 0, 141755.6923
Ronald_Coase, 1910-12-29, 2419035, 3,5,29,67,83, 0, 0, 30765.36585
Taylor_Momsen, 1993-07-26, 2449195, 5,7,19,29,127, 0, 0, 448704.027
Thomas_J._Sargent, 1943-07-19, 2430925, 5,5,7,29,479, 0, 0, 10352.26471
Torsten_Frings, 1976-11-22, 2443105, 5,7,29,29,83, 0, 0, 44018.41026
Ville_Valo, 1976-11-22, 2443105, 5,7,29,29,83, 0, 0, 124567.1944
