Abdus_Salam, 1926-01-29, 5,23,29,727, 33437.04444
Alexander_Lukashenko, 1954-08-30, 5,7,29,2399, 38695.75342
Billie_Joe_Armstrong, 1972-02-17, 5,29,113,149, 305341.3864
Cecil_B._DeMille, 1881-08-12, 5,17,29,977, 63568.35294
Charles_Baudelaire, 1821-04-09, 5,7,29,2351, 181049.5857
Deng_Xiaoping, 1904-08-22, 5,7,29,2381, 131608.9231
Henrique_Capriles_Radonski, 1972-07-11, 2,5,29,8419, 39354.28205
Moritz_Leuenberger, 1946-09-21, 3,5,29,5591, 12584.37037
Moshe_Katsav, 1945-12-05, 5,29,31,541, 26447.43182
Philip_Zimbardo, 1933-03-23, 5,19,29,881, 62860.21429
Pope_Pius_V, 1504-01-17, 2,5,29,7829, 22635.46429
Prince_Edward,_Earl_of_Wessex, 1964-03-10, 5,29,67,251, 27402.22857
Rafael_Nadal, 1986-06-03, 5,29,47,359, 365178.7529
