Alex_Jones_(radio_host), 1974-02-11, 2442090, 2,3,5,7,29,401, 0, 0, 77174.76923
Ayrton_Senna, 1960-03-21, 2437015, 5,7,7,7,7,7,29, 0, 0, 294298.3594
Benazir_Bhutto, 1953-06-21, 2434550, 2,5,5,23,29,73, 0, 0, 74179.77174
Billie_Joe_Armstrong, 1972-02-17, 2441365, 5,29,113,149, 0, 0, 305341.3864
Candice_Swanepoel, 1988-10-20, 2447455, 5,29,16879, 0, 0, 251344.3462
Charles_Baudelaire, 1821-04-09, 2386265, 5,7,29,2351, 0, 0, 181049.5857
Charles_M._Schulz, 1922-11-26, 2423385, 3,3,3,5,29,619, 0, 0, 82367.51724
Deng_Xiaoping, 1904-08-22, 2416715, 5,7,29,2381, 0, 0, 131608.9231
Fredrik_Ljungberg, 1977-04-16, 2443250, 2,5,5,5,29,337, 0, 0, 99408.27778
Jackie_Chan, 1954-04-07, 2434840, 2,2,2,5,29,2099, 0, 0, 545800.2099
Javier_Mascherano, 1984-06-08, 2445860, 2,2,5,29,4217, 0, 0, 92656.56604
John_Kerry, 1943-12-11, 2431070, 2,5,29,83,101, 0, 0, 128333.8039
Magda_Goebbels, 1901-11-11, 2415700, 2,2,5,5,7,7,17,29, 0, 0, 92763.51724
Mike_Myers, 1963-05-25, 2438175, 3,5,5,19,29,59, 0, 0, 160244.0513
Milton_Friedman, 1912-07-31, 2419615, 5,11,29,37,41, 0, 0, 141755.6923
Rachel_McAdams, 1978-11-17, 2443830, 2,3,5,29,53,53, 0, 0, 626933.5366
Rafael_Nadal, 1986-06-03, 2446585, 5,29,47,359, 0, 0, 365178.7529
Rudolf_Hess, 1894-04-26, 2412945, 3,3,5,29,43,43, 0, 0, 157223.5439
Samuel_Johnson, 1709-09-18, 2345520, 2,2,2,2,3,5,29,337, 0, 0, 84520.86364
Taylor_Momsen, 1993-07-26, 2449195, 5,7,19,29,127, 0, 0, 448704.027
Ville_Valo, 1976-11-22, 2443105, 5,7,29,29,83, 0, 0, 124567.1944
