Alex_Jones_(radio_host), 1974-02-11, 2,3,5,7,29,401, 77174.76923
Alonzo_Church, 1903-06-14, 2,2,2,5,29,2083, 16611.77143
Benazir_Bhutto, 1953-06-21, 2,5,5,23,29,73, 74179.77174
Charles_M._Schulz, 1922-11-26, 3,3,3,5,29,619, 82367.51724
Erasmus_Darwin, 1731-12-12, 2,2,2,5,29,2029, 27607.14706
Fredrik_Ljungberg, 1977-04-16, 2,5,5,5,29,337, 99408.27778
Jackie_Chan, 1954-04-07, 2,2,2,5,29,2099, 545800.2099
Karel_Appel, 1921-04-25, 5,7,7,11,29,31, 27534.84375
Ludwig_Erhard, 1897-02-04, 2,2,2,5,29,2081, 40119.67308
Mary_McAleese, 1951-06-27, 3,3,5,5,29,373, 30200.97826
Max_Theiler, 1899-01-30, 3,5,7,13,29,61, 7223.162162
Mihai_Ghimpu, 1951-11-19, 2,5,7,11,29,109, 8293
Mike_Myers, 1963-05-25, 3,5,5,19,29,59, 160244.0513
Rachel_McAdams, 1978-11-17, 2,3,5,29,53,53, 626933.5366
Rudolf_Hess, 1894-04-26, 3,3,5,29,43,43, 157223.5439
Ögedei_Khan, 1186-11-07, 3,3,5,13,29,127, 30582.2093
