Adrian_Sutil, 1983-01-11, 3,3,5,7,7,1109, 35662.66667
Alan_Alda, 1936-01-28, 5,7,7,11,17,53, 156588.0667
Aung_San_Suu_Kyi, 1945-06-19, 5,5,5,7,7,397, 137039.2892
Ismail_Kadare, 1936-01-28, 5,7,7,11,17,53, 25950.19565
James_Chadwick, 1891-10-20, 5,5,7,7,11,179, 39356.60317
Joseph_Heller, 1923-05-01, 2,2,5,7,7,2473, 42332.20588
Kurt_Wüthrich, 1938-10-04, 3,5,5,7,7,661, 8196.735294
Peter_I_of_Portugal, 1320-04-08, 5,7,7,17,23,23, 20777.44828
Radovan_Karadžić, 1945-06-19, 5,5,5,7,7,397, 58871.89831
Rinko_Kikuchi, 1981-01-06, 2,3,5,7,7,1663, 159123.2593
