Ayrton_Senna, 1960-03-21, 2437015, 5,7,7,7,7,7,29, 0, 0, 294298.3594
Beatrix_of_the_Netherlands, 1938-01-31, 2428930, 2,5,7,7,4957, 0, 0, 95373.7
Carole_King, 1942-02-09, 2430400, 2,2,2,2,2,2,5,5,7,7,31, 0, 0, 184115.7037
Charles_III_of_Spain, 1716-01-20, 2347835, 5,7,7,7,37,37, 0, 0, 59198.94231
Jennifer_Garner, 1972-04-17, 2441425, 5,5,7,7,1993, 0, 0, 355992.7021
Jim_Cummings, 1952-11-03, 2434320, 2,2,2,2,3,3,3,5,7,7,23, 0, 0, 120277.8846
John_Stockton, 1962-03-26, 2437750, 2,5,5,5,7,7,199, 0, 0, 113734.1212
Jon_Lord, 1941-06-09, 2430155, 5,7,7,7,13,109, 0, 0, 75831.89744
Kangxi_Emperor, 1654-05-04, 2325295, 5,7,7,9491, 0, 0, 98053.94444
Kurt_Angle, 1968-12-09, 2440200, 2,2,2,3,5,5,7,7,83, 0, 0, 324973.8889
Magda_Goebbels, 1901-11-11, 2415700, 2,2,5,5,7,7,17,29, 0, 0, 92763.51724
Manuel_Castells, 1942-02-09, 2430400, 2,2,2,2,2,2,5,5,7,7,31, 0, 0, 58047.26923
Mark_Zuckerberg, 1984-05-14, 2445835, 5,7,7,67,149, 0, 0, 736947.6353
Mary_I_of_England, 1516-02-18, 2274825, 3,5,5,7,7,619, 0, 0, 280028.0328
Patricia_Arquette, 1968-04-08, 2439955, 5,7,7,23,433, 0, 0, 223049.1818
Patricia_Kaas, 1966-12-05, 2439465, 3,5,7,7,3319, 0, 0, 73509.45455
Shavo_Odadjian, 1974-04-22, 2442160, 2,2,2,2,5,7,7,7,89, 0, 0, 87919.96774
Stan_Laurel, 1890-06-16, 2411535, 3,5,7,7,17,193, 0, 0, 119604.7576
Steve_Harris_(musician), 1956-03-12, 2435545, 5,7,7,9941, 0, 0, 58913.825
Tracy_Chapman, 1964-03-30, 2438485, 5,7,7,37,269, 0, 0, 208501.9762
Yossi_Benayoun, 1980-05-05, 2444365, 5,7,7,11,907, 0, 0, 92866.475
