Alfred_Jarry, 1873-09-08, 2405410, 2,5,7,7,4909, 0, 0, 38582.21875
Beatrix_of_the_Netherlands, 1938-01-31, 2428930, 2,5,7,7,4957, 0, 0, 95373.7
Domenico_Modugno, 1928-01-09, 2425255, 5,7,7,19,521, 0, 0, 57215.81081
Jennifer_Garner, 1972-04-17, 2441425, 5,5,7,7,1993, 0, 0, 355992.7021
Mark_Zuckerberg, 1984-05-14, 2445835, 5,7,7,67,149, 0, 0, 736947.6353
Michael_Rensing, 1984-05-14, 2445835, 5,7,7,67,149, 0, 0, 47762.85714
Nigel_Reo-Coker, 1984-05-14, 2445835, 5,7,7,67,149, 0, 0, 29334.06897
Patricia_Arquette, 1968-04-08, 2439955, 5,7,7,23,433, 0, 0, 223049.1818
Patricia_Kaas, 1966-12-05, 2439465, 3,5,7,7,3319, 0, 0, 73509.45455
Prince_Claus_of_the_Netherlands, 1926-09-06, 2424765, 3,5,7,7,3299, 0, 0, 46159.84615
Tracy_Chapman, 1964-03-30, 2438485, 5,7,7,37,269, 0, 0, 208501.9762
Yossi_Benayoun, 1980-05-05, 2444365, 5,7,7,11,907, 0, 0, 92866.475
