50_Cent, 1975-07-06, 2442600, 2,2,2,3,3,5,5,23,59, 0, 0, 632055.6716
Andrew_Huxley, 1917-11-22, 2421555, 3,5,23,7019, 0, 0, 10352.4186
BoA, 1986-11-05, 2446740, 2,2,3,3,3,5,23,197, 0, 0, 244977.5588
Christijan_Albers, 1979-04-16, 2443980, 2,2,3,5,7,11,23,23, 0, 0, 13423.53333
Daniel_Nestor, 1972-09-04, 2441565, 3,3,5,7,23,337, 0, 0, 26080.51852
Ferdinand_II_of_Aragon, 1452-03-10, 2251470, 2,3,5,13,23,251, 0, 0, 66013.89091
Jim_Cummings, 1952-11-03, 2434320, 2,2,2,2,3,3,3,5,7,7,23, 0, 0, 120277.8846
Kasper_Schmeichel, 1986-11-05, 2446740, 2,2,3,3,3,5,23,197, 0, 0, 72307.81481
Klemens_von_Metternich, 1773-05-15, 2368770, 2,3,5,23,3433, 0, 0, 39558.32075
Luca_Toni, 1977-05-26, 2443290, 2,3,5,23,3541, 0, 0, 169484.9524
Martin_Škrtel, 1984-12-15, 2446050, 2,3,5,5,23,709, 0, 0, 49892.36842
Matthew_McConaughey, 1969-11-04, 2440530, 2,3,3,3,3,5,23,131, 0, 0, 413178.9167
Otto_Skorzeny, 1908-06-12, 2418105, 3,5,23,43,163, 0, 0, 80205.65854
Ritchie_Blackmore, 1945-04-14, 2431560, 2,2,2,3,5,23,881, 0, 0, 145133
Sean_Combs, 1969-11-04, 2440530, 2,3,3,3,3,5,23,131, 0, 0, 492898.4412
Shah_Jahan, 1592-01-05, 2302530, 2,3,5,23,47,71, 0, 0, 67323.52542
Vladimir_Prelog, 1906-07-23, 2417415, 3,5,7,7,11,13,23, 0, 0, 8446.348837
Wernher_von_Braun, 1912-03-23, 2419485, 3,5,23,7013, 0, 0, 114386.1228
