Alexander_Herzen, 1812-04-06, 2382975, 3,3,5,5,7,17,89, 0, 0, 13161.75676
Antonio_Nocerino, 1985-04-09, 2446165, 5,23,89,239, 0, 0, 47533.55263
Baruch_Samuel_Blumberg, 1925-07-28, 2424360, 2,2,2,3,5,89,227, 0, 0, 7984.513514
Bulat_Okudzhava, 1924-05-09, 2423915, 5,13,89,419, 0, 0, 19058.42424
Emil_Kraepelin, 1856-02-15, 2398995, 3,3,5,89,599, 0, 0, 26181.12903
Fedor_Emelianenko, 1976-09-28, 2443050, 2,3,3,5,5,61,89, 0, 0, 571876.4286
George_R._R._Martin, 1948-09-20, 2432815, 5,7,11,71,89, 0, 0, 230031.5
Gustav_Fechner, 1801-04-19, 2378970, 2,3,3,3,3,3,5,11,89, 0, 0, 18864.6
James_LaBrie, 1963-05-05, 2438155, 5,89,5479, 0, 0, 52122.5
Lazar_Kaganovich, 1893-11-22, 2412790, 2,5,89,2711, 0, 0, 25956.48148
Liédson, 1977-12-17, 2443495, 5,17,17,19,89, 0, 0, 40936.74074
Philippe_II,_Duke_of_Orléans, 1674-08-02, 2332690, 2,5,89,2621, 0, 0, 9183.111111
Prince_Joachim_of_Denmark, 1969-06-07, 2440380, 2,2,3,5,89,457, 0, 0, 43778.61538
Rob_Rensenbrink, 1947-07-03, 2432370, 2,3,5,89,911, 0, 0, 19774
Shavo_Odadjian, 1974-04-22, 2442160, 2,2,2,2,5,7,7,7,89, 0, 0, 87919.96774
Theo_Angelopoulos, 1935-04-27, 2427920, 2,2,2,2,5,11,31,89, 0, 0, 27522.36842
William_III_of_the_Netherlands, 1817-02-19, 2384755, 5,23,89,233, 0, 0, 47078.18182
