Ben_Bernanke, 1953-12-13, 3,3,3,5,5,3607, 166832.5135
Carl_Schmitt, 1888-07-11, 2,3,3,3,5,8929, 68688.24138
Charles_M._Schulz, 1922-11-26, 3,3,3,5,29,619, 82367.51724
Cynthia_Nixon, 1966-04-09, 3,3,5,5,37,293, 204391.3103
Emre_Belözoğlu, 1980-09-07, 2,3,3,5,157,173, 94989.19444
Ferdinand_VII_of_Spain, 1784-10-14, 2,2,3,3,5,13183, 69821.95122
Franz_Beckenbauer, 1945-09-11, 2,3,3,5,41,659, 134288.2857
Gabriel_Milito, 1980-09-07, 2,3,3,5,157,173, 70721.63158
Girolamo_Savonarola, 1452-09-21, 3,3,3,5,13,1283, 68041.46
Jackie_Robinson, 1919-01-31, 2,3,3,5,17,1583, 327129.3438
Jane_Addams, 1860-09-06, 2,2,3,3,5,13337, 69361.13636
Kerry_King, 1964-06-03, 2,3,3,5,5,5419, 120249
L._Frank_Baum, 1856-05-15, 3,3,3,5,13,1367, 72106.79412
LeAnn_Rimes, 1982-08-28, 2,3,3,5,101,269, 226345.3704
Louis_XV_of_France, 1710-02-15, 2,3,3,5,67,389, 125024.9167
Niki_Lauda, 1949-02-22, 2,3,3,3,5,9011, 182704.9362
Roberto_Baggio, 1967-02-18, 2,2,3,3,5,13553, 138739.6182
Rudolf_Hess, 1894-04-26, 3,3,5,29,43,43, 157223.5439
Sasha_Grey, 1988-03-14, 3,3,5,7,17,457, 1061929.568
Stendhal, 1783-01-23, 2,3,3,5,43,613, 96563.30508
Thiago_Motta, 1982-08-28, 2,3,3,5,101,269, 111053.4474
