Alassane_Ouattara, 1942-01-01, 2,2,2,3,3,5,43,157, 35411.33333
Bill_Russell, 1934-02-12, 2,2,2,3,3,5,11,613, 159493.9355
Britney_Spears, 1981-12-02, 2,2,3,3,5,17,17,47, 622072.4043
Carl_Sagan, 1934-11-09, 2,3,3,5,5,5,13,83, 199644.4286
Danijel_Pranjić, 1981-12-02, 2,2,3,3,5,17,17,47, 35118.6875
George_Westinghouse, 1846-10-06, 3,3,3,3,5,5,7,169, 42707.56667
Giorgio_Napolitano, 1925-06-29, 2,3,3,3,3,5,41,73, 64843.73529
Ingvar_Carlsson, 1934-11-09, 2,3,3,5,5,5,13,83, 12162.53333
Jóhanna_Guðrún_Jónsdóttir, 1990-10-16, 2,2,3,3,5,7,29,67, 11027.2973
Kingsley_Amis, 1922-04-16, 2,2,2,3,3,5,53,127, 31950.03226
Leon_M._Lederman, 1922-07-15, 2,3,3,3,5,5,5,359, 14115.26316
Paul_Wolfowitz, 1943-12-22, 2,2,2,3,3,3,5,2251, 50237.94118
Salvatore_Schillaci, 1964-12-01, 2,3,3,5,7,7,7,79, 51076.14286
Tite_Kubo, 1977-06-26, 2,2,2,3,3,5,11,617, 100239.7857
Warwick_Davis, 1970-02-03, 2,2,3,3,5,7,13,149, 175679.5758
Wilhelm_Frick, 1877-03-12, 2,3,3,5,11,11,13,17, 40086.48649
Édouard_Daladier, 1884-06-18, 3,3,3,3,3,3,5,661, 26331.82857
