Alex_Ferguson, 1941-12-31, 2430360, 2,2,2,3,3,5,43,157, 0, 0, 211358.4697
Alfred_Hitchcock, 1899-08-13, 2414880, 2,2,2,2,2,3,3,3,5,13,43, 0, 0, 232167.01
Dwight_D._Eisenhower, 1890-10-14, 2411655, 3,5,43,3739, 0, 0, 192452.8283
Ferenc_Gyurcsány, 1961-06-04, 2437455, 3,5,43,3779, 0, 0, 21658.89474
Frederick_III,_Holy_Roman_Emperor, 1415-09-21, 2238150, 2,3,5,5,43,347, 0, 0, 8784.860465
Giuseppe_Favalli, 1972-01-08, 2441325, 3,5,5,43,757, 0, 0, 26443.33333
Hans_Christian_Gram, 1853-09-13, 2398110, 2,3,5,11,13,13,43, 0, 0, 9020.071429
Henry_II_of_England, 1133-03-05, 2134950, 2,3,5,5,43,331, 0, 0, 106257.6842
Hun_Sen, 1952-08-05, 2434230, 2,3,3,5,17,37,43, 0, 0, 42468.96875
James_Caan, 1940-03-26, 2429715, 3,5,43,3767, 0, 0, 180407.2778
Jason_Earles, 1977-04-26, 2443260, 2,2,3,5,43,947, 0, 0, 356005
Luis_Federico_Leloir, 1906-09-06, 2417460, 2,2,3,5,43,937, 0, 0, 19420.76471
Max_Euwe, 1901-05-20, 2415525, 3,5,5,7,43,107, 0, 0, 10874.26087
Nancy_Pelosi, 1940-03-26, 2429715, 3,5,43,3767, 0, 0, 133364.9792
Otto_Skorzeny, 1908-06-12, 2418105, 3,5,23,43,163, 0, 0, 80205.65854
Rudolf_Hess, 1894-04-26, 2412945, 3,3,5,29,43,43, 0, 0, 157223.5439
Silvio_Piola, 1913-09-29, 2420040, 2,2,2,3,5,7,43,67, 0, 0, 42284.66667
Stendhal, 1783-01-23, 2372310, 2,3,3,5,43,613, 0, 0, 96563.30508
Stephen_Wolfram, 1959-08-29, 2436810, 2,3,5,43,1889, 0, 0, 45918.14286
Timothy_Leary, 1920-10-22, 2422620, 2,2,3,3,5,43,313, 0, 0, 185760.3636
Tom_Welling, 1977-04-26, 2443260, 2,2,3,5,43,947, 0, 0, 233908.9744
