Andreas_Papandreou, 1919-02-05, 2421995, 5,149,3251, 0, 0, 33738.75758
Billie_Joe_Armstrong, 1972-02-17, 2441365, 5,29,113,149, 0, 0, 305341.3864
Catherine_de'_Medici, 1519-04-13, 2275975, 5,5,13,47,149, 0, 0, 89131.09091
Eren_Derdiyok, 1988-06-12, 2447325, 3,3,5,5,73,149, 0, 0, 46217.75
Ferdinand_de_Saussure, 1857-11-26, 2399645, 5,149,3221, 0, 0, 70551.4697
Fränk_Schleck, 1980-04-15, 2444345, 5,17,149,193, 0, 0, 40777.14815
Jean_Nouvel, 1945-08-12, 2431680, 2,2,2,2,2,2,3,5,17,149, 0, 0, 55852.30556
John_Russell,_1st_Earl_Russell, 1792-08-18, 2375805, 3,5,149,1063, 0, 0, 3119.806452
Kirsten_Dunst, 1982-04-30, 2445090, 2,3,5,149,547, 0, 0, 321621.0164
Lloyd_Banks, 1982-04-30, 2445090, 2,3,5,149,547, 0, 0, 210783.963
Mark_Hamill, 1951-09-25, 2433915, 3,3,3,5,11,11,149, 0, 0, 378820.2353
Mark_Zuckerberg, 1984-05-14, 2445835, 5,7,7,67,149, 0, 0, 736947.6353
Mauricio_Isla, 1988-06-12, 2447325, 3,3,5,5,73,149, 0, 0, 53578.37931
Michael_Rensing, 1984-05-14, 2445835, 5,7,7,67,149, 0, 0, 47762.85714
Nigel_Reo-Coker, 1984-05-14, 2445835, 5,7,7,67,149, 0, 0, 29334.06897
Piet_Mondrian, 1872-03-07, 2404860, 2,2,3,5,149,269, 0, 0, 185097.1731
Stephen_Gately, 1976-03-17, 2442855, 3,5,149,1093, 0, 0, 125980.4231
Tony_Shalhoub, 1953-10-09, 2434660, 2,2,5,19,43,149, 0, 0, 152837.3636
Wes_Montgomery, 1923-03-06, 2423485, 5,149,3253, 0, 0, 58230.81481
Álvaro_Recoba, 1976-03-17, 2442855, 3,5,149,1093, 0, 0, 68879.97143
