Clive_Granger, 1934-09-04, 2427685, 5,13,13,13,13,17, 0, 0, 11154.66667
Eduard_Khil, 1934-09-04, 2427685, 5,13,13,13,13,17, 0, 0, 119282.2857
Enzo_Bearzot, 1927-09-26, 2425150, 2,5,5,7,13,13,41, 0, 0, 26282.23077
Frank_Lloyd, 1886-02-02, 2409940, 2,2,5,13,13,23,31, 0, 0, 8627.111111
Hans_Christian_Gram, 1853-09-13, 2398110, 2,3,5,11,13,13,43, 0, 0, 9020.071429
John_Myung, 1967-01-24, 2439515, 5,13,13,2887, 0, 0, 59335.13793
Mathieu_Debuchy, 1985-07-28, 2446275, 3,5,5,13,13,193, 0, 0, 36108.85714
Montgomery_Clift, 1920-10-17, 2422615, 5,13,13,47,61, 0, 0, 103532.3421
Paul_Kagame, 1957-10-23, 2436135, 3,5,13,13,31,31, 0, 0, 36216.34694
Pope_Gregory_XIII, 1502-01-07, 2269670, 2,5,13,13,17,79, 0, 0, 22895.03175
Rudolph_Valentino, 1895-05-06, 2413320, 2,2,2,3,5,7,13,13,17, 0, 0, 103537.025
Tony_Curtis, 1925-06-03, 2424305, 5,13,13,19,151, 0, 0, 173627.3137
