André_Frédéric_Cournand, 1895-09-24, 2,2,5,7,17239, 4831.933333
Benjamin_Harrison, 1833-08-20, 2,2,5,7,17077, 46198.63218
Chris_Hoy, 1976-03-23, 2,2,5,7,17449, 61905.65385
Dan_Castellaneta, 1957-10-29, 2,2,5,7,17401, 144823.7188
Ferry_Corsten, 1973-12-04, 2,2,5,7,17443, 51859.73077
Harry_Belafonte, 1927-03-01, 2,2,5,7,17321, 158232.5143
Jürgen_Habermas, 1929-06-18, 2,2,5,7,17327, 113553.5636
Michelle_Monaghan, 1976-03-23, 2,2,5,7,17449, 251005.3448
Paula_Fernandes, 1984-08-28, 2,2,5,7,17471, 33914
Riccardo_Giacconi, 1931-10-06, 2,2,5,7,17333, 10916.88636
Tyra_Banks, 1973-12-04, 2,2,5,7,17443, 301357.2174
