André_Citroën, 1878-02-05, 2,2,3,5,7,11,521
Ben_Wallace, 1974-09-10, 2,2,3,5,5,7,1163
Cory_Monteith, 1982-05-11, 2,2,5,5,7,7,499
George_Soros, 1930-08-12, 2,2,2,5,5,7,1733
Gordon_Bajnai, 1968-03-05, 2,2,2,2,5,7,4357
James_Clark_Ross, 1800-04-15, 2,2,2,5,5,7,1699
Jim_Broadbent, 1949-05-24, 2,2,3,3,5,7,1931
Jonathan_Woodgate, 1980-01-22, 2,2,5,7,13,17,79
Mandy_Moore, 1984-04-10, 2,2,2,5,5,7,1747
Michael_Sata, 1937-07-06, 2,2,2,2,5,7,4337
Ryan_Phillippe, 1974-09-10, 2,2,3,5,5,7,1163
Tom_Felton, 1987-09-22, 2,2,5,7,7,11,227
Yann_Tiersen, 1970-06-23, 2,2,2,5,7,23,379
Zdravko_Kuzmanović, 1987-09-22, 2,2,5,7,7,11,227
