Alfred_Hitchcock, 1899-08-13, 2414880, 2,2,2,2,2,3,3,3,5,13,43, 0, 0, 232167.01
Annie_Girardot, 1931-10-25, 2426640, 2,2,2,2,3,5,10111, 0, 0, 50532.71429
B._F._Skinner, 1904-03-20, 2416560, 2,2,2,2,3,5,10069, 0, 0, 176265.8378
Carlos_Menem, 1930-07-02, 2426160, 2,2,2,2,3,5,11,919, 0, 0, 52786.93023
David_James_(footballer), 1970-08-01, 2440800, 2,2,2,2,2,3,3,3,5,5,113, 0, 0, 22866.54286
Frank_Lampard, 1978-06-20, 2443680, 2,2,2,2,2,3,3,5,1697, 0, 0, 185169.1176
Hayao_Miyazaki, 1941-01-05, 2430000, 2,2,2,2,3,3,3,3,3,5,5,5,5, 0, 0, 414062.75
Hayden_Panettiere, 1989-08-21, 2447760, 2,2,2,2,3,5,7,31,47, 0, 0, 537846.0213
Itō_Hirobumi, 1841-10-16, 2393760, 2,2,2,2,2,3,5,4987, 0, 0, 88970.08511
James_Baldwin, 1924-08-02, 2424000, 2,2,2,2,2,2,3,5,5,5,101, 0, 0, 51519.43333
Jean_Nouvel, 1945-08-12, 2431680, 2,2,2,2,2,2,3,5,17,149, 0, 0, 55852.30556
Jim_Cummings, 1952-11-03, 2434320, 2,2,2,2,3,3,3,5,7,7,23, 0, 0, 120277.8846
Johannes_Vermeer, 1632-10-31, 2317440, 2,2,2,2,2,2,2,3,5,17,71, 0, 0, 130381.7838
José_Carreras, 1946-12-05, 2432160, 2,2,2,2,2,3,3,3,5,563, 0, 0, 49192.69767
Martha_Graham, 1894-05-11, 2412960, 2,2,2,2,2,3,5,11,457, 0, 0, 225573.8824
Michel_Platini, 1955-06-21, 2435280, 2,2,2,2,3,5,73,139, 0, 0, 101190.0984
Recep_Tayyip_Erdoğan, 1954-02-26, 2434800, 2,2,2,2,3,5,5,2029, 0, 0, 105559.0132
Roald_Dahl, 1916-09-13, 2421120, 2,2,2,2,2,2,2,3,5,13,97, 0, 0, 261161.2745
Samuel_Johnson, 1709-09-18, 2345520, 2,2,2,2,3,5,29,337, 0, 0, 84520.86364
Wes_Brown, 1979-10-13, 2444160, 2,2,2,2,2,2,2,3,5,19,67, 0, 0, 42958.46667
Wojciech_Szczęsny, 1990-04-18, 2448000, 2,2,2,2,2,2,2,3,3,5,5,5,17, 0, 0, 88322.95122
