Aaron_Sorkin, 1961-06-09, 2,2,5,17,67,107, 155314.7037
Bhumibol_Adulyadej, 1927-12-05, 2,2,5,7,17,1019, 142465.0357
Colonel_Sanders, 1890-09-09, 2,2,5,17,41,173, 168414.0385
Grzegorz_Lato, 1950-04-08, 2,2,5,17,17,421, 37001.96667
Kurt_Lewin, 1890-09-09, 2,2,5,17,41,173, 89351.10345
Michael_J._Fox, 1961-06-09, 2,2,5,17,67,107, 467839.4
Milorad_Pavić, 1929-10-15, 2,2,5,5,17,1427, 7173.387097
Sebastian_Vettel, 1987-07-03, 2,2,3,5,17,2399, 142688.7465
Septimius_Severus, 0145-04-11, 2,2,2,5,17,2609, 48825.13115
Sinclair_Lewis, 1885-02-07, 2,2,5,17,19,373, 32334.31148
William_Lassell, 1799-06-18, 2,2,5,5,17,1399, 5027.371429
Willy_Brandt, 1913-12-18, 2,2,2,5,17,3559, 88754.5942
