Alanis_Morissette, 1974-06-01, 2,2,2,5,5,12211, 231432.3148
André_the_Giant, 1946-05-19, 2,2,2,5,163,373, 369799.8333
Bill_Evans, 1929-08-16, 2,2,2,2,5,30323, 70160.625
Elie_Wiesel, 1928-09-30, 2,2,2,2,5,30319, 132101.2273
Erich_Honecker, 1912-08-25, 2,2,2,5,241,251, 95634.22449
Felipe_Massa, 1981-04-25, 2,2,2,2,5,30559, 68461.50877
George_Weah, 1966-10-01, 2,2,2,5,5,12197, 95012.54348
Henri_de_Toulouse-Lautrec, 1864-11-24, 2,2,2,5,5,12011, 125973.6984
J._D._Salinger, 1919-01-01, 2,2,2,3,5,20183, 143019.2656
Jackie_Chan, 1954-04-07, 2,2,2,5,29,2099, 545800.2099
Larry_Ellison, 1944-08-17, 2,2,2,3,5,20261, 207032.069
Marco_Pantani, 1970-01-13, 2,2,2,5,5,12203, 95538.25806
Masashi_Kishimoto, 1974-11-08, 2,2,2,3,5,20353, 136862.6744
Noel_Gallagher, 1967-05-29, 2,2,2,5,7,8713, 251010.3158
Phoebe_Tonkin, 1989-07-12, 2,2,2,5,11,5563, 175445.8929
Richard_Gere, 1949-08-31, 2,2,2,5,59,1031, 308734.8704
Richard_II_of_England, 1367-01-06, 2,2,2,3,5,18503, 76990.36
The_Edge, 1961-08-08, 2,2,2,2,5,30469, 151779.25
Tom_DeLonge, 1975-12-13, 2,2,2,5,173,353, 186471.129
Willy_Brandt, 1913-12-18, 2,2,2,5,17,3559, 88754.5942
Zico, 1953-03-03, 2,2,2,3,5,20287, 127777.2045
