Alex_Ferguson, 1941-12-31, 2430360, 2,2,2,3,3,5,43,157, 0, 0, 211358.4697
Antoine_de_Saint-Exupéry, 1900-06-29, 2415200, 2,2,2,2,2,5,5,3019, 0, 0, 130256.8158
Audrey_Tautou, 1976-08-09, 2443000, 2,2,2,5,5,5,7,349, 0, 0, 170865.2679
Cesc_Fàbregas, 1987-05-04, 2446920, 2,2,2,3,3,5,7,971, 0, 0, 181519.6087
Eazy-E, 1963-09-07, 2438280, 2,2,2,3,3,5,13,521, 0, 0, 402529.2258
George_Kennedy, 1925-02-18, 2424200, 2,2,2,5,5,17,23,31, 0, 0, 86832.03704
Itō_Hirobumi, 1841-10-16, 2393760, 2,2,2,2,2,3,5,4987, 0, 0, 88970.08511
Jay_Leno, 1950-04-28, 2433400, 2,2,2,5,5,23,23,23, 0, 0, 238832.5938
Jefferson_Farfán, 1984-10-26, 2446000, 2,2,2,2,5,5,5,1223, 0, 0, 75648.64286
Jennette_McCurdy, 1992-06-26, 2448800, 2,2,2,2,2,5,5,3061, 0, 0, 551673.5806
Katie_Melua, 1984-09-16, 2445960, 2,2,2,3,5,11,17,109, 0, 0, 127300.8333
Kelsey_Grammer, 1955-02-21, 2435160, 2,2,2,3,5,7,13,223, 0, 0, 302374.5172
Lee_Van_Cleef, 1925-01-09, 2424160, 2,2,2,2,2,5,109,139, 0, 0, 125683.5405
Lil_Wayne, 1982-09-27, 2445240, 2,2,2,3,5,7,41,71, 0, 0, 1401836.674
Manuel_Noriega, 1934-02-11, 2427480, 2,2,2,3,3,5,11,613, 0, 0, 104634.7073
Michel_Platini, 1955-06-21, 2435280, 2,2,2,2,3,5,73,139, 0, 0, 101190.0984
Recep_Tayyip_Erdoğan, 1954-02-26, 2434800, 2,2,2,2,3,5,5,2029, 0, 0, 105559.0132
Rod_Laver, 1938-08-09, 2429120, 2,2,2,2,2,2,5,7591, 0, 0, 69579.42857
Samuel_Johnson, 1709-09-18, 2345520, 2,2,2,2,3,5,29,337, 0, 0, 84520.86364
Sasha_Cohen, 1984-10-26, 2446000, 2,2,2,2,5,5,5,1223, 0, 0, 82414.38462
Shirley_Temple, 1928-04-23, 2425360, 2,2,2,2,5,7,61,71, 0, 0, 340979.1111
