50_Cent, 1975-07-06, 2,2,2,3,3,5,5,23,59, 632055.6716
Carlo_Collodi, 1826-11-24, 2,2,2,2,2,5,11,23,59, 34591.8125
Cristian_Zaccardo, 1981-12-21, 2,2,2,2,2,5,7,37,59, 36038.72414
Frank_Lampard, 1978-06-20, 2,2,2,2,2,3,3,5,1697, 185169.1176
Hayden_Panettiere, 1989-08-21, 2,2,2,2,3,5,7,31,47, 537846.0213
Henry_Fielding, 1707-04-22, 2,2,2,2,2,2,5,17,431, 31049.7619
Inna, 1986-10-16, 2,2,2,2,2,2,2,5,3823, 231981.7692
Jamie_Oliver, 1975-05-27, 2,2,2,2,2,2,5,17,449, 208293.7647
Jim_Jarmusch, 1953-01-22, 2,2,2,2,2,5,5,17,179, 110784.1081
Kurt_Angle, 1968-12-09, 2,2,2,3,5,5,7,7,83, 324973.8889
Marcelo_H._del_Pilar, 1850-08-30, 2,2,2,3,5,5,5,17,47, 40049.92593
Martha_Graham, 1894-05-11, 2,2,2,2,2,3,5,11,457, 225573.8824
Nicolas-Joseph_Cugnot, 1725-02-26, 2,2,2,3,3,3,5,7,311, 33408.86667
Paulina_Rubio, 1971-06-17, 2,2,2,2,2,5,11,19,73, 129890
Philip_Johnson, 1906-07-08, 2,2,2,3,3,5,5,17,79, 40671.56818
Radek_Štěpánek, 1978-11-27, 2,2,2,2,2,2,5,7,1091, 36428.51724
Richard_Dawkins, 1941-03-26, 2,2,2,2,2,2,2,5,3797, 166379.3971
Rudolph_Valentino, 1895-05-06, 2,2,2,3,5,7,13,13,17, 103537.025
Seal_(musician), 1963-02-19, 2,2,2,2,2,2,5,19,401, 132704.6061
Shavo_Odadjian, 1974-04-22, 2,2,2,2,5,7,7,7,89, 87919.96774
Yongle_Emperor, 1360-05-02, 2,2,2,2,2,2,5,29,239, 52782.03226
