André_Ooijer, 1974-07-11, 2442240, 2,2,2,2,2,2,2,2,2,2,3,3,5,53, 0, 0, 22548.5
Barry_Marshall, 1951-09-30, 2433920, 2,2,2,2,2,2,2,5,3803, 0, 0, 17687.76923
Emile_Heskey, 1978-01-11, 2443520, 2,2,2,2,2,2,2,2,5,23,83, 0, 0, 102361.275
François_Tombalbaye, 1918-06-15, 2421760, 2,2,2,2,2,2,2,2,2,2,5,11,43, 0, 0, 6404.357143
Hank_Williams, 1923-09-17, 2423680, 2,2,2,2,2,2,2,5,7,541, 0, 0, 151554.9412
Inna, 1986-10-16, 2446720, 2,2,2,2,2,2,2,5,3823, 0, 0, 231981.7692
Jadranka_Kosor, 1953-07-01, 2434560, 2,2,2,2,2,2,2,2,2,3,5,317, 0, 0, 12684.29545
Johannes_Vermeer, 1632-10-31, 2317440, 2,2,2,2,2,2,2,3,5,17,71, 0, 0, 130381.7838
Kirsan_Ilyumzhinov, 1962-04-05, 2437760, 2,2,2,2,2,2,2,5,13,293, 0, 0, 13785.39286
Klaus_Tschütscher, 1967-07-08, 2439680, 2,2,2,2,2,2,2,2,2,5,953, 0, 0, 6600.214286
Lawrence_Gonzi, 1953-07-01, 2434560, 2,2,2,2,2,2,2,2,2,3,5,317, 0, 0, 12021.16129
Pascal_Zuberbühler, 1971-01-08, 2440960, 2,2,2,2,2,2,2,2,5,1907, 0, 0, 14411.84615
Richard_Dawkins, 1941-03-26, 2430080, 2,2,2,2,2,2,2,5,3797, 0, 0, 166379.3971
Roald_Dahl, 1916-09-13, 2421120, 2,2,2,2,2,2,2,3,5,13,97, 0, 0, 261161.2745
Roland_Ratzenberger, 1960-07-04, 2437120, 2,2,2,2,2,2,2,2,2,2,2,2,5,7,17, 0, 0, 73821.15152
Wes_Brown, 1979-10-13, 2444160, 2,2,2,2,2,2,2,3,5,19,67, 0, 0, 42958.46667
Wojciech_Szczęsny, 1990-04-18, 2448000, 2,2,2,2,2,2,2,3,3,5,5,5,17, 0, 0, 88322.95122
