Andriy_Pyatov, 1984-06-28, 2445880, 2,2,2,5,47,1301, 0, 0, 9595.964286
Bryan_Cranston, 1956-03-07, 2435540, 2,2,5,47,2591, 0, 0, 586023.4615
François_Duvalier, 1907-04-14, 2417680, 2,2,2,2,5,47,643, 0, 0, 47028
Gabriela_Mistral, 1889-04-07, 2411100, 2,2,3,3,3,5,5,19,47, 0, 0, 77513.51613
Gerd_Kanter, 1979-05-06, 2444000, 2,2,2,2,2,5,5,5,13,47, 0, 0, 12468
Hayden_Panettiere, 1989-08-21, 2447760, 2,2,2,2,3,5,7,31,47, 0, 0, 537846.0213
Isiah_Thomas, 1961-04-30, 2437420, 2,2,5,47,2593, 0, 0, 127405.7407
Jan_Łukasiewicz, 1878-12-21, 2407340, 2,2,5,13,47,197, 0, 0, 11242.10714
Luis_Suárez, 1987-01-24, 2446820, 2,2,5,19,47,137, 0, 0, 138751.72
Marcelo_H._del_Pilar, 1850-08-30, 2397000, 2,2,2,3,5,5,5,17,47, 0, 0, 40049.92593
Niels_Ryberg_Finsen, 1860-12-15, 2400760, 2,2,2,5,47,1277, 0, 0, 6751.363636
Ricardo_Lagos, 1938-03-02, 2428960, 2,2,2,2,2,5,17,19,47, 0, 0, 25821.30303
Sun_Myung_Moon, 1920-02-25, 2422380, 2,2,3,5,47,859, 0, 0, 110619.1071
Thomas_Schaaf, 1961-04-30, 2437420, 2,2,5,47,2593, 0, 0, 31433.92308
