Amintore_Fanfani, 1908-02-06, 2417978, 2,17,19,19,197, 0, 0, 22961.4375
Augustin-Jean_Fresnel, 1788-05-10, 2374244, 2,2,23,131,197, 0, 0, 16025.26829
Carlos_Alberto_Parreira, 1943-02-27, 2430783, 3,3,3,197,457, 0, 0, 32641.23529
Gerardus_Mercator, 1512-03-05, 2273380, 2,2,5,197,577, 0, 0, 31906.76596
Giacomo_Casanova, 1725-04-02, 2351195, 5,7,11,31,197, 0, 0, 139034.7541
Joan_Fontaine, 1917-10-22, 2421524, 2,2,7,197,439, 0, 0, 103268.7632
Khalid_Boulahrouz, 1981-12-28, 2444967, 3,3,7,197,197, 0, 0, 54866.02632
Michael_Ondaatje, 1943-09-12, 2430980, 2,2,5,197,617, 0, 0, 39170.07407
Rudolf_Carnap, 1891-05-18, 2411871, 3,7,11,53,197, 0, 0, 25429.05556
Sienna_Miller, 1981-12-28, 2444967, 3,3,7,197,197, 0, 0, 315693.3684
