Anthony_Davidson, 1979-04-18, 2443982, 2,197,6203, 0, 0, 16573.47222
Daniel_Schneidermann, 1958-04-05, 2436299, 83,149,197, 0, 0, 5450.236842
Jack_White, 1975-07-09, 2442603, 3,197,4133, 0, 0, 221805.9677
Marcelo_Salas, 1974-12-24, 2442406, 2,197,6199, 0, 0, 66710.57143
Matthew_Upson, 1979-04-18, 2443982, 2,197,6203, 0, 0, 25143.19444
Naveen_Andrews, 1969-01-17, 2440239, 3,197,4129, 0, 0, 127790.0882
Pope_Sixtus_IV, 1414-07-21, 2237723, 37,197,307, 0, 0, 27471.30769
Reynaldo_Bignone, 1928-01-21, 2425267, 13,197,947, 0, 0, 15665.64286
Shelton_Benjamin, 1975-07-09, 2442603, 3,197,4133, 0, 0, 140906.0769
Simon_van_der_Meer, 1925-11-24, 2424479, 31,197,397, 0, 0, 7515.704545
Tiësto, 1969-01-17, 2440239, 3,197,4129, 0, 0, 241800.5455
