Albert_Finney, 1936-05-09, 2428298, 2,97,12517, 0, 0, 126226.7813
Alina_Kabaeva, 1983-05-12, 2445467, 17,97,1483, 0, 0, 50270.96154
Anne_of_Austria, 1601-09-22, 2306078, 2,97,11887, 0, 0, 38796.325
Ashley_Cole, 1980-12-20, 2444594, 2,97,12601, 0, 0, 127909.2407
Charles_II_of_England, 1630-05-29, 2316554, 2,97,11941, 0, 0, 131751.9661
Django_Reinhardt, 1910-01-23, 2418695, 5,97,4987, 0, 0, 127176.75
Dmitri_Mendeleev, 1834-02-08, 2390953, 97,157,157, 0, 0, 75930.7156
Don_Rosa, 1951-06-29, 2433827, 11,97,2281, 0, 0, 42241.46154
Francis_Crick, 1916-06-08, 2421023, 11,97,2269, 0, 0, 67410.65517
Franz_Kafka, 1883-07-03, 2408995, 5,97,4967, 0, 0, 196158.075
Howard_Gardner, 1943-07-11, 2430917, 19,97,1319, 0, 0, 109990.4074
Jackson_Rathbone, 1984-12-14, 2446049, 97,151,167, 0, 0, 316283
Jean_Tigana, 1955-06-23, 2435282, 2,97,12553, 0, 0, 35135.17857
John_Wilkes_Booth, 1838-05-10, 2392505, 5,97,4933, 0, 0, 194745.0227
Josh_Holloway, 1969-07-20, 2440423, 97,139,181, 0, 0, 165153.8485
Maximilian_I_of_Mexico, 1832-07-06, 2390371, 19,97,1297, 0, 0, 90432.6087
Peter_Lorre, 1904-06-26, 2416658, 2,97,12457, 0, 0, 91115.6
Sheryl_Crow, 1962-02-11, 2437707, 3,97,8377, 0, 0, 183813.1081
Simon_Wiesenthal, 1908-12-31, 2418307, 97,107,233, 0, 0, 81502.07692
Stefan_Zweig, 1881-11-28, 2408413, 7,97,3547, 0, 0, 64141.16393
Tokugawa_Yoshinobu, 1837-10-28, 2392311, 3,97,8221, 0, 0, 158582.9231
