Ali_Khamenei, 1939-07-17, 2,7,97,1789, 117237.2453
Anders_Zorn, 1860-02-18, 3,73,97,113, 20342.21212
Anna_Politkovskaya, 1958-08-30, 2,19,97,661, 33929.14545
Charles_Lindbergh, 1902-02-04, 5,17,97,293, 153255
Charles_VII,_Holy_Roman_Emperor, 1697-08-06, 3,5,97,1609, 7147.825
Charles_XII_of_Sweden, 1682-06-17, 2,3,97,4013, 48445.625
David_II_of_Scotland, 1324-03-05, 7,17,97,191, 16795.4375
J._P._Morgan, 1837-04-17, 7,13,97,271, 159735.7273
John_Williams, 1932-02-08, 2,7,97,1787, 129878.4528
Kaspar_Hauser, 1812-04-30, 3,19,97,431, 150996.1852
Luigi_Riva, 1944-11-07, 2,83,97,151, 24567.48276
Mel_Gibson, 1956-01-03, 2,2,97,6277, 368269.6
Monica_Vitti, 1931-11-03, 3,31,97,269, 70731.44444
Nino_Rota, 1911-12-03, 2,3,97,4157, 60426.62857
Paul-Henri_Mathieu, 1982-01-12, 2,3,97,4201, 22166.15385
Pope_Clement_XIV, 1705-10-31, 2,43,97,281, 16546.94828
Saul_Kripke, 1940-11-13, 13,41,47,97, 35900.85185
Viktor_Yushchenko, 1954-02-23, 3,3,97,2789, 41953.59155
Vincent_Cassel, 1966-11-23, 3,83,97,101, 253333.3784
Will_Champion, 1978-07-31, 7,59,61,97, 52334.93103
Will_Sasso, 1975-05-24, 13,13,97,149, 59181.42308
