Alan_Arkin, 1934-03-26, 2,3,43,97,97, 123041.4706
Bertolt_Brecht, 1898-02-10, 2,5,19,97,131, 165095.987
Bette_Midler, 1945-12-01, 2,5,23,97,109, 162134.75
Christopher_Clavius, 1538-03-25, 3,3,5,97,523, 9088.518519
Don_DeLillo, 1936-11-20, 2,2,11,97,569, 76202.03846
Francis_Fukuyama, 1952-10-27, 2,2,2,97,3137, 60975.23256
Graham_Greene, 1904-10-02, 3,5,11,97,151, 71160.94828
Hugo_Weaving, 1960-04-04, 2,2,11,97,571, 251301.1463
James_Earl_Jones, 1931-01-17, 2,3,11,97,379, 214952.8889
John_Edwards_(musician), 1953-05-09, 2,3,47,89,97, 140393.2353
John_II_of_Castile, 1405-03-06, 2,3,11,97,349, 26944.66667
Juan_Gris, 1887-03-23, 3,3,11,97,251, 108732.0909
Kieran_Gibbs, 1989-09-26, 5,7,7,97,103, 50196.78788
Lal_Bahadur_Shastri, 1904-10-02, 3,5,11,97,151, 59880.78125
Louis_XI_of_France, 1423-07-03, 3,3,17,97,151, 39068.69231
Louis_de_Funès, 1914-07-31, 2,2,2,97,3119, 166622.1132
Robert_Musil, 1880-11-06, 3,5,5,97,331, 33001
Roberto_Benigni, 1952-10-27, 2,2,2,97,3137, 114306.7755
Umberto_I_of_Italy, 1844-03-14, 3,3,13,97,211, 27709.75556
Vincente_Minnelli, 1903-02-28, 3,19,19,23,97, 61020.18519
