Alan_Moore, 1953-11-18, 2434700, 2,2,5,5,97,251, 0, 0, 214341.8485
Brad_Renfro, 1982-07-25, 2445176, 2,2,2,23,97,137, 0, 0, 226666.0385
Franz_Kafka, 1883-07-03, 2408995, 5,97,4967, 0, 0, 196158.075
Ian_Curtis, 1956-07-15, 2435670, 2,3,3,3,3,5,31,97, 0, 0, 209369.3429
J._P._Morgan, 1837-04-17, 2392117, 7,13,97,271, 0, 0, 159735.7273
Jackson_Rathbone, 1984-12-14, 2446049, 97,151,167, 0, 0, 316283
James_Cromwell, 1940-01-27, 2429656, 2,2,2,31,97,101, 0, 0, 172301.1538
Javier_Pastore, 1989-06-20, 2447698, 2,11,31,37,97, 0, 0, 159857.6207
Joe_Satriani, 1956-07-15, 2435670, 2,3,3,3,3,5,31,97, 0, 0, 240564.2703
John_Wilkes_Booth, 1838-05-10, 2392505, 5,97,4933, 0, 0, 194745.0227
Josh_Holloway, 1969-07-20, 2440423, 97,139,181, 0, 0, 165153.8485
Leonardo_DiCaprio, 1974-11-11, 2442363, 3,7,11,97,109, 0, 0, 691050.3462
Mel_Gibson, 1956-01-03, 2435476, 2,2,97,6277, 0, 0, 368269.6
Michael_Fassbender, 1977-04-02, 2443236, 2,2,3,97,2099, 0, 0, 454186.0571
Milo_Ventimiglia, 1977-07-08, 2443333, 97,25189, 0, 0, 288907.5455
Morgan_Freeman, 1937-06-01, 2428686, 2,3,3,13,97,107, 0, 0, 432477.0909
Paul_McCartney, 1942-06-18, 2430529, 97,25057, 0, 0, 383630.1136
Roald_Dahl, 1916-09-13, 2421120, 2,2,2,2,2,2,2,3,5,13,97, 0, 0, 261161.2745
Roger_Ebert, 1942-06-18, 2430529, 97,25057, 0, 0, 274734.1212
Sheryl_Crow, 1962-02-11, 2437707, 3,97,8377, 0, 0, 183813.1081
Vincent_Cassel, 1966-11-23, 2439453, 3,83,97,101, 0, 0, 253333.3784
