Adolf_von_Baeyer, 1835-10-31, 2,3,199,2003, 10261.73077
Alexander_Fleming, 1881-08-06, 2,3,199,2017, 115845.3951
Alexander_Khalifman, 1966-01-18, 7,17,103,199, 5628.771429
Baruj_Benacerraf, 1920-10-29, 2,3,199,2029, 10031.66667
Christopher_Lloyd, 1938-10-22, 3,13,199,313, 241213.8378
Derek_Jacobi, 1938-10-22, 3,13,199,313, 117191.5385
Emma_Roberts, 1991-02-10, 3,3,199,1367, 681507.5313
Jacob_Burckhardt, 1818-05-25, 2,13,199,461, 32378.35484
Jane_Wyman, 1917-01-05, 23,23,23,199, 70071.45455
Kurt_Cobain, 1967-02-20, 13,23,41,199, 679065.5147
Leonard_Bernstein, 1918-08-25, 2,5,199,1217, 103604.25
Paul_Klee, 1879-12-18, 3,37,109,199, 133985.5192
Peter_Tosh, 1944-10-19, 2,41,149,199, 145462.9667
Pierre-Gilles_de_Gennes, 1932-10-24, 2,2,199,3049, 13572.54762
Robert_Mundell, 1932-10-24, 2,2,199,3049, 19488.59375
Roberto_Di_Matteo, 1970-05-29, 5,11,199,223, 112037.7838
Stijn_Schaars, 1984-01-11, 2,5,199,1229, 21052.23333
Wilhelm_Steinitz, 1836-05-17, 7,17,101,199, 15322.66667
