Anne_Rice, 1941-10-04, 2430272, 2,2,2,2,2,2,13,23,127, 0, 0, 139508
Benicio_del_Toro, 1967-02-19, 2439541, 13,23,41,199, 0, 0, 199864.2368
F._Scott_Fitzgerald, 1896-09-24, 2413827, 3,3,3,13,13,23,23, 0, 0, 213149.0508
Ferdinand_II_of_Aragon, 1452-03-10, 2251470, 2,3,5,13,23,251, 0, 0, 66013.89091
Gabriel_Agbonlahor, 1986-10-13, 2446717, 7,7,13,23,167, 0, 0, 53726.48485
Jerry_Lewis, 1926-03-16, 2424591, 3,3,13,17,23,53, 0, 0, 300946.4138
Jonás_Gutiérrez, 1983-07-05, 2445521, 13,23,8179, 0, 0, 32791.46875
Katie_Leung, 1987-08-08, 2447016, 2,2,2,3,11,13,23,31, 0, 0, 82028.83871
Kim_Il-sung, 1912-04-15, 2419508, 2,2,7,13,17,17,23, 0, 0, 146347.3289
Marie_Louise,_Duchess_of_Parma, 1791-12-12, 2375555, 5,7,13,23,227, 0, 0, 36425.18919
Mother_Teresa, 1910-08-26, 2418910, 2,5,13,23,809, 0, 0, 298469.6139
Paul_Gauguin, 1848-06-07, 2396186, 2,13,23,4007, 0, 0, 126253.2317
Pietro_Aretino, 1492-04-20, 2266121, 11,13,13,23,53, 0, 0, 27723.35484
Pío_Baroja, 1872-12-28, 2405156, 2,2,13,23,2011, 0, 0, 36410.125
Robert_Moog, 1934-05-23, 2427581, 13,23,23,353, 0, 0, 177751.8919
Sergio_Agüero, 1988-06-02, 2447315, 5,13,23,1637, 0, 0, 222520.875
Sirhan_Sirhan, 1944-03-19, 2431169, 13,23,47,173, 0, 0, 177627.8889
Steve_Redgrave, 1962-03-23, 2437747, 13,23,31,263, 0, 0, 44215.88462
Uwe_Seeler, 1936-11-05, 2428478, 2,13,23,31,131, 0, 0, 36777.91667
Zheng_Jie, 1983-07-05, 2445521, 13,23,8179, 0, 0, 20622
Édouard_Manet, 1832-01-23, 2390206, 2,7,13,23,571, 0, 0, 114859.9863
