Alizé_Cornet, 1990-01-22, 3,13,23,2729, 24561.17857
Antoine_Lavoisier, 1743-08-26, 2,13,23,3943, 126016.0133
Erwin_Neher, 1944-03-20, 13,23,47,173, 8000.548387
Gary_Cahill, 1985-12-19, 2,13,23,4091, 71426.93548
Jakaya_Kikwete, 1950-10-07, 3,13,23,2713, 17552.65714
Jan_Neruda, 1834-07-09, 11,13,23,727, 25582.58065
Kurt_Cobain, 1967-02-20, 13,23,41,199, 679065.5147
Theodore_William_Richards, 1868-01-31, 2,13,23,4019, 5564.707317
Vyacheslav_Molotov, 1890-03-09, 5,13,23,1613, 62059.30909
Émile_Lahoud, 1936-01-12, 3,13,23,2707, 12075.85294
