Caster_Semenya, 1991-01-07, 2448264, 2,2,2,3,7,13,19,59, 0, 0, 113576.6071
Eden_Hazard, 1991-01-07, 2448264, 2,2,2,3,7,13,19,59, 0, 0, 240831.7568
Erich_Raeder, 1876-04-24, 2406369, 3,7,19,37,163, 0, 0, 42112.61364
Fabio_Grosso, 1977-11-28, 2443476, 2,2,3,7,19,1531, 0, 0, 62542.40541
Felix_Bloch, 1905-10-23, 2417142, 2,3,7,13,19,233, 0, 0, 10487.44
Ferdinand_von_Lindemann, 1852-04-12, 2397591, 3,3,7,19,2003, 0, 0, 9393.903226
Frederick_V,_Elector_Palatine, 1596-08-26, 2304225, 3,3,5,5,7,7,11,19, 0, 0, 8792.25
Friedrich_Georg_Wilhelm_von_Struve, 1793-04-15, 2376045, 3,3,5,7,19,397, 0, 0, 5553.75
George_Peppard, 1928-10-01, 2425521, 3,7,19,6079, 0, 0, 203965.0769
Hilary_Duff, 1987-09-28, 2447067, 3,7,19,6133, 0, 0, 545032.2759
Horst_Seehofer, 1949-07-04, 2433102, 2,3,7,19,3049, 0, 0, 42283.10345
John_Bonham, 1948-05-31, 2432703, 3,7,7,13,19,67, 0, 0, 198457.2791
Juliusz_Słowacki, 1809-09-04, 2382030, 2,3,3,5,7,19,199, 0, 0, 79692.86667
Kim_Novak, 1933-02-13, 2427117, 3,7,7,11,19,79, 0, 0, 138737.0303
Mads_Mikkelsen, 1965-11-22, 2439087, 3,7,19,6113, 0, 0, 213072.3571
Maximilian_Schell, 1930-12-08, 2426319, 3,3,7,19,2027, 0, 0, 53683.9
Nancy_Ajram, 1983-05-16, 2445471, 3,3,3,3,7,19,227, 0, 0, 102775.75
Paul_Biya, 1933-02-13, 2427117, 3,7,7,11,19,79, 0, 0, 22354.29545
Steve_Vai, 1960-06-06, 2437092, 2,2,3,3,7,19,509, 0, 0, 213699.7632
Sébastien_Buemi, 1988-10-31, 2447466, 2,3,7,19,3067, 0, 0, 19211.47059
