Alcide_De_Gasperi, 1881-04-03, 2408174, 2,19,127,499, 0, 0, 34880.21951
Billy_Crystal, 1948-03-14, 2432625, 3,5,5,5,13,499, 0, 0, 136676.8
Guy_Ritchie, 1968-09-10, 2440110, 2,3,5,163,499, 0, 0, 232787.8684
Kenny_Rogers, 1938-08-21, 2429132, 2,2,499,1217, 0, 0, 160632.4118
Lewis_Carroll, 1832-01-27, 2390210, 2,5,479,499, 0, 0, 152821.3165
Lope_de_Vega, 1562-11-25, 2291907, 3,499,1531, 0, 0, 107432.96
Maggie_Grace, 1983-09-21, 2445599, 13,13,29,499, 0, 0, 253144.2813
Mark_Wahlberg, 1971-06-05, 2441108, 2,2,499,1223, 0, 0, 647166.5
Murad_III, 1546-07-04, 2285919, 3,3,499,509, 0, 0, 30064.33333
Peter_Falk, 1927-09-16, 2425140, 2,2,3,3,3,3,3,5,499, 0, 0, 161894.8636
Porfirio_Díaz, 1830-09-15, 2389711, 499,4789, 0, 0, 175135.9773
Robert_Wadlow, 1918-02-22, 2421647, 23,211,499, 0, 0, 223082.7949
Thaksin_Shinawatra, 1949-07-26, 2433124, 2,2,23,53,499, 0, 0, 72939.35294
