Alessandra_Ambrosio, 1981-04-11, 2,3,3,11,12347, 260149.3889
Alois_Alzheimer, 1864-06-14, 3,3,11,19,1277, 25423.73333
Chuck_Berry, 1926-10-18, 3,3,7,11,3499, 210749.1667
Debbie_Harry, 1945-07-01, 2,3,3,11,12281, 203803.7407
Federica_Pellegrini, 1988-08-05, 3,3,11,59,419, 75842.34615
Francis_Ford_Coppola, 1939-04-07, 3,3,11,53,463, 196284.1053
Gus_Grissom, 1926-04-03, 3,3,11,19,1289, 74418.60714
Heidi_Klum, 1973-06-01, 3,3,5,11,4933, 364413
Helen_Hayes, 1900-10-10, 3,3,11,31,787, 37545.93939
Jeffrén_Suárez, 1988-01-20, 3,3,11,19,1301, 75520.34483
John_Maynard_Keynes, 1883-06-05, 3,3,3,11,8111, 135146.6196
Jon_Voight, 1938-12-29, 2,3,3,11,12269, 218788.1731
Jonathan_Demme, 1944-02-22, 3,3,11,13,1889, 45121.41176
Klaus_Kinski, 1926-10-18, 3,3,7,11,3499, 186547.2703
Le_Corbusier, 1887-10-06, 3,3,11,13,1873, 125251.9813
Mariza, 1973-12-16, 3,3,11,17,1451, 32927.14815
Romain_Rolland, 1866-01-29, 3,3,7,11,3467, 26411.95455
Steven_Seagal, 1952-04-10, 3,3,11,23,1069, 446095.6667
Syngman_Rhee, 1875-04-18, 3,3,3,11,8101, 51488
William_Hanna, 1910-07-14, 3,3,11,53,461, 56274.93333
Zhang_Ziyi, 1979-02-09, 2,3,3,11,12343, 175378.907
