Anabel_Medina_Garrigues, 1982-07-31, 2445182, 2,37,173,191, 0, 0, 12640.71875
Charles_Dickens, 1812-02-07, 2382916, 2,2,191,3119, 0, 0, 246553.3043
Christian_Klien, 1983-02-07, 2445373, 7,31,59,191, 0, 0, 18576
David_II_of_Scotland, 1324-03-05, 2204713, 7,17,97,191, 0, 0, 16795.4375
Donald_J._Cram, 1919-04-22, 2422071, 3,3,191,1409, 0, 0, 7246.967742
Edward_Albee, 1928-03-12, 2425318, 2,7,191,907, 0, 0, 44410.25806
Jack_Steinberger, 1921-05-25, 2422835, 5,43,59,191, 0, 0, 10915.40541
James_Mason, 1909-05-15, 2418442, 2,13,191,487, 0, 0, 86869.69697
Karl_Popper, 1902-07-28, 2415959, 7,13,139,191, 0, 0, 125493.5714
Nelly_Furtado, 1978-12-02, 2443845, 3,5,191,853, 0, 0, 217296.7097
Simon_Rolfes, 1982-01-21, 2444991, 3,17,191,251, 0, 0, 24718.39286
