Abdullah_Gül, 1950-10-29, 2433584, 2,2,2,2,17,23,389, 0, 0, 37440.98551
Ada_Lovelace, 1815-12-10, 2384318, 2,17,23,3049, 0, 0, 216760.9672
Barry_Levinson, 1942-04-06, 2430456, 2,2,2,3,7,17,23,37, 0, 0, 47865.37037
Chaim_Herzog, 1918-09-17, 2421854, 2,17,19,23,163, 0, 0, 16997.2
Fábio_Aurélio, 1979-09-24, 2444141, 7,17,19,23,47, 0, 0, 41001.60606
George_Kennedy, 1925-02-18, 2424200, 2,2,2,5,5,17,23,31, 0, 0, 86832.03704
Gisela_Dulko, 1985-01-30, 2446096, 2,2,2,2,17,17,23,23, 0, 0, 36220.03448
Janeane_Garofalo, 1964-09-28, 2438667, 3,3,3,3,7,11,17,23, 0, 0, 156328.2222
Jerry_Lewis, 1926-03-16, 2424591, 3,3,13,17,23,53, 0, 0, 300946.4138
Jimmy_Floyd_Hasselbaink, 1972-03-27, 2441404, 2,2,7,17,23,223, 0, 0, 61704.29032
John_Ford, 1894-02-01, 2412861, 3,11,11,17,17,23, 0, 0, 60659.30612
John_Lee_Hooker, 1917-08-22, 2421463, 11,17,23,563, 0, 0, 92467.83333
Kim_Il-sung, 1912-04-15, 2419508, 2,2,7,13,17,17,23, 0, 0, 146347.3289
Method_Man, 1971-03-02, 2441013, 3,17,23,2081, 0, 0, 269969.8929
