BoA, 1986-11-05, 2446740, 2,2,3,3,3,5,23,197, 0, 0, 244977.5588
Buddy_Holly, 1936-09-07, 2428419, 3,7,197,587, 0, 0, 212139.76
Carlos_Alberto_Parreira, 1943-02-27, 2430783, 3,3,3,197,457, 0, 0, 32641.23529
Chris_Hemsworth, 1983-08-11, 2445558, 2,3,197,2069, 0, 0, 763770
Clark_Gable, 1901-02-01, 2415417, 3,61,67,197, 0, 0, 182093.9828
Claudio_Pizarro, 1978-10-03, 2443785, 3,5,197,827, 0, 0, 115654.1176
Empress_Elisabeth_of_Austria, 1837-12-24, 2392368, 2,2,2,2,3,11,23,197, 0, 0, 208457.3111
Gerald_Asamoah, 1978-10-03, 2443785, 3,5,197,827, 0, 0, 42561.6129
Gianluca_Zambrotta, 1977-02-19, 2443194, 2,3,3,13,53,197, 0, 0, 70723.48837
Jack_White, 1975-07-09, 2442603, 3,197,4133, 0, 0, 221805.9677
Kasper_Schmeichel, 1986-11-05, 2446740, 2,2,3,3,3,5,23,197, 0, 0, 72307.81481
Khalid_Boulahrouz, 1981-12-28, 2444967, 3,3,7,197,197, 0, 0, 54866.02632
Leo_Baekeland, 1863-11-14, 2401824, 2,2,2,2,2,3,127,197, 0, 0, 16239.25806
Naveen_Andrews, 1969-01-17, 2440239, 3,197,4129, 0, 0, 127790.0882
Paul_Giamatti, 1967-06-06, 2439648, 2,2,2,2,2,3,3,43,197, 0, 0, 171443.7576
Queen_Rania_of_Jordan, 1970-08-31, 2440830, 2,3,5,7,59,197, 0, 0, 148003.2105
Rudolf_Carnap, 1891-05-18, 2411871, 3,7,11,53,197, 0, 0, 25429.05556
Shelton_Benjamin, 1975-07-09, 2442603, 3,197,4133, 0, 0, 140906.0769
Sienna_Miller, 1981-12-28, 2444967, 3,3,7,197,197, 0, 0, 315693.3684
Tansu_Çiller, 1946-05-24, 2431965, 3,5,197,823, 0, 0, 30389.47059
Tiësto, 1969-01-17, 2440239, 3,197,4129, 0, 0, 241800.5455
