Andrea_Pirlo, 1979-05-19, 2444013, 3,3,3,3,11,13,211, 0, 0, 186067.6842
Andrei_Grechko, 1903-10-04, 2416392, 2,2,2,3,3,3,3,3,11,113, 0, 0, 8287.785714
Diego_Forlán, 1979-05-19, 2444013, 3,3,3,3,11,13,211, 0, 0, 198126.9259
Elizabeth_Barrett_Browning, 1806-03-06, 2380752, 2,2,2,2,3,3,3,3,11,167, 0, 0, 52032.55556
Emmy_Rossum, 1986-09-12, 2446686, 2,3,3,3,3,11,1373, 0, 0, 112408.7381
Ernst_Kaltenbrunner, 1903-10-04, 2416392, 2,2,2,3,3,3,3,3,11,113, 0, 0, 65302.60976
Françoise_Sagan, 1935-06-21, 2427975, 3,3,3,3,5,5,11,109, 0, 0, 64807.75676
Fritz_Walter, 1920-10-31, 2422629, 3,3,3,3,11,2719, 0, 0, 26104
Gustav_Fechner, 1801-04-19, 2378970, 2,3,3,3,3,3,5,11,89, 0, 0, 18864.6
Janeane_Garofalo, 1964-09-28, 2438667, 3,3,3,3,7,11,17,23, 0, 0, 156328.2222
Nicolas_Léonard_Sadi_Carnot, 1796-06-01, 2377188, 2,2,3,3,3,3,11,23,29, 0, 0, 20451.72727
Pyotr_Stolypin, 1862-04-14, 2401245, 3,3,3,3,5,7,7,11,11, 0, 0, 23055.94118
Yuto_Nagatomo, 1986-09-12, 2446686, 2,3,3,3,3,11,1373, 0, 0, 197370.2308
