Eden_Hazard, 1991-01-07, 2448264, 2,2,2,3,7,13,19,59, 0, 0, 240831.7568
Gerald_Ford, 1913-07-14, 2419963, 7,7,13,29,131, 0, 0, 146608.7113
Gianni_Versace, 1946-12-02, 2432157, 3,7,13,59,151, 0, 0, 142948.4359
Ilona_Staller, 1951-11-26, 2433977, 7,7,13,3821, 0, 0, 240297.8667
J._P._Morgan, 1837-04-17, 2392117, 7,13,97,271, 0, 0, 159735.7273
Jared_Padalecki, 1982-07-19, 2445170, 2,5,7,13,2687, 0, 0, 349159.1471
Joaquin_Phoenix, 1974-10-28, 2442349, 7,13,26839, 0, 0, 428683.1667
John_Bonham, 1948-05-31, 2432703, 3,7,7,13,19,67, 0, 0, 198457.2791
John_McEnroe, 1959-02-16, 2436616, 2,2,2,7,13,3347, 0, 0, 149544.7872
Josh_Radnor, 1974-07-29, 2442258, 2,3,3,3,7,7,13,71, 0, 0, 339447.7097
Kelsey_Grammer, 1955-02-21, 2435160, 2,2,2,3,5,7,13,223, 0, 0, 302374.5172
Kim_Il-sung, 1912-04-15, 2419508, 2,2,7,13,17,17,23, 0, 0, 146347.3289
Kristen_Stewart, 1990-04-09, 2447991, 3,3,7,7,7,13,61, 0, 0, 955837.0345
Larry_Hagman, 1931-09-21, 2426606, 2,7,13,67,199, 0, 0, 182938.9143
Madeleine_Stowe, 1958-08-18, 2436434, 2,7,11,13,1217, 0, 0, 163111
Mel_Brooks, 1926-06-28, 2424695, 5,7,13,73,73, 0, 0, 194183.4565
Michael_C._Hall, 1971-02-01, 2440984, 2,2,2,7,7,13,479, 0, 0, 383879.4571
Nina_Dobrev, 1989-01-09, 2447536, 2,2,2,2,7,13,41,41, 0, 0, 473772.2889
Roger_Waters, 1943-09-06, 2430974, 2,7,13,19,19,37, 0, 0, 246861.9556
Steve_McQueen, 1930-03-24, 2426060, 2,2,5,7,13,31,43, 0, 0, 281928.4259
Winston_Churchill, 1874-11-30, 2405858, 2,7,13,13219, 0, 0, 288094.5526
