André_Breton, 1896-02-19, 2413609, 11,17,12907, 0, 0, 80214.35294
Andy_Roddick, 1982-08-30, 2445212, 2,2,7,11,17,467, 0, 0, 164783
Bruce_Dickinson, 1958-08-07, 2436423, 3,11,17,43,101, 0, 0, 211911.225
Carlos_Valderrama, 1961-09-02, 2437545, 3,5,11,11,17,79, 0, 0, 87651.18919
Caroline,_Princess_of_Hanover, 1957-01-23, 2435862, 2,3,11,13,17,167, 0, 0, 103893.1
Eric_Idle, 1943-03-29, 2430813, 3,7,11,17,619, 0, 0, 114131.2941
Florence_Nightingale, 1820-05-12, 2385933, 3,11,17,4253, 0, 0, 150409.6049
Janeane_Garofalo, 1964-09-28, 2438667, 3,3,3,3,7,11,17,23, 0, 0, 156328.2222
Jesse_McCartney, 1987-04-09, 2446895, 5,11,17,2617, 0, 0, 401128.9211
John_Lee_Hooker, 1917-08-22, 2421463, 11,17,23,563, 0, 0, 92467.83333
John_Major, 1943-03-29, 2430813, 3,7,11,17,619, 0, 0, 65019.74576
Katie_Melua, 1984-09-16, 2445960, 2,2,2,3,5,11,17,109, 0, 0, 127300.8333
Konrad_Zuse, 1910-06-22, 2418845, 5,11,13,17,199, 0, 0, 74877.11364
Matt_Stone, 1971-05-26, 2441098, 2,11,17,61,107, 0, 0, 159636.5
Pope_Pius_XII, 1876-03-02, 2406316, 2,2,11,17,3217, 0, 0, 90632.89474
Raquel_Welch, 1940-09-05, 2429878, 2,11,17,73,89, 0, 0, 252577
Richard_Clayderman, 1953-12-28, 2434740, 2,2,3,5,7,11,17,31, 0, 0, 82192.22581
Robert_E._Lee, 1807-01-19, 2381071, 7,11,17,17,107, 0, 0, 206202.2453
Rowan_Atkinson, 1955-01-06, 2435114, 2,11,17,17,383, 0, 0, 305651.8824
Selim_II, 1524-05-28, 2277847, 11,13,17,937, 0, 0, 99343.98077
Vangelis, 1943-03-29, 2430813, 3,7,11,17,619, 0, 0, 135301.5217
