Allyson_Felix, 1985-11-18, 2446388, 2,2,7,41,2131, 0, 0, 66932.73077
Bryce_Dallas_Howard, 1981-03-02, 2444666, 2,7,41,4259, 0, 0, 363752.7778
Chloë_Sevigny, 1974-11-18, 2442370, 2,5,7,23,37,41, 0, 0, 305713.5357
Claudio_Caniggia, 1967-01-09, 2439500, 2,2,5,5,5,7,17,41, 0, 0, 70636.19355
Colin_McRae, 1968-08-05, 2440074, 2,3,7,13,41,109, 0, 0, 114889.5946
Gaël_Monfils, 1986-09-01, 2446675, 5,5,7,11,31,41, 0, 0, 53312.95122
Gennaro_Gattuso, 1978-01-09, 2443518, 2,3,3,7,11,41,43, 0, 0, 116553.5
Imelda_Staunton, 1956-01-09, 2435482, 2,7,41,4243, 0, 0, 97396.28571
John_Hannah_(actor), 1962-04-23, 2437778, 2,7,31,41,137, 0, 0, 45816.53846
Lil_Wayne, 1982-09-27, 2445240, 2,2,2,3,5,7,41,71, 0, 0, 1401836.674
Marine_Le_Pen, 1968-08-05, 2440074, 2,3,7,13,41,109, 0, 0, 62280.04918
Markus_Rosenberg, 1982-09-27, 2445240, 2,2,2,3,5,7,41,71, 0, 0, 35385.89655
Massimo_Oddo, 1976-06-14, 2442944, 2,2,2,2,2,2,7,7,19,41, 0, 0, 42181.78378
Nina_Dobrev, 1989-01-09, 2447536, 2,2,2,2,7,13,41,41, 0, 0, 473772.2889
Noah_Webster, 1758-10-16, 2363445, 3,3,3,5,7,41,61, 0, 0, 39217.87097
Peter_Schmeichel, 1963-11-18, 2438352, 2,2,2,2,3,3,7,41,59, 0, 0, 109452.093
Reba_McEntire, 1955-03-28, 2435195, 5,7,41,1697, 0, 0, 178099.6071
René_Guénon, 1886-11-15, 2410226, 2,7,13,17,19,41, 0, 0, 35919.21429
Robert_Bosch, 1861-09-23, 2401042, 2,7,41,47,89, 0, 0, 38654.18519
Ryo_Miyaichi, 1992-12-14, 2448971, 7,7,23,41,53, 0, 0, 128376.8148
William_Morris, 1834-03-24, 2390997, 3,7,41,2777, 0, 0, 109574.2093
