Alessandro_Manzoni, 1785-03-07, 2373084, 2,2,3,3,3,7,43,73, 0, 0, 72838.91489
Alex_Ferguson, 1941-12-31, 2430360, 2,2,2,3,3,5,43,157, 0, 0, 211358.4697
Alexander_Calder, 1898-07-22, 2414493, 3,3,17,43,367, 0, 0, 166234.6579
Alfred_Hitchcock, 1899-08-13, 2414880, 2,2,2,2,2,3,3,3,5,13,43, 0, 0, 232167.01
Andy_Schleck, 1985-06-10, 2446227, 3,3,3,7,7,43,43, 0, 0, 80539.12903
Angela_Gossow, 1974-11-05, 2442357, 3,3,43,6311, 0, 0, 99346.84615
Augusto_César_Sandino, 1895-05-18, 2413332, 2,2,3,3,43,1559, 0, 0, 41014.35484
Dado_Pršo, 1974-11-05, 2442357, 3,3,43,6311, 0, 0, 31431.25926
Gennaro_Gattuso, 1978-01-09, 2443518, 2,3,3,7,11,41,43, 0, 0, 116553.5
Giovanni_Battista_Tiepolo, 1696-03-05, 2340576, 2,2,2,2,2,3,3,3,3,3,7,43, 0, 0, 29500.7381
Hakan_Şükür, 1971-09-01, 2441196, 2,2,3,3,19,43,83, 0, 0, 80262.68421
Hun_Sen, 1952-08-05, 2434230, 2,3,3,5,17,37,43, 0, 0, 42468.96875
Lindsay_Lohan, 1986-07-02, 2446614, 2,3,3,29,43,109, 0, 0, 609891.7424
Margaret_Atwood, 1939-11-18, 2429586, 2,3,3,43,43,73, 0, 0, 83117.90476
Paul_Giamatti, 1967-06-06, 2439648, 2,2,2,2,2,3,3,43,197, 0, 0, 171443.7576
Peter_Stormare, 1953-08-27, 2434617, 3,3,3,3,3,43,233, 0, 0, 174557.4643
Rudolf_Hess, 1894-04-26, 2412945, 3,3,5,29,43,43, 0, 0, 157223.5439
Stendhal, 1783-01-23, 2372310, 2,3,3,5,43,613, 0, 0, 96563.30508
Steven_Pinker, 1954-09-18, 2435004, 2,2,3,3,11,11,13,43, 0, 0, 61697.31034
Timothy_Leary, 1920-10-22, 2422620, 2,2,3,3,5,43,313, 0, 0, 185760.3636
Wayne_Gretzky, 1961-01-26, 2437326, 2,3,3,43,47,67, 0, 0, 307944.697
