Anton_Makarenko, 1888-01-13, 2410650, 2,3,3,5,5,11,487, 0, 0, 26749.89286
Călin_Popescu-Tăriceanu, 1952-01-14, 2434026, 2,3,7,7,17,487, 0, 0, 8978.363636
Hicham_El_Guerrouj, 1974-09-14, 2442305, 5,17,59,487, 0, 0, 49132.84375
Huldrych_Zwingli, 1484-01-01, 2263089, 3,487,1549, 0, 0, 28262.61017
James_Mason, 1909-05-15, 2418442, 2,13,191,487, 0, 0, 86869.69697
LL_Cool_J, 1968-01-14, 2439870, 2,3,5,167,487, 0, 0, 379192.4
Lazare_Carnot, 1753-05-13, 2361463, 13,373,487, 0, 0, 19376.33333
Madeleine_Albright, 1937-05-15, 2428669, 487,4987, 0, 0, 73920.76087
Michel_Butor, 1926-09-14, 2424773, 13,383,487, 0, 0, 18570.7037
Mike_Oldfield, 1953-05-15, 2434513, 487,4999, 0, 0, 140655.5238
Otto_Klemperer, 1885-05-14, 2409676, 2,2,487,1237, 0, 0, 23054.57692
Patrice_Evra, 1981-05-15, 2444740, 2,2,5,251,487, 0, 0, 88425.64706
Robert_Robinson_(organic_chemist), 1886-09-13, 2410163, 7,7,101,487, 0, 0, 4549
Wilhelm_Wien, 1864-01-13, 2401884, 2,2,3,3,137,487, 0, 0, 10357.66038
Zara_Phillips, 1981-05-15, 2444740, 2,2,5,251,487, 0, 0, 185055.1429
