Arthur_Miller, 1915-10-17, 2420788, 2,2,587,1031, 0, 0, 116689.5238
Bertolt_Brecht, 1898-02-10, 2414331, 3,3,457,587, 0, 0, 165095.987
Buddy_Holly, 1936-09-07, 2428419, 3,7,197,587, 0, 0, 212139.76
Carl_XVI_Gustaf_of_Sweden, 1946-04-30, 2431941, 3,587,1381, 0, 0, 84927.04545
Erica_Durance, 1978-06-21, 2443681, 23,181,587, 0, 0, 174457.8148
Frances_Hodgson_Burnett, 1849-11-24, 2396721, 3,587,1361, 0, 0, 47737.10714
Gabrielle_Giffords, 1970-06-08, 2440746, 2,3,3,3,7,11,587, 0, 0, 131759.1892
Herbert_Kroemer, 1928-08-25, 2425484, 2,2,587,1033, 0, 0, 11286.66667
Ivan_Klasnić, 1980-01-29, 2444268, 2,2,3,347,587, 0, 0, 34959.55556
Ivan_V_of_Russia, 1666-09-06, 2329803, 3,3,3,3,7,7,587, 0, 0, 23646.95349
Johnny_Logan_(singer), 1954-05-13, 2434876, 2,2,17,61,587, 0, 0, 22435.03448
Simon_Kuznets, 1901-04-30, 2415505, 5,587,823, 0, 0, 15196.05128
Thomas_Cech, 1947-12-08, 2432528, 2,2,2,2,7,37,587, 0, 0, 7714
