Albert_Camus, 1913-11-07, 2420079, 3,29,27817, 0, 0, 190440.9053
Betty_Williams_(Nobel_laureate), 1943-05-22, 2430867, 3,29,27941, 0, 0, 8260.028571
Chauncey_Billups, 1976-09-25, 2443047, 3,29,28081, 0, 0, 96955.14815
Christian_B._Anfinsen, 1916-03-26, 2420949, 3,29,27827, 0, 0, 8349.138889
Eric_Allin_Cornell, 1961-12-19, 2437653, 3,29,28019, 0, 0, 12004.63889
Jacqueline_Kennedy_Onassis, 1929-07-28, 2425821, 3,29,27883, 0, 0, 335878.48
Jensen_Ackles, 1978-03-01, 2443569, 3,29,28087, 0, 0, 427212.7027
Jeremy_Renner, 1971-01-07, 2440959, 3,29,28057, 0, 0, 128346.1504
Kristen_Bell, 1980-07-18, 2444439, 3,29,28097, 0, 0, 477923.8889
Michael_Dawson_(footballer), 1983-11-18, 2445657, 3,29,28111, 0, 0, 6526.69697
Petit_(Portuguese_footballer), 1976-09-25, 2443047, 3,29,28081, 0, 0, 7197.607143
Wallace_Shawn, 1943-11-12, 2431041, 3,29,27943, 0, 0, 91787.85185
