Al_Oerter, 1936-09-19, 2428431, 3,29,103,271, 0, 0, 11601.9
Allan_Kardec, 1804-10-03, 2380233, 3,29,109,251, 0, 0, 77545.625
Alvin_E._Roth, 1951-12-18, 2433999, 3,29,101,277, 0, 0, 10250.2
Attila_József, 1905-04-11, 2416947, 3,13,29,2137, 0, 0, 41750.40741
Doris_Lessing, 1919-10-22, 2422254, 2,3,29,13921, 0, 0, 47498.18919
Emerson_Ferreira_da_Rosa, 1976-04-04, 2442873, 3,29,43,653, 0, 0, 47049.02857
Frank-Walter_Steinmeier, 1956-01-05, 2435478, 2,3,29,13997, 0, 0, 32510.325
George_I_of_Great_Britain, 1660-05-28, 2327511, 3,29,31,863, 0, 0, 81657.05556
Gustav_Heinemann, 1899-07-23, 2414859, 3,29,41,677, 0, 0, 24123.36842
J._L._Austin, 1911-03-26, 2419122, 2,3,29,13903, 0, 0, 29363.46667
Jeremy_Lin, 1988-08-23, 2447397, 3,3,29,9377, 0, 0, 412149.7857
Jesse_Spencer, 1979-02-12, 2443917, 3,7,29,4013, 0, 0, 211315.2667
Martin_Gardner, 1914-10-21, 2420427, 3,29,43,647, 0, 0, 31708.74286
Max_Weber, 1864-04-21, 2401983, 3,3,29,9203, 0, 0, 196228.7303
Moritz_Leuenberger, 1946-09-21, 2432085, 3,5,29,5591, 0, 0, 12584.37037
Ossip_Zadkine, 1890-07-04, 2411553, 3,29,53,523, 0, 0, 13813.73077
Pope_Clement_VII, 1478-05-26, 2261043, 3,3,29,8663, 0, 0, 24759.62295
Serena_Williams, 1981-09-26, 2444874, 2,3,29,14051, 0, 0, 229302.8209
Taio_Cruz, 1985-04-23, 2446179, 3,29,31,907, 0, 0, 268347.8571
Tennessee_Williams, 1911-03-26, 2419122, 2,3,29,13903, 0, 0, 111983.7963
Vito_Mannone, 1988-03-02, 2447223, 3,23,29,1223, 0, 0, 45417.82759
