Albert_Camus, 1913-11-07, 2420079, 3,29,27817, 0, 0, 190440.9053
Daron_Malakian, 1975-07-18, 2442612, 2,2,3,29,7019, 0, 0, 155659.4324
Giovani_dos_Santos, 1989-05-11, 2447658, 2,3,3,3,3,29,521, 0, 0, 181366.0541
Hank_Aaron, 1934-02-05, 2427474, 2,3,7,29,1993, 0, 0, 132335.8462
Jacqueline_Kennedy_Onassis, 1929-07-28, 2425821, 3,29,27883, 0, 0, 335878.48
Jensen_Ackles, 1978-03-01, 2443569, 3,29,28087, 0, 0, 427212.7027
Jeremy_Lin, 1988-08-23, 2447397, 3,3,29,9377, 0, 0, 412149.7857
Jeremy_Renner, 1971-01-07, 2440959, 3,29,28057, 0, 0, 128346.1504
Jesse_Spencer, 1979-02-12, 2443917, 3,7,29,4013, 0, 0, 211315.2667
Keri_Hilson, 1982-12-05, 2445309, 3,3,3,3,3,29,347, 0, 0, 290769.3333
Kristen_Bell, 1980-07-18, 2444439, 3,29,28097, 0, 0, 477923.8889
Lindsay_Lohan, 1986-07-02, 2446614, 2,3,3,29,43,109, 0, 0, 609891.7424
Max_Weber, 1864-04-21, 2401983, 3,3,29,9203, 0, 0, 196228.7303
Mike_Myers, 1963-05-25, 2438175, 3,5,5,19,29,59, 0, 0, 160244.0513
Rachel_McAdams, 1978-11-17, 2443830, 2,3,5,29,53,53, 0, 0, 626933.5366
Robert_De_Niro, 1943-08-17, 2430954, 2,3,3,29,4657, 0, 0, 382886.6585
Rudolf_Hess, 1894-04-26, 2412945, 3,3,5,29,43,43, 0, 0, 157223.5439
Scatman_John, 1942-03-13, 2430432, 2,2,2,2,2,3,3,3,29,97, 0, 0, 150487.0645
Serena_Williams, 1981-09-26, 2444874, 2,3,29,14051, 0, 0, 229302.8209
Sergey_Brin, 1973-08-21, 2441916, 2,2,3,3,29,2339, 0, 0, 138490.322
Taio_Cruz, 1985-04-23, 2446179, 3,29,31,907, 0, 0, 268347.8571
