Dileita_Mohamed_Dileita, 1958-03-12, 2436275, 5,5,19,23,223, 0, 0, 5061.038462
Gabriella_Cilmi, 1991-10-10, 2448540, 2,2,3,3,5,61,223, 0, 0, 133658.9231
Kelsey_Grammer, 1955-02-21, 2435160, 2,2,2,3,5,7,13,223, 0, 0, 302374.5172
Muhammad_Zia-ul-Haq, 1924-08-12, 2424010, 2,5,223,1087, 0, 0, 34806.275
Nuno_Gomes, 1976-07-05, 2442965, 5,7,223,313, 0, 0, 60882.65789
Park_Geun-hye, 1952-02-02, 2434045, 5,37,59,223, 0, 0, 60784.65957
Peter_Handke, 1942-12-06, 2430700, 2,2,5,5,109,223, 0, 0, 33781.69231
Peter_Mansfield, 1933-10-09, 2427355, 5,7,223,311, 0, 0, 9638.75
René_Laennec, 1781-02-17, 2371605, 3,5,223,709, 0, 0, 15715.63636
Théophile_Gautier, 1811-08-30, 2382755, 5,223,2137, 0, 0, 54525.06977
Xherdan_Shaqiri, 1991-10-10, 2448540, 2,2,3,3,5,61,223, 0, 0, 125993.7037
