Afonso_V_of_Portugal, 1432-01-15, 2,5,11,23,887, 21701.69231
Andy_Warhol, 1928-08-06, 5,7,23,23,131, 343545.84
Corey_Taylor, 1973-12-08, 5,5,23,31,137, 356730.0357
Dileita_Mohamed_Dileita, 1958-03-12, 5,5,19,23,223, 5061.038462
Jean_Genet, 1910-12-19, 5,5,7,23,601, 58414.48718
Jesse_James, 1847-09-05, 2,5,11,23,947, 429359.5556
Klemens_von_Metternich, 1773-05-15, 2,3,5,23,3433, 39558.32075
Leo_IV_the_Khazar, 0750-01-25, 2,2,5,23,4337, 6863.973684
Lion_Feuchtwanger, 1884-07-07, 5,7,23,41,73, 22209.65714
Luca_Toni, 1977-05-26, 2,3,5,23,3541, 169484.9524
Marie_Louise,_Duchess_of_Parma, 1791-12-12, 5,7,13,23,227, 36425.18919
Mother_Teresa, 1910-08-26, 2,5,13,23,809, 298469.6139
Otto_Skorzeny, 1908-06-12, 3,5,23,43,163, 80205.65854
Patricia_Arquette, 1968-04-08, 5,7,7,23,433, 223049.1818
Roger_Glover, 1945-11-30, 2,5,23,97,109, 47004.25
