Alejo_Carpentier, 1904-12-26, 2,2,2,5,23,37,71, 49106.79412
Fyodor_Dostoyevsky, 1821-11-11, 2,2,2,2,5,23,1297, 118375.4956
George_Clooney, 1961-05-06, 3,3,3,5,5,23,157, 486602.5556
Ivan_Mazepa, 1639-03-30, 2,2,3,5,23,41,41, 29639.78571
John_Belushi, 1949-01-24, 2,2,3,5,23,41,43, 343435.6061
Jude_Law, 1972-12-29, 2,2,2,2,5,23,1327, 366541.8679
Kevin_Costner, 1955-01-18, 5,5,5,7,11,11,23, 263942.4576
Nguyễn_Minh_Triết, 1942-10-08, 2,2,2,2,5,23,1321, 26102.58333
Wangari_Maathai, 1940-04-01, 2,2,2,5,19,23,139, 35928.8209
Yann_Tiersen, 1970-06-23, 2,2,2,5,7,23,379, 115934.2222
