Abdus_Salam, 1926-01-29, 5,23,29,727, 33437.04444
Adewale_Akinnuoye-Agbaje, 1967-08-22, 5,5,23,4243, 144664.6207
Aimé_Césaire, 1913-06-26, 5,11,23,1913, 64987.58065
Andrew_Huxley, 1917-11-22, 3,5,23,7019, 10352.4186
Antonio_Nocerino, 1985-04-09, 5,23,89,239, 47533.55263
Dev_Patel, 1990-04-23, 5,7,23,3041, 290469.8387
Eyvind_Johnson, 1900-07-29, 2,5,23,10501, 7798.142857
Imre_Kertész, 1929-11-09, 5,5,23,4219, 19437.42188
Iveta_Radičová, 1956-12-07, 5,23,59,359, 13756.6875
Jacob_Burckhardt, 1818-05-25, 5,7,23,2963, 32378.35484
Joseph_Bonaparte, 1768-01-07, 5,11,23,1871, 45084.08163
Larry_Bird, 1956-12-07, 5,23,59,359, 236042.4103
Layne_Staley, 1967-08-22, 5,5,23,4243, 275573
Liu_Xiaobo, 1955-12-28, 2,5,23,10589, 66545.35211
Lucille_Ball, 1911-08-06, 5,23,109,193, 305706.5625
Sergio_Agüero, 1988-06-02, 5,13,23,1637, 222520.875
Tyson_Chandler, 1982-10-02, 5,11,23,1933, 101392.1154
Wernher_von_Braun, 1912-03-23, 3,5,23,7013, 114386.1228
William_III_of_the_Netherlands, 1817-02-19, 5,23,89,233, 47078.18182
Wladimir_Köppen, 1846-09-25, 5,23,37,563, 14812.03125
