Adolf_Erik_Nordenskiöld, 1832-11-18, 3,5,13,13,23,41, 12152.2963
Aristides_Pereira, 1923-11-17, 2,2,5,11,23,479, 4213.896552
Arturo_Pérez-Reverte, 1951-11-25, 3,5,5,17,23,83, 50282.93939
Blaise_Cendrars, 1887-09-01, 3,3,5,17,23,137, 36396.65517
Carole_Lombard, 1908-10-06, 2,2,5,7,23,751, 101030.2903
Cyndi_Lauper, 1953-06-22, 2,5,5,23,29,73, 308153.8293
Dieter_Bohlen, 1954-02-07, 2,2,5,23,67,79, 121620.0732
Eva_Marie_Saint, 1924-07-04, 2,3,3,5,23,1171, 77814.78571
François_Mauriac, 1885-10-11, 3,5,5,11,23,127, 22711.39344
Gisele_Bündchen, 1980-07-20, 2,2,2,5,23,2657, 317453.6154
Ilie_Năstase, 1946-07-19, 2,2,5,17,23,311, 39371.2
Ivan_Mazepa, 1639-03-30, 2,2,3,5,23,1681, 29639.78571
Jawaharlal_Nehru, 1889-11-14, 2,2,2,5,23,2621, 95017
Maria_Montessori, 1870-08-31, 3,3,5,23,23,101, 128557.1964
Mehmet_Scholl, 1970-10-16, 3,5,5,5,23,283, 65934.1875
Sin-Itiro_Tomonaga, 1906-03-31, 2,2,5,5,23,1051, 16551.60465
