Alexander_R._Todd,_Baron_Todd, 1907-10-02, 2,3,3,3,3,3,5,5,199, 5105.96875
Andy_Serkis, 1964-04-20, 3,3,3,3,3,3,3,5,223, 208424.5758
Clemens_Fritz, 1980-12-07, 2,2,3,3,3,3,3,5,503, 20217.26667
Crispin_Glover, 1964-04-20, 3,3,3,3,3,3,3,5,223, 217362.75
Jean-Michel_Basquiat, 1960-12-22, 2,3,3,3,3,3,5,17,59, 208887.4194
John_Rhys-Davies, 1944-05-05, 3,3,3,3,3,3,5,23,29, 192904.5161
John_Terry, 1980-12-07, 2,2,3,3,3,3,3,5,503, 124617.4167
Magnus_Carlsen, 1990-11-30, 3,3,3,3,3,5,5,13,31, 96977.2766
Marshall_Allman, 1984-04-05, 3,3,3,3,3,3,5,11,61, 58934.61538
Michael_Shanks, 1970-12-15, 3,3,3,3,3,5,7,7,41, 80971.75862
Samuel_Morse, 1791-04-27, 3,3,3,3,3,5,5,17,23, 105263.1429
