Al_Pacino, 1940-04-25, 2429745, 3,5,161983, 0, 0, 418018.0274
Auguste_Comte, 1798-01-19, 2377785, 3,5,158519, 0, 0, 134159.9846
Bashar_al-Assad, 1965-09-11, 2439015, 3,5,162601, 0, 0, 156000.3429
David_Fincher, 1962-08-28, 2437905, 3,5,162527, 0, 0, 203381.6829
Dominic_Purcell, 1970-02-17, 2440635, 3,5,162709, 0, 0, 163224.9714
Fabio_Borini, 1991-03-29, 2448345, 3,5,163223, 0, 0, 101516.7667
Ferdinand_Porsche, 1875-09-03, 2406135, 3,5,160409, 0, 0, 72019.68889
Frank_Zappa, 1940-12-21, 2429985, 3,5,161999, 0, 0, 267436.1071
Hristo_Stoichkov, 1966-02-08, 2439165, 3,5,162611, 0, 0, 74728
Hugh_Hefner, 1926-04-09, 2424615, 3,5,161641, 0, 0, 546871.9474
Joe_Hart, 1987-04-19, 2446905, 3,5,163127, 0, 0, 94366.22727
Julian_McMahon, 1968-07-27, 2440065, 3,5,162671, 0, 0, 187108.8148
Karl_Marx, 1818-05-05, 2385195, 3,5,159013, 0, 0, 314864.473
Maria_Sharapova, 1987-04-19, 2446905, 3,5,163127, 0, 0, 222078.7945
Matisyahu, 1979-06-30, 2444055, 3,5,162937, 0, 0, 212960.0741
Moby, 1965-09-11, 2439015, 3,5,162601, 0, 0, 208834.1395
O._Henry, 1862-09-11, 2401395, 3,5,160093, 0, 0, 73049.23404
Queen_Sofía_of_Spain, 1938-11-02, 2429205, 3,5,161947, 0, 0, 81985.14286
Ron_Paul, 1935-08-20, 2428035, 3,5,161869, 0, 0, 210830.1017
Ryan_O'Neal, 1941-04-20, 2430105, 3,5,162007, 0, 0, 169879.4
Yukio_Mishima, 1925-01-14, 2424165, 3,5,161611, 0, 0, 171352.9074
