Barack_Obama, 1961-08-04, 3,3,5,54167, 562682.885
Billy_Joel, 1949-05-09, 3,5,19,8537, 301556.5135
Channing_Tatum, 1980-04-26, 3,3,5,54319, 932963
Charles_Dickens, 1812-02-07, 3,5,23,6907, 246553.3043
Damian_Marley, 1978-07-21, 2,3,5,81457, 312379.6923
Dennis_Hopper, 1936-05-17, 3,5,11,14717, 233161.0833
Drew_Barrymore, 1975-02-22, 3,3,5,54277, 429028.9423
Gabriel_García_Márquez, 1927-03-06, 3,5,41,3943, 191059.2524
Geri_Halliwell, 1972-08-06, 3,5,139,1171, 198251.4706
James_Brown, 1933-05-03, 3,5,103,1571, 200526.6207
Jet_Li, 1963-04-26, 3,3,5,54181, 420854.8333
Jimi_Hendrix, 1942-11-27, 2,3,5,81023, 475428.2892
Joe_Strummer, 1952-08-21, 3,5,11,14753, 228105.8077
Jon_Bon_Jovi, 1962-03-02, 3,5,5,32503, 297354.7333
Jordana_Brewster, 1980-04-26, 3,3,5,54319, 394103.2759
Josh_Hartnett, 1978-07-21, 2,3,5,81457, 302689.641
Justin_Bartha, 1978-07-21, 2,3,5,81457, 260244.7037
Keith_Moon, 1946-08-23, 3,5,281,577, 253604.069
Leelee_Sobieski, 1983-06-10, 3,5,13,12541, 201184.6667
Noomi_Rapace, 1979-12-28, 3,5,47,3467, 315876.9
Sally_Field, 1946-11-06, 2,3,5,81071, 190634.25
