Ben_Bernanke, 1953-12-13, 3,3,3,5,5,3607, 166832.5135
Briana_Banks, 1978-05-21, 2,3,5,5,11,1481, 278049.4615
Cynthia_Nixon, 1966-04-09, 3,3,5,5,37,293, 204391.3103
Demi_Moore, 1962-11-11, 2,2,3,5,179,227, 396399.0143
Enrico_Berlinguer, 1922-05-15, 2,3,5,7,11,1049, 252491.1852
Jackie_Robinson, 1919-01-31, 2,3,3,5,17,1583, 327129.3438
Jason_Earles, 1977-04-26, 2,2,3,5,43,947, 356005
Kellan_Lutz, 1985-03-15, 2,2,3,5,59,691, 340049.3333
Larry_Ellison, 1944-08-17, 2,2,2,3,5,20261, 207032.069
LeAnn_Rimes, 1982-08-28, 2,3,3,5,101,269, 226345.3704
Mary_I_of_England, 1516-02-18, 3,5,5,7,7,619, 280028.0328
Melanie_Griffith, 1957-08-09, 2,2,3,5,11,3691, 229125.2632
Meryl_Streep, 1949-06-22, 2,3,5,11,73,101, 325459.9481
Michelle_Trachtenberg, 1985-10-11, 2,3,5,5,47,347, 368302.8966
Mike_Myers, 1963-05-25, 3,5,5,19,29,59, 160244.0513
Niki_Lauda, 1949-02-22, 2,3,3,3,5,9011, 182704.9362
Oskar_Schindler, 1908-04-28, 2,2,3,5,191,211, 259355.0392
Piet_Mondrian, 1872-03-07, 2,2,3,5,149,269, 185097.1731
Rachel_McAdams, 1978-11-17, 2,3,5,29,53,53, 626933.5366
Sasha_Grey, 1988-03-14, 3,3,5,7,17,457, 1061929.568
Tom_Welling, 1977-04-26, 2,2,3,5,43,947, 233908.9744
