50_Cent, 1975-07-06, 2442600, 2,2,2,3,3,5,5,23,59, 0, 0, 632055.6716
Aaliyah, 1979-01-16, 2443890, 2,3,5,81463, 0, 0, 410049.1667
Al_Pacino, 1940-04-25, 2429745, 3,5,161983, 0, 0, 418018.0274
Bam_Margera, 1979-09-28, 2444145, 3,5,11,14813, 0, 0, 453206.5556
Demi_Lovato, 1992-08-20, 2448855, 3,3,5,54419, 0, 0, 635892.8095
Fedor_Emelianenko, 1976-09-28, 2443050, 2,3,3,5,5,61,89, 0, 0, 571876.4286
Hayao_Miyazaki, 1941-01-05, 2430000, 2,2,2,2,3,3,3,3,3,5,5,5,5, 0, 0, 414062.75
Hayden_Panettiere, 1989-08-21, 2447760, 2,2,2,2,3,5,7,31,47, 0, 0, 537846.0213
Hugh_Hefner, 1926-04-09, 2424615, 3,5,161641, 0, 0, 546871.9474
Johnny_Depp, 1963-06-09, 2438190, 2,3,3,5,27091, 0, 0, 1037709.288
LeBron_James, 1984-12-30, 2446065, 3,3,3,5,18119, 0, 0, 606875.9412
Leighton_Meester, 1986-04-09, 2446530, 2,3,5,81551, 0, 0, 548303.4595
Lil_Wayne, 1982-09-27, 2445240, 2,2,2,3,5,7,41,71, 0, 0, 1401836.674
Matthew_McConaughey, 1969-11-04, 2440530, 2,3,3,3,3,5,23,131, 0, 0, 413178.9167
Nas, 1973-09-14, 2441940, 2,2,3,5,40699, 0, 0, 457749.4474
Rachel_McAdams, 1978-11-17, 2443830, 2,3,5,29,53,53, 0, 0, 626933.5366
Sasha_Grey, 1988-03-14, 2447235, 3,3,5,7,17,457, 0, 0, 1061929.568
Sean_Combs, 1969-11-04, 2440530, 2,3,3,3,3,5,23,131, 0, 0, 492898.4412
Seth_Rogen, 1982-04-15, 2445075, 3,3,5,5,10867, 0, 0, 487787.6563
Vin_Diesel, 1967-07-18, 2439690, 2,3,5,11,7393, 0, 0, 861818.1304
Will_Smith, 1968-09-25, 2440125, 3,3,3,3,5,5,5,241, 0, 0, 752834.4595
