Alex_Ferguson, 1941-12-31, 2430360, 2,2,2,3,3,5,43,157, 0, 0, 211358.4697
Alfred_Hitchcock, 1899-08-13, 2414880, 2,2,2,2,2,3,3,3,5,13,43, 0, 0, 232167.01
Burt_Reynolds, 1936-02-11, 2428210, 2,5,43,5647, 0, 0, 264935.0833
Dwight_D._Eisenhower, 1890-10-14, 2411655, 3,5,43,3739, 0, 0, 192452.8283
Edgar_Davids, 1973-03-13, 2441755, 5,41,43,277, 0, 0, 171887.8095
Emiliano_Zapata, 1879-08-08, 2407570, 2,5,11,43,509, 0, 0, 153499.2632
Henry_II_of_England, 1133-03-05, 2134950, 2,3,5,5,43,331, 0, 0, 106257.6842
James_Caan, 1940-03-26, 2429715, 3,5,43,3767, 0, 0, 180407.2778
Jason_Earles, 1977-04-26, 2443260, 2,2,3,5,43,947, 0, 0, 356005
John_Searle, 1932-07-31, 2426920, 2,2,2,5,17,43,83, 0, 0, 54174.17857
Nancy_Pelosi, 1940-03-26, 2429715, 3,5,43,3767, 0, 0, 133364.9792
Natalie_Portman, 1981-06-09, 2444765, 5,43,83,137, 0, 0, 583969.4487
Nikos_Kazantzakis, 1883-02-18, 2408860, 2,2,5,43,2801, 0, 0, 52374.80556
Otto_Skorzeny, 1908-06-12, 2418105, 3,5,23,43,163, 0, 0, 80205.65854
Rudolf_Hess, 1894-04-26, 2412945, 3,3,5,29,43,43, 0, 0, 157223.5439
Sara_Errani, 1987-04-29, 2446915, 5,19,43,599, 0, 0, 46350.06897
Stendhal, 1783-01-23, 2372310, 2,3,3,5,43,613, 0, 0, 96563.30508
Steve_McQueen, 1930-03-24, 2426060, 2,2,5,7,13,31,43, 0, 0, 281928.4259
Timothy_Leary, 1920-10-22, 2422620, 2,2,3,3,5,43,313, 0, 0, 185760.3636
Tom_Welling, 1977-04-26, 2443260, 2,2,3,5,43,947, 0, 0, 233908.9744
Tony_Shalhoub, 1953-10-09, 2434660, 2,2,5,19,43,149, 0, 0, 152837.3636
