Charles_Louis_Alphonse_Laveran, 1845-06-18, 2,2,5,5,43,557, 6309.761905
Donald_Tusk, 1957-04-22, 2,5,5,11,43,103, 55768.85714
Ferid_Murad, 1936-09-14, 3,3,5,5,43,251, 11925.24138
Frederick_II,_Holy_Roman_Emperor, 1194-12-26, 3,3,5,5,43,223, 34379.42857
Gustav_Klimt, 1862-07-14, 3,3,5,17,43,73, 211676.4571
Johnny_Logan_(singer), 1954-05-13, 3,5,5,5,43,151, 22435.03448
Juan_Silveira_dos_Santos, 1979-02-01, 3,3,3,5,43,421, 41088.08571
Judi_Dench, 1934-12-09, 2,2,3,5,43,941, 197975.3617
Louise_Bourgeois, 1911-12-25, 3,5,11,11,31,43, 56214.8125
Maximilian_I_of_Mexico, 1832-07-06, 2,3,5,17,43,109, 90432.6087
Raul_Meireles, 1983-03-17, 2,5,11,11,43,47, 98773.48889
Roald_Amundsen, 1872-07-16, 2,5,7,17,43,47, 41953.78814
