Cesc_Fàbregas, 1987-05-04, 2446920, 2,2,2,3,3,5,7,971, 0, 0, 181519.6087
Daniel_Nestor, 1972-09-04, 2441565, 3,3,5,7,23,337, 0, 0, 26080.51852
Dave_Brubeck, 1920-12-06, 2422665, 3,3,5,7,7691, 0, 0, 87315.07317
Elif_Şafak, 1971-10-25, 2441250, 2,3,3,5,5,5,5,7,31, 0, 0, 41302.69231
Eugenio_Montale, 1896-10-12, 2413845, 3,3,5,7,79,97, 0, 0, 38511.78333
Jim_Cummings, 1952-11-03, 2434320, 2,2,2,2,3,3,3,5,7,7,23, 0, 0, 120277.8846
Jorge_Lorenzo, 1987-05-04, 2446920, 2,2,2,3,3,5,7,971, 0, 0, 68922.12903
Juliusz_Słowacki, 1809-09-04, 2382030, 2,3,3,5,7,19,199, 0, 0, 79692.86667
Laurent-Désiré_Kabila, 1939-11-27, 2429595, 3,3,3,3,5,7,857, 0, 0, 24472.83333
Margaret_Mead, 1901-12-16, 2415735, 3,3,5,7,7669, 0, 0, 64016.8
Nat_King_Cole, 1919-03-17, 2422035, 3,3,3,5,7,11,233, 0, 0, 131799.625
Nicolas-Joseph_Cugnot, 1725-02-26, 2351160, 2,2,2,3,3,3,5,7,311, 0, 0, 33408.86667
Noah_Webster, 1758-10-16, 2363445, 3,3,3,5,7,41,61, 0, 0, 39217.87097
Pete_Conrad, 1930-06-02, 2426130, 2,3,3,5,7,3851, 0, 0, 36538.65517
Pyotr_Stolypin, 1862-04-14, 2401245, 3,3,3,3,5,7,7,11,11, 0, 0, 23055.94118
Richard_Simmons, 1948-07-12, 2432745, 3,3,5,7,7723, 0, 0, 134405.4286
Sasha_Grey, 1988-03-14, 2447235, 3,3,5,7,17,457, 0, 0, 1061929.568
Ted_Kennedy, 1932-02-22, 2426760, 2,2,2,3,3,3,3,5,7,107, 0, 0, 206382.3585
Tom_Selleck, 1945-01-29, 2431485, 3,3,3,5,7,31,83, 0, 0, 277634.5278
Victor_Vasarely, 1906-04-09, 2417310, 2,3,3,3,5,7,1279, 0, 0, 72000.2
Werner_von_Blomberg, 1878-09-02, 2407230, 2,3,3,5,7,3821, 0, 0, 38617.03226
