Allison_Mack, 1982-07-29, 2445180, 2,2,3,5,83,491, 0, 0, 130668.8214
AnnaSophia_Robb, 1993-12-08, 2449330, 2,5,13,83,227, 0, 0, 281830.5946
Bebé, 1990-07-12, 2448085, 5,17,83,347, 0, 0, 76247.19231
Cristiano_Lucarelli, 1975-10-04, 2442690, 2,3,3,3,5,83,109, 0, 0, 53019.53846
Damien_Duff, 1979-03-02, 2443935, 3,5,13,83,151, 0, 0, 40192.15789
Edward_G._Robinson, 1893-12-12, 2412810, 2,3,3,5,17,19,83, 0, 0, 81688.10714
Edward_I_of_England, 1239-06-17, 2173770, 2,3,3,3,5,83,97, 0, 0, 121767.5862
Eljero_Elia, 1987-02-13, 2446840, 2,2,2,5,11,67,83, 0, 0, 67714.44444
Emile_Heskey, 1978-01-11, 2443520, 2,2,2,2,2,2,2,2,5,23,83, 0, 0, 102361.275
Gideon_Sundback, 1880-04-24, 2407830, 2,3,5,83,967, 0, 0, 240902.9762
John_Kerry, 1943-12-11, 2431070, 2,5,29,83,101, 0, 0, 128333.8039
John_Searle, 1932-07-31, 2426920, 2,2,2,5,17,43,83, 0, 0, 54174.17857
Kurt_Angle, 1968-12-09, 2440200, 2,2,2,3,5,5,7,7,83, 0, 0, 324973.8889
Natalie_Portman, 1981-06-09, 2444765, 5,43,83,137, 0, 0, 583969.4487
Paul_Ince, 1967-10-21, 2439785, 5,83,5879, 0, 0, 70763.32143
Paul_Kruger, 1825-10-10, 2387910, 2,3,5,7,83,137, 0, 0, 33392.74194
Ronald_Coase, 1910-12-29, 2419035, 3,5,29,67,83, 0, 0, 30765.36585
Tim_Krul, 1988-04-03, 2447255, 5,83,5897, 0, 0, 43543.53846
Tom_Selleck, 1945-01-29, 2431485, 3,3,3,5,7,31,83, 0, 0, 277634.5278
Torsten_Frings, 1976-11-22, 2443105, 5,7,29,29,83, 0, 0, 44018.41026
Ville_Valo, 1976-11-22, 2443105, 5,7,29,29,83, 0, 0, 124567.1944
