Andrey_Markov, 1856-06-14, 3,5,41,47,83, 13355.25
AnnaSophia_Robb, 1993-12-08, 2,5,13,83,227, 281830.5946
Damien_Duff, 1979-03-02, 3,5,13,83,151, 40192.15789
Einar_Gerhardsen, 1897-05-10, 3,5,7,83,277, 13217.84615
Fritz_Todt, 1891-09-04, 2,2,5,83,1453, 23770.5
Gideon_Sundback, 1880-04-24, 2,3,5,83,967, 240902.9762
John_Kerry, 1943-12-11, 2,5,29,83,101, 128333.8039
Ronald_Coase, 1910-12-29, 3,5,29,67,83, 30765.36585
Torsten_Frings, 1976-11-22, 5,7,29,29,83, 44018.41026
Ville_Valo, 1976-11-22, 5,7,29,29,83, 124567.1944
