ATB, 1973-02-26, 2441740, 2,2,5,7,107,163, 0, 0, 62744.15625
André_the_Giant, 1946-05-19, 2431960, 2,2,2,5,163,373, 0, 0, 369799.8333
David_J._Wineland, 1944-02-24, 2431145, 5,19,157,163, 0, 0, 8575.564103
Elias_James_Corey, 1928-07-12, 2425440, 2,2,2,2,2,3,5,31,163, 0, 0, 12611.68571
Guy_Ritchie, 1968-09-10, 2440110, 2,3,5,163,499, 0, 0, 232787.8684
Juan_Rulfo, 1917-05-16, 2421365, 5,163,2971, 0, 0, 99016.89189
Karl_Ferdinand_Braun, 1850-06-06, 2396915, 5,17,163,173, 0, 0, 11337.83051
Ole_Gunnar_Solskjær, 1973-02-26, 2441740, 2,2,5,7,107,163, 0, 0, 82381.24324
Otto_Skorzeny, 1908-06-12, 2418105, 3,5,23,43,163, 0, 0, 80205.65854
Reinhard_Selten, 1930-10-05, 2426255, 5,13,163,229, 0, 0, 12930.58333
