Alfonso_XIII_of_Spain, 1886-05-17, 2,2,3,7,13,2207, 60057.09434
Anna_Chakvetadze, 1987-03-05, 2,2,3,5,13,3137, 20977.9697
Arne_Tiselius, 1902-08-10, 2,2,3,13,17,911, 6718.472222
Asamoah_Gyan, 1985-11-22, 2,2,2,3,13,7841, 81747.10256
Brook_Taylor, 1685-08-18, 2,2,3,3,13,4993, 16421.83333
Colin_Firth, 1960-09-10, 2,2,3,13,17,919, 280620.9216
Gackt, 1973-07-04, 2,2,3,11,13,1423, 304094.2857
Gerhard_Ertl, 1936-10-10, 2,2,3,3,13,5189, 17261.31818
Herbert_Spencer_Gasser, 1888-07-05, 2,2,2,3,13,7727, 5500.225806
Jean-Antoine_Watteau, 1684-10-10, 2,2,3,13,17,881, 40980.72093
Joseph_Henry, 1797-12-17, 2,2,2,3,13,7621, 24602.55263
Margaret,_Maid_of_Norway, 1283-04-09, 2,2,3,3,13,4679, 5403.038462
Norma_Shearer, 1902-08-10, 2,2,3,13,17,911, 44842
Novalis, 1772-05-02, 2,2,2,3,13,7591, 57428.16667
Sebastian_of_Portugal, 1554-01-20, 2,2,3,13,17,863, 29179.22581
