Alan_J._Pakula, 1928-04-07, 2425344, 2,2,2,2,2,2,2,2,2,3,1579, 0, 0, 23444.07143
Alfonso_Cuarón, 1961-11-28, 2437632, 2,2,2,2,2,2,2,2,2,3,3,23,23, 0, 0, 89554.37931
Antonio_José_de_Sucre, 1795-02-03, 2376704, 2,2,2,2,2,2,2,2,2,2,11,211, 0, 0, 71808.4
Ashley_Greene, 1987-02-21, 2446848, 2,2,2,2,2,2,2,2,2,3,3,3,3,59, 0, 0, 445138.6857
Brooke_Shields, 1965-05-31, 2438912, 2,2,2,2,2,2,2,2,7,1361, 0, 0, 360427.55
Ellen_Page, 1987-02-21, 2446848, 2,2,2,2,2,2,2,2,2,3,3,3,3,59, 0, 0, 452879.2553
Emile_Heskey, 1978-01-11, 2443520, 2,2,2,2,2,2,2,2,5,23,83, 0, 0, 102361.275
Erwin_Schrödinger, 1887-08-12, 2410496, 2,2,2,2,2,2,2,2,2,2,2,11,107, 0, 0, 95208.1413
François_Bayrou, 1951-05-25, 2433792, 2,2,2,2,2,2,2,2,3,3169, 0, 0, 36110.8125
Hamit_Altıntop, 1982-12-08, 2445312, 2,2,2,2,2,2,2,2,2,2,2,2,3,199, 0, 0, 95185.09302
Henri_Cartier-Bresson, 1908-08-22, 2418176, 2,2,2,2,2,2,2,2,2,4723, 0, 0, 111299.75
James_Garner, 1928-04-07, 2425344, 2,2,2,2,2,2,2,2,2,3,1579, 0, 0, 223019.2414
Jasper_Johns, 1930-05-15, 2426112, 2,2,2,2,2,2,2,2,3,3,3,3,3,3,13, 0, 0, 114247.1538
João_Havelange, 1916-05-08, 2420992, 2,2,2,2,2,2,2,2,7,7,193, 0, 0, 29088.26471
Mary_Robinson, 1944-05-21, 2431232, 2,2,2,2,2,2,2,2,9497, 0, 0, 28807.34146
Nicki_Minaj, 1982-12-08, 2445312, 2,2,2,2,2,2,2,2,2,2,2,2,3,199, 0, 0, 1115701.245
Otho, 0032-04-28, 1732864, 2,2,2,2,2,2,2,2,7,967, 0, 0, 24841.875
Regina_Spektor, 1980-02-18, 2444288, 2,2,2,2,2,2,2,2,2,2,7,11,31, 0, 0, 235701.1071
Roland_Ratzenberger, 1960-07-04, 2437120, 2,2,2,2,2,2,2,2,2,2,2,2,5,7,17, 0, 0, 73821.15152
Ronnie_O'Sullivan, 1975-12-05, 2442752, 2,2,2,2,2,2,2,2,2,13,367, 0, 0, 115166.7895
Totò, 1898-02-15, 2414336, 2,2,2,2,2,2,2,2,9431, 0, 0, 105379.7692
