Andrew_Carnegie, 1835-11-25, 2391608, 2,2,2,89,3359, 0, 0, 167277.94
Baruch_Samuel_Blumberg, 1925-07-28, 2424360, 2,2,2,3,5,89,227, 0, 0, 7984.513514
Catherine_of_Aragon, 1485-12-16, 2263804, 2,2,89,6359, 0, 0, 207547.2157
Charles_the_Simple, 0879-09-17, 2042372, 2,2,89,5737, 0, 0, 16276.88095
Francis_Peyton_Rous, 1879-10-05, 2407628, 2,2,89,6763, 0, 0, 7366.689655
Gianfranco_Zola, 1966-07-05, 2439312, 2,2,2,2,3,89,571, 0, 0, 86409
Giulio_Natta, 1903-02-26, 2416172, 2,2,11,89,617, 0, 0, 13038.62857
Hans_Morgenthau, 1904-02-17, 2416528, 2,2,2,2,89,1697, 0, 0, 28701.25
James_V_of_Scotland, 1512-04-10, 2273416, 2,2,2,31,89,103, 0, 0, 38922.78947
Janez_Janša, 1958-09-17, 2436464, 2,2,2,2,29,59,89, 0, 0, 15745.19512
Jean_Dausset, 1916-10-19, 2421156, 2,2,3,89,2267, 0, 0, 7539.6
Oliver_Neuville, 1973-05-01, 2441804, 2,2,19,19,19,89, 0, 0, 33509.0625
Prince_Joachim_of_Denmark, 1969-06-07, 2440380, 2,2,3,5,89,457, 0, 0, 43778.61538
Raúl_Castro, 1931-06-03, 2426496, 2,2,2,2,2,2,2,3,71,89, 0, 0, 66641.33824
Roberto_Di_Matteo, 1970-05-29, 2440736, 2,2,2,2,2,89,857, 0, 0, 112037.7838
Shavo_Odadjian, 1974-04-22, 2442160, 2,2,2,2,5,7,7,7,89, 0, 0, 87919.96774
Stepan_Bandera, 1909-01-01, 2418308, 2,2,89,6793, 0, 0, 36922.17647
Thelonious_Monk, 1917-10-10, 2421512, 2,2,2,19,89,179, 0, 0, 100906.9444
Theo_Angelopoulos, 1935-04-27, 2427920, 2,2,2,2,5,11,31,89, 0, 0, 27522.36842
Ulf_von_Euler, 1905-02-07, 2416884, 2,2,3,31,73,89, 0, 0, 6411.78125
Władysław_Szpilman, 1911-12-05, 2419376, 2,2,2,2,89,1699, 0, 0, 118544.3667
