Allvar_Gullstrand, 1862-06-05, 2,2,2,2,3,19,2633, 6585.868421
André_Breton, 1896-02-19, 2,2,2,3,19,67,79, 80214.35294
Bamir_Topi, 1957-04-24, 2,2,2,2,3,19,2671, 10997.71429
Felix_Magath, 1953-07-26, 2,2,2,3,19,19,281, 72597.9
Isabel_Martínez_de_Perón, 1931-02-04, 2,2,2,3,17,19,313, 48784.05
Jennifer_Garner, 1972-04-17, 2,2,2,2,3,19,2677, 355992.7021
Joss_Stone, 1987-04-11, 2,2,2,2,3,19,2683, 275088.2692
Lil_Jon, 1971-01-17, 2,2,2,3,19,53,101, 211942.8966
Liu_Xiang, 1983-07-13, 2,2,2,3,19,31,173, 60654.21212
Richard_Burns, 1971-01-17, 2,2,2,3,19,53,101, 36973.14286
Stefan_Edberg, 1966-01-19, 2,2,2,3,3,19,1783, 64026.82927
