Aleksandr_Lyapunov, 1857-06-06, 2399472, 2,2,2,2,3,3,19,877, 0, 0, 13001.55556
Alexander_Khalifman, 1966-01-18, 2439144, 2,2,2,3,3,19,1783, 0, 0, 5628.771429
Caster_Semenya, 1991-01-07, 2448264, 2,2,2,3,7,13,19,59, 0, 0, 113576.6071
Conchita_Martínez, 1972-04-16, 2441424, 2,2,2,2,3,19,2677, 0, 0, 18148.35484
Eden_Hazard, 1991-01-07, 2448264, 2,2,2,3,7,13,19,59, 0, 0, 240831.7568
Pyotr_Nikolayevich_Wrangel, 1878-08-27, 2407224, 2,2,2,3,19,5279, 0, 0, 15690.42424
Sarah_Michelle_Gellar, 1977-04-14, 2443248, 2,2,2,2,3,3,19,19,47, 0, 0, 424751
Wes_Brown, 1979-10-13, 2444160, 2,2,2,2,2,2,2,3,5,19,67, 0, 0, 42958.46667
William_Crookes, 1832-06-17, 2390352, 2,2,2,2,3,19,2621, 0, 0, 29551.59459
William_R._King, 1786-04-07, 2373480, 2,2,2,3,3,5,19,347, 0, 0, 17510.13793
Wyclef_Jean, 1969-10-17, 2440512, 2,2,2,2,2,2,3,3,19,223, 0, 0, 163833.3056
