Anna_Popplewell, 1988-12-16, 2447512, 2,2,2,31,71,139, 0, 0, 196293.9286
Bronisław_Komorowski, 1952-06-04, 2434168, 2,2,2,11,139,199, 0, 0, 41415.27419
Charles_G._Dawes, 1865-08-27, 2402476, 2,2,29,139,149, 0, 0, 13407.79545
Giovanni_Giolitti, 1842-10-27, 2394136, 2,2,2,139,2153, 0, 0, 46762.53571
Hugo_Almeida, 1984-05-23, 2445844, 2,2,53,83,139, 0, 0, 57602.40541
Jesse_Jackson, 1941-10-08, 2430276, 2,2,3,31,47,139, 0, 0, 191652.3704
Jukka_Nevalainen, 1978-04-21, 2443620, 2,2,3,5,139,293, 0, 0, 27226.18519
Kajsa_Bergqvist, 1976-10-12, 2443064, 2,2,2,13,13,13,139, 0, 0, 18995.61538
Kaley_Cuoco, 1985-11-30, 2446400, 2,2,2,2,2,2,5,5,11,139, 0, 0, 965585.4
Klaus_Ebner, 1964-08-08, 2438616, 2,2,2,3,17,43,139, 0, 0, 2775.632911
Lee_Van_Cleef, 1925-01-09, 2424160, 2,2,2,2,2,5,109,139, 0, 0, 125683.5405
Martin_Gore, 1961-07-23, 2437504, 2,2,2,2,2,2,2,137,139, 0, 0, 79302.13793
Mats_Hummels, 1988-12-16, 2447512, 2,2,2,31,71,139, 0, 0, 101952.7714
Michel_Platini, 1955-06-21, 2435280, 2,2,2,2,3,5,73,139, 0, 0, 101190.0984
Ralph_Nader, 1934-02-27, 2427496, 2,2,2,37,59,139, 0, 0, 133519.2188
Roger_Vadim, 1928-01-26, 2425272, 2,2,2,3,139,727, 0, 0, 60827.66667
Umar_II, 0682-11-02, 1970464, 2,2,2,2,2,139,443, 0, 0, 47667.53333
Woody_Harrelson, 1961-07-23, 2437504, 2,2,2,2,2,2,2,137,139, 0, 0, 333259.2432
