Artturi_Ilmari_Virtanen, 1895-01-15, 2,2,2,7,43093, 8613.722222
Charles_Ives, 1874-10-20, 2,2,2,7,42961, 48561.92308
Fränk_Schleck, 1980-04-15, 2,2,2,7,43649, 40777.14815
Henry_Fuseli, 1741-02-07, 2,2,2,7,42089, 46374.21429
John_Milton, 1608-12-09, 2,2,2,7,41227, 88550.1875
Klaus_Meine, 1948-05-25, 2,2,2,7,43441, 73317.75
Koji_Murofushi, 1974-10-08, 2,2,2,7,43613, 89289.06667
Sezen_Aksu, 1954-07-13, 2,2,2,7,43481, 57118.2069
Sébastien_Loeb, 1974-02-26, 2,2,2,7,43609, 84135.05263
Wayne_Bridge, 1980-08-05, 2,2,2,7,43651, 81378.57143
Willow_Smith, 2000-10-31, 2,2,2,7,43783, 482813.9655
