Armin_Mueller-Stahl, 1930-12-17, 2426328, 2,2,2,3,3,3,47,239, 0, 0, 57167.86667
Arturo_Pérez-Reverte, 1951-11-25, 2433976, 2,2,2,19,67,239, 0, 0, 50282.93939
Christopher_Hitchens, 1949-04-13, 2433020, 2,2,5,239,509, 0, 0, 235647.9286
Daniela_Hantuchová, 1983-04-23, 2445448, 2,2,2,239,1279, 0, 0, 45324.51351
François-René_de_Chateaubriand, 1768-09-04, 2367056, 2,2,2,2,239,619, 0, 0, 66484.81818
Gustave_Moreau, 1826-04-06, 2388088, 2,2,2,239,1249, 0, 0, 49832.08571
Henri_Barbusse, 1873-05-17, 2405296, 2,2,2,2,17,37,239, 0, 0, 14954.48571
Marita_Koch, 1957-02-18, 2435888, 2,2,2,2,7,7,13,239, 0, 0, 24286.14286
Michelle_Williams_(actress), 1980-09-09, 2444492, 2,2,239,2557, 0, 0, 31305.71053
Paul_Keating, 1944-01-18, 2431108, 2,2,239,2543, 0, 0, 35025.74194
Yongle_Emperor, 1360-05-02, 2217920, 2,2,2,2,2,2,5,29,239, 0, 0, 52782.03226
