Alexander_Khalifman, 1966-01-18, 2,2,2,3,3,19,1783, 5628.771429
Donald_A._Glaser, 1926-09-21, 2,2,3,3,5,19,709, 9220.931818
Edward_G._Robinson, 1893-12-12, 2,3,3,5,17,19,83, 81688.10714
Emilia_Plater, 1806-11-13, 2,2,3,3,19,59,59, 22150.2069
Georges_Bataille, 1897-09-10, 2,3,3,3,13,19,181, 63328
Hakan_Şükür, 1971-09-01, 2,2,3,3,19,43,83, 80262.68421
Juliusz_Słowacki, 1809-09-04, 2,3,3,5,7,19,199, 79692.86667
Melanie_Klein, 1882-03-30, 3,3,3,3,5,19,313, 60860.07692
Nancy_Ajram, 1983-05-16, 3,3,3,3,7,19,227, 102775.75
Steve_Vai, 1960-06-06, 2,2,3,3,7,19,509, 213699.7632
