Alfred_Dreyfus, 1859-10-09, 3,3,3,19,4679, 43544.40426
Alois_Alzheimer, 1864-06-14, 3,3,11,19,1277, 25423.73333
Bernhard_Schlink, 1944-07-06, 2,3,3,19,7109, 41179.625
Brendan_Rodgers, 1973-01-26, 3,3,19,109,131, 75860.30769
Danny_Elfman, 1953-05-29, 3,3,19,23,619, 168895.5946
Ferdinand_von_Lindemann, 1852-04-12, 3,3,7,19,2003, 9393.903226
Friedrich_Nietzsche, 1844-10-15, 3,3,5,19,2801, 336278.3761
Gus_Grissom, 1926-04-03, 3,3,11,19,1289, 74418.60714
J._K._Rowling, 1965-07-31, 3,3,17,19,839, 244277.2527
Jeffrén_Suárez, 1988-01-20, 3,3,11,19,1301, 75520.34483
Joe_Pesci, 1943-02-09, 3,3,5,19,2843, 240775.8947
Max_Beckmann, 1884-02-12, 3,3,19,73,193, 41814.92308
Maximilian_Schell, 1930-12-08, 3,3,7,19,2027, 53683.9
Mwai_Kibaki, 1931-11-15, 3,3,19,23,617, 24494.46809
Nadia_Petrova, 1982-06-08, 3,3,19,79,181, 23075.30769
Tim_Roth, 1961-05-14, 2,3,3,19,7127, 249384.4167
