Abdullah_Öcalan, 1948-04-04, 2432646, 2,3,3,3,19,2371, 0, 0, 85682.7
Bette_Midler, 1945-12-01, 2431791, 3,3,19,14221, 0, 0, 162134.75
Brendan_Rodgers, 1973-01-26, 2441709, 3,3,19,109,131, 0, 0, 75860.30769
Danny_Elfman, 1953-05-29, 2434527, 3,3,19,23,619, 0, 0, 168895.5946
Edward_G._Robinson, 1893-12-12, 2412810, 2,3,3,5,17,19,83, 0, 0, 81688.10714
Friedrich_Nietzsche, 1844-10-15, 2394855, 3,3,5,19,2801, 0, 0, 336278.3761
Gabriela_Mistral, 1889-04-07, 2411100, 2,2,3,3,3,5,5,19,47, 0, 0, 77513.51613
Guus_Hiddink, 1946-11-08, 2432133, 3,3,3,11,19,431, 0, 0, 89632.88889
Hakan_Şükür, 1971-09-01, 2441196, 2,2,3,3,19,43,83, 0, 0, 80262.68421
Harvey_Keitel, 1939-05-13, 2429397, 3,3,19,14207, 0, 0, 191895.6923
Hayley_Williams, 1988-12-27, 2447523, 3,3,3,13,19,367, 0, 0, 459394.0833
J._K._Rowling, 1965-07-31, 2438973, 3,3,17,19,839, 0, 0, 244277.2527
Jeffrén_Suárez, 1988-01-20, 2447181, 3,3,11,19,1301, 0, 0, 75520.34483
Joe_Pesci, 1943-02-09, 2430765, 3,3,5,19,2843, 0, 0, 240775.8947
Juliusz_Słowacki, 1809-09-04, 2382030, 2,3,3,5,7,19,199, 0, 0, 79692.86667
Nancy_Ajram, 1983-05-16, 2445471, 3,3,3,3,7,19,227, 0, 0, 102775.75
Sarah_Michelle_Gellar, 1977-04-14, 2443248, 2,2,2,2,3,3,19,19,47, 0, 0, 424751
Shirley_Bassey, 1937-01-08, 2428542, 2,3,3,3,3,3,19,263, 0, 0, 131828.2258
Steve_Vai, 1960-06-06, 2437092, 2,2,3,3,7,19,509, 0, 0, 213699.7632
Tim_Roth, 1961-05-14, 2437434, 2,3,3,19,7127, 0, 0, 249384.4167
Wyclef_Jean, 1969-10-17, 2440512, 2,2,2,2,2,2,3,3,19,223, 0, 0, 163833.3056
