Al_Oerter, 1936-09-19, 3,29,103,271, 11601.9
Alain_Juppé, 1945-08-15, 3,3,271,997, 42499.29412
Danny_DeVito, 1944-11-17, 2,2,271,2243, 221287.9787
Debra_Messing, 1968-08-15, 2,2,271,2251, 146401.3871
Evanna_Lynch, 1991-08-16, 5,13,139,271, 271014.2759
J._P._Morgan, 1837-04-17, 7,13,97,271, 159735.7273
Jorge_Batlle_Ibáñez, 1927-10-25, 3,19,157,271, 6779.481481
Khaleda_Zia, 1945-08-15, 3,3,271,997, 21339.07692
Kurt_Cobain, 1967-02-20, 2,7,271,643, 679065.5147
Macky_Sall, 1961-12-11, 5,7,257,271, 12747.75676
Rem_Koolhaas, 1944-11-17, 2,2,271,2243, 74309.68421
