Alain_Juppé, 1945-08-15, 2431683, 3,3,271,997, 0, 0, 42499.29412
Bernard_Herrmann, 1911-06-29, 2419217, 79,113,271, 0, 0, 46027.64286
Buckethead, 1969-05-13, 2440355, 5,271,1801, 0, 0, 360606.7407
Carl_Michael_Bellman, 1740-02-04, 2356616, 2,2,2,271,1087, 0, 0, 21788.96296
Danny_DeVito, 1944-11-17, 2431412, 2,2,271,2243, 0, 0, 221287.9787
Debra_Messing, 1968-08-15, 2440084, 2,2,271,2251, 0, 0, 146401.3871
Don_Cheadle, 1964-11-29, 2438729, 271,8999, 0, 0, 243672.6667
Eleanor_Roosevelt, 1884-10-11, 2409461, 17,271,523, 0, 0, 127641.2167
Enzo_Ferrari, 1898-02-18, 2414339, 59,151,271, 0, 0, 99143.11111
Ethan_Hawke, 1970-11-06, 2440897, 271,9007, 0, 0, 246699.9318
Evanna_Lynch, 1991-08-16, 2448485, 5,13,139,271, 0, 0, 271014.2759
J._P._Morgan, 1837-04-17, 2392117, 7,13,97,271, 0, 0, 159735.7273
Jason_Isaacs, 1963-06-06, 2438187, 3,271,2999, 0, 0, 217358.0714
Jean-Pierre_Raffarin, 1948-08-03, 2432767, 47,191,271, 0, 0, 24685.5
Jeff_Gordon, 1971-08-04, 2441168, 2,2,2,2,271,563, 0, 0, 67049.95
Joseph_Fouché, 1759-05-21, 2363662, 2,7,7,89,271, 0, 0, 28189.5
Kurt_Cobain, 1967-02-20, 2439542, 2,7,271,643, 0, 0, 679065.5147
Lady_Bird_Johnson, 1912-12-22, 2419759, 271,8929, 0, 0, 87880.59259
Leighton_Baines, 1984-12-11, 2446046, 2,271,4513, 0, 0, 48129.88571
Miguel_de_Unamuno, 1864-09-29, 2402144, 2,2,2,2,2,271,277, 0, 0, 74151.13953
Rem_Koolhaas, 1944-11-17, 2431412, 2,2,271,2243, 0, 0, 74309.68421
