Benjamin_Thompson, 1753-03-26, 2361415, 5,7,19,53,67, 0, 0, 22550.88889
Carlos_Saura, 1932-01-04, 2426711, 7,31,53,211, 0, 0, 37877.13793
Chet_Baker, 1929-12-23, 2425969, 7,13,53,503, 0, 0, 93618
Debra_Winger, 1955-05-16, 2435244, 2,2,3,7,53,547, 0, 0, 121033.2857
Dietmar_Hamann, 1973-08-27, 2441922, 2,3,7,53,1097, 0, 0, 54027
Eugène_de_Beauharnais, 1781-09-03, 2371803, 3,7,53,2131, 0, 0, 28207.40741
Hattie_McDaniel, 1895-06-10, 2413355, 5,7,53,1301, 0, 0, 65830.34483
Henry_III_of_England, 1207-10-01, 2162188, 2,2,7,31,47,53, 0, 0, 60239.63462
James_Clerk_Maxwell, 1831-06-13, 2389982, 2,7,53,3221, 0, 0, 69671.15625
John_Irving, 1942-03-02, 2430421, 7,53,6551, 0, 0, 124266.5
Kurt_Student, 1890-05-12, 2411500, 2,2,5,5,5,7,13,53, 0, 0, 26591.83333
Lou_Reed, 1942-03-02, 2430421, 7,53,6551, 0, 0, 306698.0976
Lynn_Redgrave, 1943-03-08, 2430792, 2,2,2,3,3,7,7,13,53, 0, 0, 75009.74074
Marcell_Jansen, 1985-11-04, 2446374, 2,3,7,7,53,157, 0, 0, 31052
Mary_McDonnell, 1952-04-28, 2434131, 3,3,3,3,3,3,3,3,7,53, 0, 0, 126443.9259
Mir-Hossein_Mousavi, 1942-03-02, 2430421, 7,53,6551, 0, 0, 72210.27273
Olga_Korbut, 1955-05-16, 2435244, 2,2,3,7,53,547, 0, 0, 36401.58065
Robert_Noyce, 1927-12-12, 2425227, 3,7,53,2179, 0, 0, 230008.4375
Rudolf_Carnap, 1891-05-18, 2411871, 3,7,11,53,197, 0, 0, 25429.05556
Ryo_Miyaichi, 1992-12-14, 2448971, 7,7,23,41,53, 0, 0, 128376.8148
Samuel_C._C._Ting, 1936-01-27, 2428195, 5,7,7,11,17,53, 0, 0, 12305.13158
