Aaron_Ciechanover, 1947-10-01, 2432460, 2,2,3,5,71,571, 0, 0, 10856.65714
Anggun, 1974-04-29, 2442167, 7,13,47,571, 0, 0, 68909.78788
Asif_Ali_Zardari, 1955-07-26, 2435315, 5,571,853, 0, 0, 57560.53571
Chris_Columbus_(filmmaker), 1958-09-10, 2436457, 17,251,571, 0, 0, 31434.32353
Gianfranco_Zola, 1966-07-05, 2439312, 2,2,2,2,3,89,571, 0, 0, 86409
Humberto_de_Alencar_Castelo_Branco, 1897-09-20, 2414188, 2,2,7,151,571, 0, 0, 30509.75862
Tom_Hooper, 1972-10-05, 2441596, 2,2,571,1069, 0, 0, 12014.82759
Tomáš_Sivok, 1983-09-15, 2445593, 571,4283, 0, 0, 20170.22222
William_Saroyan, 1908-08-31, 2418185, 5,7,11,11,571, 0, 0, 30527.18182
Yousaf_Raza_Gillani, 1952-06-09, 2434173, 3,7,7,29,571, 0, 0, 23666.64444
Édouard_Manet, 1832-01-23, 2390206, 2,7,13,23,571, 0, 0, 114859.9863
