Anton_Chekhov, 1860-01-29, 2400439, 71,33809, 0, 0, 84795.09091
George_Best, 1946-05-22, 2431963, 71,34253, 0, 0, 146209.1373
Gerty_Cori, 1896-08-15, 2413787, 71,33997, 0, 0, 8860.540541
Henry_Ford, 1863-07-30, 2401717, 71,33827, 0, 0, 152944.3119
Jacques_Villeneuve, 1971-04-09, 2441051, 71,34381, 0, 0, 70674.27907
John_II_of_Castile, 1405-03-06, 2234299, 71,31469, 0, 0, 26944.66667
Leonhard_Euler, 1707-04-15, 2344633, 71,33023, 0, 0, 124957.5741
Margaret_Thatcher, 1925-10-13, 2424437, 71,34147, 0, 0, 390109.7604
Maria_II_of_Portugal, 1819-04-04, 2385529, 71,33599, 0, 0, 28402.19355
Nikki_Reed, 1988-05-17, 2447299, 71,34469, 0, 0, 466590.1111
Priyanka_Chopra, 1982-07-18, 2445169, 71,34439, 0, 0, 275068.898
