Barbara_McClintock, 1902-06-16, 2415917, 7,71,4861, 0, 0, 25200.68182
Christian_VII_of_Denmark, 1749-01-29, 2359898, 2,71,16619, 0, 0, 47613.34483
Christopher_Lloyd, 1938-10-22, 2429194, 2,71,17107, 0, 0, 241213.8378
Derek_Jacobi, 1938-10-22, 2429194, 2,71,17107, 0, 0, 117191.5385
Frida_Kahlo, 1907-07-06, 2417763, 3,71,11351, 0, 0, 219564.9821
Harrison_Schmitt, 1935-07-03, 2427987, 3,71,11399, 0, 0, 30183.27586
Henry_Fonda, 1905-05-16, 2416982, 2,71,17021, 0, 0, 121984.6667
James_Fenimore_Cooper, 1789-09-15, 2374737, 3,71,11149, 0, 0, 48930.95455
Koji_Murofushi, 1974-10-08, 2442329, 41,71,839, 0, 0, 89289.06667
Ludwig_Boltzmann, 1844-02-20, 2394617, 29,71,1163, 0, 0, 38814.09804
Mahamadou_Diarra, 1981-05-18, 2444743, 7,71,4919, 0, 0, 87104.71875
Mickey_Rooney, 1920-09-23, 2422591, 71,149,229, 0, 0, 237817.2581
Mike_Epps, 1970-11-18, 2440909, 31,71,1109, 0, 0, 122447.6
Pietro_Badoglio, 1871-09-28, 2404699, 11,71,3079, 0, 0, 31964.025
Rafael_Caldera, 1916-01-24, 2420887, 7,71,4871, 0, 0, 68165.88462
Richard_Rogers, 1933-07-23, 2427277, 17,71,2011, 0, 0, 39855.69697
Rigoberta_Menchú, 1959-01-09, 2436578, 2,71,17159, 0, 0, 77491.19048
Rod_Stewart, 1945-01-10, 2431466, 2,71,17123, 0, 0, 311032.1628
Rosanna_Arquette, 1959-08-10, 2436791, 7,71,4903, 0, 0, 140952.4848
Vicente_Fox, 1942-07-02, 2430543, 3,71,11411, 0, 0, 66767.45
Willard_Van_Orman_Quine, 1908-06-25, 2418118, 2,71,17029, 0, 0, 34551.94286
