Andy_Williams, 1927-12-03, 2,3,71,5693, 103579.5
Billy_Idol, 1955-11-30, 2,3,71,5717, 256713.6875
Boris_Johnson, 1964-06-19, 2,13,71,1321, 99659.86667
Camille_Claudel, 1864-12-08, 2,3,71,5639, 86091.62069
Carla_Gugino, 1971-08-29, 3,71,73,157, 315567.7931
Chris_Diamantopoulos, 1975-05-09, 2,71,103,167, 59321.76923
Frank_Welker, 1946-03-12, 2,2,71,8563, 149944.4286
Harry_Redknapp, 1947-03-02, 3,19,71,601, 103331.7188
Helen_Keller, 1880-06-27, 2,31,71,547, 237778.7143
Jeff_Daniels, 1955-02-19, 2,11,71,1559, 155584.8571
Jon_Favreau, 1966-10-19, 2,41,71,419, 210651.1786
Lady_Gaga, 1986-03-28, 2,3,71,5743, 786185.3158
Liza_Minnelli, 1946-03-12, 2,2,71,8563, 201417.2745
Max_Stirner, 1806-10-25, 5,19,71,353, 38236
Michel_Rocard, 1930-08-23, 2,2,71,8543, 36204.80769
Nikica_Jelavić, 1985-08-27, 3,5,71,2297, 44060.51613
P._T._Barnum, 1810-07-05, 2,19,71,883, 55734.6875
Pierre_Bérégovoy, 1925-12-23, 2,2,71,8537, 34289.14815
Rebecca_Soni, 1987-03-18, 11,13,71,241, 32845
Saki, 1870-12-18, 5,13,71,521, 75863.26923
Titus, 0039-12-30, 2,17,71,719, 50467.46875
