Aaron_Ciechanover, 1947-10-01, 2,2,3,5,71,571, 10856.65714
Anna_Popplewell, 1988-12-16, 2,2,2,31,71,139, 196293.9286
Criss_Angel, 1967-12-19, 2,2,11,11,71,71, 245902.5714
Helmut_Kohl, 1930-04-03, 2,3,5,17,67,71, 88218.78462
Joseph_McCarthy, 1908-11-14, 2,2,5,13,71,131, 164039.8293
Louis_XVII_of_France, 1785-03-27, 2,2,2,2,71,2089, 67765.56522
Mata_Hari, 1876-08-07, 2,3,3,7,71,269, 162816.0328
Mats_Hummels, 1988-12-16, 2,2,2,31,71,139, 101952.7714
Nikita_Mikhalkov, 1945-10-21, 2,5,5,5,71,137, 29408.26471
Robert_Koch, 1843-12-11, 2,3,7,11,71,73, 56331.39506
Shah_Jahan, 1592-01-05, 2,3,5,23,47,71, 67323.52542
Thomas_Häßler, 1966-05-30, 2,2,3,7,71,409, 31074.24138
Torsten_Wiesel, 1924-06-03, 2,2,3,5,71,569, 8874.09375
William_H._Seward, 1801-05-16, 3,3,3,17,71,73, 67231.67857
Wole_Soyinka, 1934-07-13, 2,2,2,2,71,2137, 25346.11475
