Billy_Idol, 1955-11-30, 2435442, 2,3,71,5717, 0, 0, 256713.6875
Carla_Gugino, 1971-08-29, 2441193, 3,71,73,157, 0, 0, 315567.7931
Christopher_Lloyd, 1938-10-22, 2429194, 2,71,17107, 0, 0, 241213.8378
Criss_Angel, 1967-12-19, 2439844, 2,2,11,11,71,71, 0, 0, 245902.5714
Frida_Kahlo, 1907-07-06, 2417763, 3,71,11351, 0, 0, 219564.9821
George_R._R._Martin, 1948-09-20, 2432815, 5,7,11,71,89, 0, 0, 230031.5
Grace_Kelly, 1929-11-12, 2425928, 2,2,2,71,4271, 0, 0, 274777.4923
Helen_Keller, 1880-06-27, 2407894, 2,31,71,547, 0, 0, 237778.7143
Josef_Mengele, 1911-03-16, 2419112, 2,2,2,71,4259, 0, 0, 390980.0833
Josh_Radnor, 1974-07-29, 2442258, 2,3,3,3,7,7,13,71, 0, 0, 339447.7097
Lady_Gaga, 1986-03-28, 2446518, 2,3,71,5743, 0, 0, 786185.3158
Lil_Wayne, 1982-09-27, 2445240, 2,2,2,3,5,7,41,71, 0, 0, 1401836.674
Margaret_Thatcher, 1925-10-13, 2424437, 71,34147, 0, 0, 390109.7604
Mickey_Rooney, 1920-09-23, 2422591, 71,149,229, 0, 0, 237817.2581
Naomi_Watts, 1968-09-28, 2440128, 2,2,2,2,2,2,3,71,179, 0, 0, 273029.2407
Nikki_Reed, 1988-05-17, 2447299, 71,34469, 0, 0, 466590.1111
Priyanka_Chopra, 1982-07-18, 2445169, 71,34439, 0, 0, 275068.898
Rita_Ora, 1990-11-26, 2448222, 2,3,7,71,821, 0, 0, 345841.6552
Rod_Stewart, 1945-01-10, 2431466, 2,71,17123, 0, 0, 311032.1628
Ron_Howard, 1954-03-01, 2434803, 3,7,23,71,71, 0, 0, 216547.2093
Shirley_Temple, 1928-04-23, 2425360, 2,2,2,2,5,7,61,71, 0, 0, 340979.1111
