Alan_Lloyd_Hodgkin, 1914-02-05, 2420169, 3,43,73,257, 0, 0, 7885.756757
Alexander_Frei, 1979-07-15, 2444070, 2,3,5,257,317, 0, 0, 40208.28947
Chad_Michael_Murray, 1981-08-24, 2444841, 3,3,7,151,257, 0, 0, 362300.8611
John_Ruskin, 1819-02-08, 2385474, 2,3,7,13,17,257, 0, 0, 73597.11111
Möngke_Khan, 1209-01-10, 2162655, 3,3,5,11,17,257, 0, 0, 26244.86667
Nawaz_Sharif, 1949-12-25, 2433276, 2,2,3,3,257,263, 0, 0, 54492.41667
Sissy_Spacek, 1949-12-25, 2433276, 2,2,3,3,257,263, 0, 0, 117780.9744
Taslima_Nasrin, 1962-08-25, 2437902, 2,3,3,17,31,257, 0, 0, 26690.29032
Umberto_Giordano, 1867-08-28, 2403207, 3,3,257,1039, 0, 0, 13702.89286
William_S._Burroughs, 1914-02-05, 2420169, 3,43,73,257, 0, 0, 150601.525
