Alan_Shearer, 1970-08-13, 2440812, 2,2,3,11,11,41,41, 0, 0, 95239.17308
Bohumil_Hrabal, 1914-03-28, 2420220, 2,2,3,5,11,19,193, 0, 0, 37298.70968
Carlo_Goldoni, 1707-02-25, 2344584, 2,2,2,3,11,83,107, 0, 0, 39076.36538
Cillian_Murphy, 1976-05-25, 2442924, 2,2,3,3,11,31,199, 0, 0, 270884.6316
Doug_Savant, 1964-06-21, 2438568, 2,2,2,3,3,11,3079, 0, 0, 54362.76471
Eduard_Kokoity, 1964-10-31, 2438700, 2,2,3,5,5,11,739, 0, 0, 6441.756098
Elton_Mayo, 1880-12-26, 2408076, 2,2,3,3,3,11,2027, 0, 0, 86670.53846
Franck_Ribéry, 1983-04-07, 2445432, 2,2,2,3,11,59,157, 0, 0, 236676.5574
Goran_Ivanišević, 1971-09-13, 2441208, 2,2,2,3,7,11,1321, 0, 0, 58302.22222
James_II_of_England, 1633-10-14, 2317788, 2,2,3,3,3,11,1951, 0, 0, 98626.44828
John_Gurdon, 1933-10-02, 2427348, 2,2,3,7,11,37,71, 0, 0, 12947.89744
Lisa_Marie_Presley, 1968-02-01, 2439888, 2,2,2,2,3,11,4621, 0, 0, 424263.2857
Lothar_Matthäus, 1961-03-21, 2437380, 2,2,3,3,5,11,1231, 0, 0, 106941.5882
Marco_van_Basten, 1964-10-31, 2438700, 2,2,3,5,5,11,739, 0, 0, 116366.8654
Shawn_Michaels, 1965-07-22, 2438964, 2,2,3,3,3,11,2053, 0, 0, 554633.9706
