Carrie_Fisher, 1956-10-21, 2435768, 2,2,2,29,10499, 0, 0, 404823.5172
David_Coverdale, 1951-09-22, 2433912, 2,2,2,3,13,29,269, 0, 0, 108785.5938
David_Letterman, 1947-04-12, 2432288, 2,2,2,2,2,29,2621, 0, 0, 211728.0909
Hafez_al-Assad, 1930-10-06, 2426256, 2,2,2,2,3,3,7,29,83, 0, 0, 75907.44444
Hope_Solo, 1981-07-30, 2444816, 2,2,2,2,11,29,479, 0, 0, 231283.8889
Jackie_Chan, 1954-04-07, 2434840, 2,2,2,5,29,2099, 0, 0, 545800.2099
Keith_Moon, 1946-08-23, 2432056, 2,2,2,11,29,953, 0, 0, 253604.069
Lakshmi_Mittal, 1950-06-15, 2433448, 2,2,2,17,29,617, 0, 0, 149781.5854
Lea_Michele, 1986-08-29, 2446672, 2,2,2,2,29,5273, 0, 0, 650204.9
Margrethe_II_of_Denmark, 1940-04-16, 2429736, 2,2,2,3,29,3491, 0, 0, 67910.67692
Marion_Bartoli, 1984-10-02, 2445976, 2,2,2,13,29,811, 0, 0, 77813.78378
Massimo_Moratti, 1945-05-16, 2431592, 2,2,2,29,47,223, 0, 0, 71733.82143
RZA, 1969-07-05, 2440408, 2,2,2,29,67,157, 0, 0, 104130.1154
Rick_Riordan, 1964-06-05, 2438552, 2,2,2,23,29,457, 0, 0, 131900.6207
Rosie_Huntington-Whiteley, 1987-04-18, 2446904, 2,2,2,29,53,199, 0, 0, 503105.9688
Samuel_Johnson, 1709-09-18, 2345520, 2,2,2,2,3,5,29,337, 0, 0, 84520.86364
Scatman_John, 1942-03-13, 2430432, 2,2,2,2,2,3,3,3,29,97, 0, 0, 150487.0645
Shohreh_Aghdashloo, 1952-05-11, 2434144, 2,2,2,2,2,29,43,61, 0, 0, 59829.30769
Tom_Clancy, 1947-04-12, 2432288, 2,2,2,2,2,29,2621, 0, 0, 245108.6667
Yongle_Emperor, 1360-05-02, 2217920, 2,2,2,2,2,2,5,29,239, 0, 0, 52782.03226
Zbigniew_Boniek, 1956-03-03, 2435536, 2,2,2,2,29,29,181, 0, 0, 57992.84848
