Alex_Haley, 1921-08-11, 2,2,2,2,2,2,2,23,823
Alexei_Nikolaevich,_Tsarevich_of_Russia, 1904-08-12, 2,2,2,2,2,2,3,41,307
Alfred_Brehm, 1829-02-02, 2,2,2,2,2,2,2,5,3733
Alfred_Kastler, 1902-05-03, 2,2,2,2,2,2,2,2,9437
Amália_Rodrigues, 1920-07-23, 2,2,2,2,2,2,2,2,9463
Andrey_Silnov, 1984-09-09, 2,2,2,2,2,2,2,97,197
Anwar_Sadat, 1918-12-25, 2,2,2,2,2,2,13,41,71
Barry_Gibb, 1946-09-01, 2,2,2,2,2,2,3,53,239
Brad_Guzan, 1984-09-09, 2,2,2,2,2,2,2,97,197
Charles_Barkley, 1963-02-20, 2,2,2,2,2,2,5,19,401
Christina_Applegate, 1971-11-25, 2,2,2,2,2,2,3,5,2543
César_Pelli, 1926-10-12, 2,2,2,2,2,5,5,7,433
Donald_Sutherland, 1935-07-17, 2,2,2,2,2,5,5,5,607
Eduardo_Duhalde, 1941-10-05, 2,2,2,2,2,2,13,23,127
Elbridge_Gerry, 1744-07-17, 2,2,2,2,2,3,5,17,289
Emily_Brontë, 1818-07-30, 2,2,2,2,2,2,2,5,3727
Enda_Kenny, 1951-04-24, 2,2,2,2,2,5,7,41,53
Erica_Durance, 1978-06-21, 2,2,2,2,2,3,3,5,1697
Ernst_Busch_(field_marshal), 1885-07-06, 2,2,2,2,2,2,2,2,9413
Ferdinand_I_of_Bulgaria, 1861-02-26, 2,2,2,2,2,2,7,23,233
Garret_Hobart, 1844-06-03, 2,2,2,2,2,3,3,5,1663
Geoff_Hurst, 1941-12-08, 2,2,2,2,2,2,2,3,6329
George_Eliot, 1819-11-22, 2,2,2,2,2,5,13,31,37
George_S._Patton, 1885-11-11, 2,2,2,2,2,2,2,67,281
Grant_Wood, 1891-02-13, 2,2,2,2,2,2,2,2,9421
Hifikepunye_Pohamba, 1935-08-18, 2,2,2,2,2,2,2,3,6323
Honoré_Gabriel_Riqueti,_comte_de_Mirabeau, 1749-03-09, 2,2,2,2,2,2,2,103,179
Igor_Akinfeev, 1986-04-08, 2,2,2,2,2,2,7,43,127
Ivan_Gašparovič, 1941-03-27, 2,2,2,2,2,2,2,5,3797
Jacques_Chirac, 1932-11-29, 2,2,2,2,2,5,7,11,197
James_Callaghan, 1912-03-27, 2,2,2,2,2,3,3,31,271
James_S._Sherman, 1855-10-24, 2,2,2,2,2,5,11,29,47
Julian_McMahon, 1968-07-27, 2,2,2,2,2,2,2,11,1733
Julie_Delpy, 1969-12-21, 2,2,2,2,2,2,2,23,829
Kurt_Schuschnigg, 1897-12-14, 2,2,2,2,2,2,7,17,317
Leo_Fender, 1909-08-10, 2,2,2,2,2,3,7,59,61
Lisa_Kudrow, 1963-07-30, 2,2,2,2,2,5,7,7,311
Léon_Degrelle, 1906-06-15, 2,2,2,2,2,3,13,13,149
Manmohan_Singh, 1932-09-26, 2,2,2,2,2,3,3,3,2809
Maria_Kaczyńska, 1942-08-21, 2,2,2,2,2,2,2,17,1117
Martin_Jol, 1956-01-16, 2,2,2,2,2,11,11,17,37
Michael_Schumacher, 1969-01-03, 2,2,2,2,2,3,3,37,229
Miguel_Indurain, 1964-07-16, 2,2,2,2,2,2,3,13,977
Mohammed_V_of_Morocco, 1909-08-10, 2,2,2,2,2,3,7,59,61
Nelson_Mandela, 1918-07-18, 2,2,2,2,2,3,3,3,2803
Nikolai_Berdyaev, 1874-03-18, 2,2,2,2,2,5,5,31,97
Nino_Burjanadze, 1964-07-16, 2,2,2,2,2,2,3,13,977
Ossip_Zadkine, 1890-07-04, 2,2,2,2,2,11,13,17,31
Otto_Weininger, 1880-04-03, 2,2,2,2,2,2,2,13,1447
Otto_von_Bismarck, 1815-04-01, 2,2,2,2,2,2,3,3,4139
Pope_Leo_XIII, 1810-03-02, 2,2,2,2,2,2,2,37,503
Richard_Nixon, 1913-01-09, 2,2,2,2,2,2,3,3,4201
Robert_Pirès, 1973-10-29, 2,2,2,2,2,2,2,2,9539
Roh_Moo-hyun, 1946-09-01, 2,2,2,2,2,2,3,53,239
Roque_Santa_Cruz, 1981-08-16, 2,2,2,2,2,3,3,13,653
Samuel_Colt, 1814-07-19, 2,2,2,2,2,2,7,17,313
Stanisław_Lem, 1921-09-12, 2,2,2,2,2,3,3,47,179
Timo_Hildebrand, 1979-04-05, 2,2,2,2,2,2,3,3,4243
Torsten_Frings, 1976-11-22, 2,2,2,2,2,3,3,17,499
Toto_Cutugno, 1943-07-07, 2,2,2,2,2,2,3,11,1151
Ville_Valo, 1976-11-22, 2,2,2,2,2,3,3,17,499
Wallace_Shawn, 1943-11-12, 2,2,2,2,2,2,5,71,107
William_Moseley_(actor), 1987-04-27, 2,2,2,2,2,2,13,17,173
