Auguste_Comte, 1798-01-19, 2,2,2,83,3581, 134159.9846
Carlos_Sastre, 1975-04-22, 2,2,7,83,1051, 27581.45
Carlos_Valderrama, 1961-09-02, 2,2,2,83,3671, 87651.18919
G._K._Chesterton, 1874-05-29, 2,2,2,83,3623, 77620.90698
Giovanni_Alfonso_Borelli, 1608-01-28, 2,2,17,83,409, 6881.344828
Jozy_Altidore, 1989-11-06, 2,2,73,83,101, 102207.4194
Stanley_Rous, 1895-04-25, 2,2,3,83,2423, 8863.21875
Tomáš_Rosický, 1980-10-04, 2,2,37,83,199, 68704.22449
Victor_Emmanuel_III_of_Italy, 1869-11-11, 2,2,13,83,557, 55102.53191
Wesley_Snipes, 1962-07-31, 2,2,7,83,1049, 337400.025
