Allison_Mack, 1982-07-29, 2445180, 2,2,3,5,83,491, 0, 0, 130668.8214
Carlo_Goldoni, 1707-02-25, 2344584, 2,2,2,3,11,83,107, 0, 0, 39076.36538
Cornelia_Funke, 1958-12-10, 2436548, 2,2,41,83,179, 0, 0, 69351.46154
Dashiell_Hammett, 1894-05-27, 2412976, 2,2,2,2,23,79,83, 0, 0, 47524.66667
Edward_Teller, 1908-01-15, 2417956, 2,2,83,7283, 0, 0, 49417.28571
Eljero_Elia, 1987-02-13, 2446840, 2,2,2,5,11,67,83, 0, 0, 67714.44444
Emile_Heskey, 1978-01-11, 2443520, 2,2,2,2,2,2,2,2,5,23,83, 0, 0, 102361.275
Frank_Oz, 1944-05-25, 2431236, 2,2,3,83,2441, 0, 0, 148326.5385
François_Quesnay, 1694-06-04, 2339936, 2,2,2,2,2,83,881, 0, 0, 36391.45455
Hafez_al-Assad, 1930-10-06, 2426256, 2,2,2,2,3,3,7,29,83, 0, 0, 75907.44444
Hakan_Şükür, 1971-09-01, 2441196, 2,2,3,3,19,43,83, 0, 0, 80262.68421
Hugo_Almeida, 1984-05-23, 2445844, 2,2,53,83,139, 0, 0, 57602.40541
Humphry_Davy, 1778-12-17, 2370812, 2,2,37,83,193, 0, 0, 31703.83051
Isabella_II_of_Spain, 1830-10-10, 2389736, 2,2,2,59,61,83, 0, 0, 71567.27907
John_Searle, 1932-07-31, 2426920, 2,2,2,5,17,43,83, 0, 0, 54174.17857
Kurt_Angle, 1968-12-09, 2440200, 2,2,2,3,5,5,7,7,83, 0, 0, 324973.8889
Lamar_Odom, 1979-11-06, 2444184, 2,2,2,3,3,83,409, 0, 0, 363214.0357
Louis-Ferdinand_Céline, 1894-05-27, 2412976, 2,2,2,2,23,79,83, 0, 0, 61775.26923
Mark_Harmon, 1951-09-02, 2433892, 2,2,83,7331, 0, 0, 389498.5333
Mark_Rutte, 1967-02-14, 2439536, 2,2,2,2,11,83,167, 0, 0, 26230.07018
Paul_Hausser, 1880-10-07, 2407996, 2,2,83,7253, 0, 0, 43400.19231
