Alfred_Hitchcock, 1899-08-13, 2414880, 2,2,2,2,2,3,3,3,5,13,43, 0, 0, 232167.01
Amedeo_Avogadro, 1776-08-09, 2369952, 2,2,2,2,2,3,3,3,13,211, 0, 0, 35850.27941
Ashley_Greene, 1987-02-21, 2446848, 2,2,2,2,2,2,2,2,2,3,3,3,3,59, 0, 0, 445138.6857
David_James_(footballer), 1970-08-01, 2440800, 2,2,2,2,2,3,3,3,5,5,113, 0, 0, 22866.54286
Dwight_F._Davis, 1879-07-05, 2407536, 2,2,2,2,3,3,3,5573, 0, 0, 6020.423077
Elizabeth_Barrett_Browning, 1806-03-06, 2380752, 2,2,2,2,3,3,3,3,11,167, 0, 0, 52032.55556
Ellen_Page, 1987-02-21, 2446848, 2,2,2,2,2,2,2,2,2,3,3,3,3,59, 0, 0, 452879.2553
Ezer_Weizman, 1924-06-15, 2423952, 2,2,2,2,3,3,3,31,181, 0, 0, 19709.64516
Frederick_Forsyth, 1938-08-25, 2429136, 2,2,2,2,3,3,3,5623, 0, 0, 71719.65517
Gary_Sinise, 1955-03-17, 2435184, 2,2,2,2,3,3,3,3,1879, 0, 0, 158276.3636
Giovanni_Battista_Tiepolo, 1696-03-05, 2340576, 2,2,2,2,2,3,3,3,3,3,7,43, 0, 0, 29500.7381
Hayao_Miyazaki, 1941-01-05, 2430000, 2,2,2,2,3,3,3,3,3,5,5,5,5, 0, 0, 414062.75
Jasper_Johns, 1930-05-15, 2426112, 2,2,2,2,2,2,2,2,3,3,3,3,3,3,13, 0, 0, 114247.1538
Jim_Cummings, 1952-11-03, 2434320, 2,2,2,2,3,3,3,5,7,7,23, 0, 0, 120277.8846
John_Hughes_(Irish_musician), 1950-06-23, 2433456, 2,2,2,2,3,3,3,43,131, 0, 0, 13486.51852
José_Carreras, 1946-12-05, 2432160, 2,2,2,2,2,3,3,3,5,563, 0, 0, 49192.69767
Scatman_John, 1942-03-13, 2430432, 2,2,2,2,2,3,3,3,29,97, 0, 0, 150487.0645
Wilson_Kipketer, 1972-12-12, 2441664, 2,2,2,2,2,2,3,3,3,3,3,157, 0, 0, 18113.53846
Yakov_Sverdlov, 1885-06-03, 2409696, 2,2,2,2,2,3,3,3,2789, 0, 0, 21646.96154
Zillur_Rahman, 1929-03-09, 2425680, 2,2,2,2,3,3,3,5,1123, 0, 0, 14343.35714
Zooey_Deschanel, 1980-01-17, 2444256, 2,2,2,2,2,3,3,3,3,23,41, 0, 0, 851459.7436
