Behgjet_Pacolli, 1951-08-30, 2,2,2,2,2,3,3,3,3,3,313
Charles_Babbage, 1791-12-26, 2,2,2,2,3,3,3,3,3,13,47
Gediminas_Kirkilas, 1951-08-30, 2,2,2,2,2,3,3,3,3,3,313
Jason_Segel, 1980-01-18, 2,2,2,2,2,3,3,3,3,23,41
Kevin_Smith, 1970-08-02, 2,2,2,2,2,3,3,3,5,5,113
Patrick_Kluivert, 1976-07-01, 2,2,2,2,3,3,3,3,5,13,29
Rigobert_Song, 1976-07-01, 2,2,2,2,3,3,3,3,5,13,29
Robert_Green, 1980-01-18, 2,2,2,2,2,3,3,3,3,23,41
Robin_van_Persie, 1983-08-06, 2,2,2,2,3,3,3,3,3,17,37
Ruud_van_Nistelrooy, 1976-07-01, 2,2,2,2,3,3,3,3,5,13,29
