Art_Garfunkel, 1941-11-05, 2430304, 2,2,2,2,2,173,439, 0, 0, 136320.8
Brigitte_Bardot, 1934-09-28, 2427709, 173,14033, 0, 0, 181615.7529
Bryan_Adams, 1959-11-05, 2436878, 2,173,7043, 0, 0, 203606.3036
Colonel_Sanders, 1890-09-09, 2411620, 2,2,5,17,41,173, 0, 0, 168414.0385
David_Arquette, 1971-09-08, 2441203, 103,137,173, 0, 0, 284445.8966
Eiichiro_Oda, 1975-01-01, 2442414, 2,3,13,173,181, 0, 0, 211854.3103
Emre_Belözoğlu, 1980-09-07, 2444490, 2,3,3,5,157,173, 0, 0, 94989.19444
Frances_McDormand, 1957-06-23, 2436013, 173,14081, 0, 0, 124290.6944
Geena_Davis, 1956-01-21, 2435494, 2,173,7039, 0, 0, 131450.5918
George_Orwell, 1903-06-25, 2416291, 173,13967, 0, 0, 162879.802
Harry_Belafonte, 1927-03-01, 2424941, 107,131,173, 0, 0, 158232.5143
Josh_Groban, 1981-02-27, 2444663, 13,173,1087, 0, 0, 243928.2941
Kevin_Smith_(cornerback), 1970-04-07, 2440684, 2,2,173,3527, 0, 0, 285685.4
Lily_Collins, 1989-03-18, 2447604, 2,2,3,3,3,131,173, 0, 0, 363962.1852
Martin_Freeman, 1971-09-08, 2441203, 103,137,173, 0, 0, 284868.6
Papiss_Cissé, 1985-06-03, 2446220, 2,2,5,7,101,173, 0, 0, 90264.88462
Sharon_den_Adel, 1974-07-12, 2442241, 19,173,743, 0, 0, 99170.11429
Sirhan_Sirhan, 1944-03-19, 2431169, 13,23,47,173, 0, 0, 177627.8889
Steve_Buscemi, 1957-12-13, 2436186, 2,3,173,2347, 0, 0, 273113.6444
Thomas_Edison, 1847-02-11, 2395704, 2,2,2,3,173,577, 0, 0, 306600.6905
Tom_DeLonge, 1975-12-13, 2442760, 2,2,2,5,173,353, 0, 0, 186471.129
