Alexander_Suvorov, 1730-11-24, 3,3,373,701, 30826.56818
Ayaan_Hirsi_Ali, 1969-11-13, 3,3,373,727, 86077.27778
Ernst_Mayr, 1904-07-05, 11,19,31,373, 19881.16216
Gerard_Butler, 1969-11-13, 3,3,373,727, 527557.6458
Ivan_Bunin, 1870-10-22, 2,11,293,373, 11877.41791
Niklaus_Wirth, 1934-02-15, 2,2,373,1627, 21623.28571
Pastor_Maldonado, 1985-03-09, 2,3,373,1093, 37250.54839
Theodor_Storm, 1817-09-14, 2,23,139,373, 43651.875
Tiger_Woods, 1975-12-30, 3,37,59,373, 362075.0714
Álvaro_Uribe, 1952-07-04, 2,13,251,373, 44387.37209
