Bruce_Dickinson, 1958-08-07, 2436423, 3,11,17,43,101, 0, 0, 211911.225
Dianne_Wiest, 1948-03-28, 2432639, 11,37,43,139, 0, 0, 92413.62963
Edmond_Halley, 1656-11-08, 2326214, 2,11,43,2459, 0, 0, 23497.42424
Emiliano_Zapata, 1879-08-08, 2407570, 2,5,11,43,509, 0, 0, 153499.2632
François_Tombalbaye, 1918-06-15, 2421760, 2,2,2,2,2,2,2,2,2,2,5,11,43, 0, 0, 6404.357143
Gennaro_Gattuso, 1978-01-09, 2443518, 2,3,3,7,11,41,43, 0, 0, 116553.5
Gerard_Piqué, 1987-02-02, 2446829, 7,11,43,739, 0, 0, 262678.4035
Hans_Christian_Gram, 1853-09-13, 2398110, 2,3,5,11,13,13,43, 0, 0, 9020.071429
Hans_von_Euler-Chelpin, 1873-02-15, 2405205, 3,3,5,11,43,113, 0, 0, 5790.078947
Heinrich_Müller_(Gestapo), 1900-04-28, 2415138, 2,3,11,23,37,43, 0, 0, 26534.74074
Jan_Oort, 1900-04-28, 2415138, 2,3,11,23,37,43, 0, 0, 9460.555556
John_Milton, 1608-12-09, 2308713, 3,11,43,1627, 0, 0, 88550.1875
Luís_Figo, 1972-11-04, 2441626, 2,11,29,43,89, 0, 0, 139567.4727
Roland_Barthes, 1915-11-12, 2420814, 2,3,11,43,853, 0, 0, 104930.8409
Sandra_Oh, 1971-07-20, 2441153, 11,13,43,397, 0, 0, 236545.7692
Steven_Pinker, 1954-09-18, 2435004, 2,2,3,3,11,11,13,43, 0, 0, 61697.31034
Tomislav_Nikolić, 1952-02-15, 2434058, 2,11,31,43,83, 0, 0, 17335.2381
William_IV_of_the_United_Kingdom, 1765-08-21, 2365946, 2,11,41,43,61, 0, 0, 82184.86207
