Donald_J._Cram, 1919-04-22, 2422071, 3,3,191,1409, 0, 0, 7246.967742
Edward_Gibbon, 1737-04-27, 2355603, 3,191,4111, 0, 0, 29020.15686
Guntis_Ulmanis, 1939-09-13, 2429520, 2,2,2,2,3,5,53,191, 0, 0, 5736.666667
Hugo_Sánchez, 1958-07-11, 2436396, 2,2,3,191,1063, 0, 0, 66336.86111
Jean-Baptiste_Colbert, 1619-08-29, 2312628, 2,2,3,191,1009, 0, 0, 55997.375
Jean-Pierre_Léaud, 1944-05-28, 2431239, 3,191,4243, 0, 0, 36471.5
Nelly_Furtado, 1978-12-02, 2443845, 3,5,191,853, 0, 0, 217296.7097
Oskar_Schindler, 1908-04-28, 2418060, 2,2,3,5,191,211, 0, 0, 259355.0392
Pope_Julius_II, 1443-12-05, 2248452, 2,2,3,3,3,109,191, 0, 0, 51360.11111
Rudy_Giuliani, 1944-05-28, 2431239, 3,191,4243, 0, 0, 110191.2973
Simon_Rolfes, 1982-01-21, 2444991, 3,17,191,251, 0, 0, 24718.39286
Vigdís_Finnbogadóttir, 1930-04-15, 2426082, 2,3,29,73,191, 0, 0, 10719.55
Vivienne_Westwood, 1941-04-08, 2430093, 3,191,4241, 0, 0, 152191.1111
Walter_Model, 1891-01-24, 2411757, 3,3,23,61,191, 0, 0, 49886.47368
William_Wordsworth, 1770-04-07, 2367636, 2,2,3,191,1033, 0, 0, 100490.8955
