Ali_Karimi, 1978-11-08, 2443821, 3,73,11159, 0, 0, 52668.85185
Bernard_Hinault, 1954-11-14, 2435061, 3,73,11119, 0, 0, 48089.6129
Boris_Yeltsin, 1931-02-01, 2426374, 2,73,16619, 0, 0, 80621.64835
Calista_Flockhart, 1964-11-11, 2438711, 11,73,3037, 0, 0, 226916.5862
Christopher_Tolkien, 1924-11-21, 2424111, 3,73,11069, 0, 0, 54680.19231
Condoleezza_Rice, 1954-11-14, 2435061, 3,73,11119, 0, 0, 158387.6615
David_Ferrer, 1982-04-02, 2445062, 2,73,16747, 0, 0, 75546.89744
Emma_Bunton, 1976-01-21, 2442799, 73,109,307, 0, 0, 175696.625
Eric_Dane, 1972-11-09, 2441631, 3,73,11149, 0, 0, 269623.1923
Erich_von_Däniken, 1935-04-14, 2427907, 73,79,421, 0, 0, 87168.94118
Ferdinand_Marcos, 1917-09-11, 2421483, 3,73,11057, 0, 0, 102976.9811
Hassan_Nasrallah, 1960-08-31, 2437178, 2,73,16693, 0, 0, 49055.45455
Jimmy_Connors, 1952-09-02, 2434258, 2,73,16673, 0, 0, 87814.09524
Johan_Djourou, 1987-01-18, 2446814, 2,73,16759, 0, 0, 44373.11765
Keisuke_Honda, 1986-06-13, 2446595, 5,73,6703, 0, 0, 240454.4054
Michael_Gough, 1916-11-23, 2421191, 17,73,1951, 0, 0, 70809.86207
Nicky_Butt, 1975-01-21, 2442434, 2,73,16729, 0, 0, 50058.06897
Paula_Abdul, 1962-06-19, 2437835, 5,73,6679, 0, 0, 242286.2619
Rupert_Grint, 1988-08-24, 2447398, 2,73,16763, 0, 0, 294582.8103
Valéry_Giscard_d'Estaing, 1926-02-02, 2424549, 3,73,11071, 0, 0, 62095.07143
Yanni, 1954-11-14, 2435061, 3,73,11119, 0, 0, 120811.6857
