Ahmed_Hassan_al-Bakr, 1914-07-01, 2420315, 5,19,73,349, 0, 0, 25269.51613
Albert_Szent-Györgyi, 1893-09-16, 2412723, 3,23,73,479, 0, 0, 227254.3636
Boris_Spassky, 1937-01-30, 2428564, 2,2,73,8317, 0, 0, 22564.2
Carla_Gugino, 1971-08-29, 2441193, 3,71,73,157, 0, 0, 315567.7931
Carlos_Moyá, 1976-08-27, 2443018, 2,29,73,577, 0, 0, 25231.02703
Chris_Pine, 1980-08-26, 2444478, 2,3,73,5581, 0, 0, 109093.1009
Deco, 1977-08-27, 2443383, 3,3,73,3719, 0, 0, 119133.5
Eddie_Van_Halen, 1955-01-26, 2435134, 2,13,73,1283, 0, 0, 256304.4667
Eva_Braun, 1912-02-06, 2419439, 11,23,73,131, 0, 0, 198532.873
Gloria_Estefan, 1957-09-01, 2436083, 13,17,73,151, 0, 0, 135408.1522
John_Garang, 1945-06-23, 2431630, 2,5,73,3331, 0, 0, 23075.6
Julia_Kristeva, 1941-06-24, 2430170, 2,5,73,3329, 0, 0, 40846.6129
Macaulay_Culkin, 1980-08-26, 2444478, 2,3,73,5581, 0, 0, 852066.5778
Mark_Webber, 1976-08-27, 2443018, 2,29,73,577, 0, 0, 84643.04255
Martin_Scorsese, 1942-11-17, 2430681, 3,11,73,1009, 0, 0, 261963.0606
Pope_Benedict_XVI, 1927-04-16, 2424987, 3,3,73,3691, 0, 0, 248370.2683
Riccardo_Montolivo, 1985-01-18, 2446084, 2,2,73,8377, 0, 0, 72649.05556
Robert_Walpole, 1676-08-26, 2333445, 3,5,73,2131, 0, 0, 27497.54
Stan_Getz, 1927-02-02, 2424914, 2,17,73,977, 0, 0, 53702.48485
Vanessa_Redgrave, 1937-01-30, 2428564, 2,2,73,8317, 0, 0, 177371.0227
William_S._Burroughs, 1914-02-05, 2420169, 3,43,73,257, 0, 0, 150601.525
