Anders_Fogh_Rasmussen, 1953-01-26, 2,2,3,7,73,397, 30848.08475
Benazir_Bhutto, 1953-06-21, 2,5,5,23,29,73, 74179.77174
Dennis_Quaid, 1954-04-09, 2,3,3,17,73,109, 292619.1111
Dominique_de_Villepin, 1953-11-14, 2,2,2,11,73,379, 36500.72727
Enzo_Francescoli, 1961-11-12, 2,2,2,2,73,2087, 61978.70588
Eren_Derdiyok, 1988-06-12, 3,3,5,5,73,149, 46217.75
Frank_Sherwood_Rowland, 1927-06-28, 2,2,5,11,73,151, 7302.361111
Glenn_T._Seaborg, 1912-04-19, 2,2,2,3,73,1381, 20086.36585
Józef_Piłsudski, 1867-12-05, 2,3,3,31,59,73, 136777.2642
Larry_King, 1933-11-19, 2,2,3,17,73,163, 169079.4722
Lars_Onsager, 1903-11-27, 2,3,3,3,73,613, 9906.073171
Marc_Chagall, 1887-07-07, 2,2,5,13,73,127, 163803.3559
Margaret_Atwood, 1939-11-18, 2,3,3,43,43,73, 83117.90476
Mauricio_Isla, 1988-06-12, 3,3,5,5,73,149, 53578.37931
Meryl_Streep, 1949-06-22, 2,3,5,11,73,101, 325459.9481
Robert_Koch, 1843-12-11, 2,3,7,11,71,73, 56331.39506
Ronald_Reagan, 1911-02-06, 2,3,3,7,73,263, 334460.6822
Rutherford_B._Hayes, 1822-10-04, 2,2,2,61,67,73, 46857.84884
Ulf_von_Euler, 1905-02-07, 2,2,3,31,73,89, 6411.78125
Werner_Herzog, 1942-09-05, 2,2,2,2,73,2081, 161592.5714
William_H._Seward, 1801-05-16, 3,3,3,17,71,73, 67231.67857
