Albert_Szent-Györgyi, 1893-09-16, 2412723, 3,23,73,479, 0, 0, 227254.3636
Alessandro_Del_Piero, 1974-11-09, 2442361, 73,33457, 0, 0, 210397.7377
Blake_Lively, 1987-08-25, 2447033, 73,33521, 0, 0, 689311.4048
Calista_Flockhart, 1964-11-11, 2438711, 11,73,3037, 0, 0, 226916.5862
Carla_Gugino, 1971-08-29, 2441193, 3,71,73,157, 0, 0, 315567.7931
Dennis_Quaid, 1954-04-09, 2434842, 2,3,3,17,73,109, 0, 0, 292619.1111
Eddie_Van_Halen, 1955-01-26, 2435134, 2,13,73,1283, 0, 0, 256304.4667
Ellen_Pompeo, 1969-11-10, 2440536, 2,2,2,3,7,73,199, 0, 0, 252505.697
Eric_Dane, 1972-11-09, 2441631, 3,73,11149, 0, 0, 269623.1923
Eva_Braun, 1912-02-06, 2419439, 11,23,73,131, 0, 0, 198532.873
Keisuke_Honda, 1986-06-13, 2446595, 5,73,6703, 0, 0, 240454.4054
Louis_XIV_of_France, 1638-09-05, 2319575, 5,5,31,41,73, 0, 0, 285747.7978
Macaulay_Culkin, 1980-08-26, 2444478, 2,3,73,5581, 0, 0, 852066.5778
Martin_Scorsese, 1942-11-17, 2430681, 3,11,73,1009, 0, 0, 261963.0606
Mel_Brooks, 1926-06-28, 2424695, 5,7,13,73,73, 0, 0, 194183.4565
Meryl_Streep, 1949-06-22, 2433090, 2,3,5,11,73,101, 0, 0, 325459.9481
Paula_Abdul, 1962-06-19, 2437835, 5,73,6679, 0, 0, 242286.2619
Pope_Benedict_XVI, 1927-04-16, 2424987, 3,3,73,3691, 0, 0, 248370.2683
Raquel_Welch, 1940-09-05, 2429878, 2,11,17,73,89, 0, 0, 252577
Ronald_Reagan, 1911-02-06, 2419074, 2,3,3,7,73,263, 0, 0, 334460.6822
Rupert_Grint, 1988-08-24, 2447398, 2,73,16763, 0, 0, 294582.8103
