Adam_Lambert, 1982-01-29, 2444999, 773,3163, 0, 0, 359594.1282
Carlos_Andrés_Pérez, 1922-10-27, 2423355, 3,5,11,19,773, 0, 0, 67926.7
Gary_Lineker, 1960-11-30, 2437269, 3,773,1051, 0, 0, 112439.7674
Heinrich_Heine, 1797-12-13, 2377748, 2,2,769,773, 0, 0, 86331.11667
Kristin_Davis, 1965-02-23, 2438815, 5,631,773, 0, 0, 216373.6333
Lawrence_Klein, 1920-09-14, 2422582, 2,773,1567, 0, 0, 9301.37931
Mario_Benedetti, 1920-09-14, 2422582, 2,773,1567, 0, 0, 186284.0333
Maurice_de_Vlaminck, 1876-04-04, 2406349, 11,283,773, 0, 0, 28753.51613
Mercedes_Sosa, 1935-07-09, 2427993, 3,3,349,773, 0, 0, 87252.02941
Missy_Elliott, 1971-07-01, 2441134, 2,773,1579, 0, 0, 239702.5333
Muqtada_al-Sadr, 1973-08-12, 2441907, 3,3,3,3,3,13,773, 0, 0, 37263.76471
Nero_Claudius_Drusus, -0038-01-14, 1707557, 47,47,773, 0, 0, 25560.96667
Tomas_Tranströmer, 1931-04-15, 2426447, 43,73,773, 0, 0, 17817.93056
Wim_Duisenberg, 1935-07-09, 2427993, 3,3,349,773, 0, 0, 17813.88889
