Colleen_McCullough, 1937-06-01, 2428686, 2,3,3,13,97,107, 0, 0, 31085.51852
Edward_I_of_England, 1239-06-17, 2173770, 2,3,3,3,5,83,97, 0, 0, 121767.5862
Eugenio_Montale, 1896-10-12, 2413845, 3,3,5,7,79,97, 0, 0, 38511.78333
Ian_Curtis, 1956-07-15, 2435670, 2,3,3,3,3,5,31,97, 0, 0, 209369.3429
Joaquim_Chissano, 1939-10-22, 2429559, 3,3,11,11,23,97, 0, 0, 8950.264706
Joe_Satriani, 1956-07-15, 2435670, 2,3,3,3,3,5,31,97, 0, 0, 240564.2703
Manuel_Roxas, 1892-01-01, 2412099, 3,3,3,3,97,307, 0, 0, 50564.90323
Morgan_Freeman, 1937-06-01, 2428686, 2,3,3,13,97,107, 0, 0, 432477.0909
Scatman_John, 1942-03-13, 2430432, 2,2,2,2,2,3,3,3,29,97, 0, 0, 150487.0645
Thor_Hushovd, 1978-01-18, 2443527, 3,3,3,3,97,311, 0, 0, 32520.83871
Viktor_Yushchenko, 1954-02-23, 2434797, 3,3,97,2789, 0, 0, 41953.59155
