Carl_Friedrich_Gauss, 1777-04-30, 2370216, 2,2,2,3,61,1619, 0, 0, 92773.60185
Clark_Gable, 1901-02-01, 2415417, 3,61,67,197, 0, 0, 182093.9828
Cobie_Smulders, 1982-04-03, 2445063, 3,31,61,431, 0, 0, 510936.5405
Damon_Albarn, 1968-03-23, 2439939, 3,61,67,199, 0, 0, 235849.7
David_Thewlis, 1963-03-20, 2438109, 3,3,61,4441, 0, 0, 181856.8571
Douglas_Adams, 1952-03-11, 2434083, 3,47,61,283, 0, 0, 204047.7895
Emily_Dickinson, 1830-12-10, 2389797, 3,3,3,61,1451, 0, 0, 116092
Fedor_Emelianenko, 1976-09-28, 2443050, 2,3,3,5,5,61,89, 0, 0, 571876.4286
Florentino_Pérez, 1947-03-08, 2432253, 3,61,13291, 0, 0, 81879.43333
Gabriella_Cilmi, 1991-10-10, 2448540, 2,2,3,3,5,61,223, 0, 0, 133658.9231
John_McCain, 1936-08-29, 2428410, 2,3,5,61,1327, 0, 0, 229144.573
Kristen_Stewart, 1990-04-09, 2447991, 3,3,7,7,7,13,61, 0, 0, 955837.0345
Lee_Marvin, 1924-02-19, 2423835, 3,3,5,61,883, 0, 0, 101383.1163
Lily_Tomlin, 1939-09-01, 2429508, 2,2,3,61,3319, 0, 0, 114911.1154
Maureen_O'Hara, 1920-08-17, 2422554, 2,3,61,6619, 0, 0, 123632.8214
Randy_Orton, 1980-04-01, 2444331, 3,19,19,37,61, 0, 0, 614329.4474
Saoirse_Ronan, 1994-04-12, 2449455, 3,5,61,2677, 0, 0, 322028.5161
Sean_Connery, 1930-08-25, 2426214, 2,3,7,61,947, 0, 0, 309066
Xherdan_Shaqiri, 1991-10-10, 2448540, 2,2,3,3,5,61,223, 0, 0, 125993.7037
Yasser_Arafat, 1929-08-24, 2425848, 2,2,2,3,61,1657, 0, 0, 114414.3936
Óscar_Romero, 1917-08-15, 2421456, 2,2,2,2,3,61,827, 0, 0, 95163.2069
