Charles_Lyell, 1797-11-14, 3,3,61,61,71, 38016.69231
David_Seaman, 1963-09-19, 2,2,3,61,3331, 54429.36111
Emily_Dickinson, 1830-12-10, 3,3,3,61,1451, 116092
Hua_Guofeng, 1921-02-16, 3,3,3,61,1471, 56808.74286
John_McCain, 1936-08-29, 2,3,5,61,1327, 229144.573
Lee_Marvin, 1924-02-19, 3,3,5,61,883, 101383.1163
Lily_Tomlin, 1939-09-01, 2,2,3,61,3319, 114911.1154
Miguel_Primo_de_Rivera, 1870-01-08, 3,3,29,61,151, 35073.47368
Randy_Orton, 1980-04-01, 3,19,19,37,61, 614329.4474
Raymond_Chandler, 1888-07-23, 2,3,7,61,941, 69268.86957
Sam_Querrey, 1987-10-07, 2,2,3,61,3343, 24105.26923
Sean_Connery, 1930-08-25, 2,3,7,61,947, 309066
Walter_Model, 1891-01-24, 3,3,23,61,191, 49886.47368
