Alan_Sillitoe, 1928-03-04, 2425310, 2,5,283,857, 0, 0, 17199.5
Arthur_Wellesley,_1st_Duke_of_Wellington, 1769-05-01, 2367295, 5,7,239,283, 0, 0, 11661.27273
Bruno_Schulz, 1892-07-12, 2412292, 2,2,283,2131, 0, 0, 41198.88462
Douglas_Adams, 1952-03-11, 2434083, 3,47,61,283, 0, 0, 204047.7895
Konstantin_Zyryanov, 1977-10-05, 2443422, 2,3,283,1439, 0, 0, 9710.025
Lee_Harvey_Oswald, 1939-10-18, 2429555, 5,17,101,283, 0, 0, 273467.78
Nicolas_Boileau-Despréaux, 1636-11-01, 2318902, 2,17,241,283, 0, 0, 29682.925
Ricardo_Martinelli, 1952-03-11, 2434083, 3,47,61,283, 0, 0, 21014.73529
Siphiwe_Tshabalala, 1984-09-25, 2445969, 3,43,67,283, 0, 0, 29740.03125
Sándor_Kocsis, 1929-09-21, 2425876, 2,2,283,2143, 0, 0, 24259.2069
