Afonso_II_of_Portugal, 1185-04-23, 2153992, 2,2,2,19,37,383, 0, 0, 12430.96429
Bar_Refaeli, 1985-06-04, 2446221, 3,383,2129, 0, 0, 419797.3929
Enrique_Peña_Nieto, 1966-07-20, 2439327, 3,11,193,383, 0, 0, 124494.3684
Giovanni_Battista_Belzoni, 1778-11-05, 2370770, 2,5,383,619, 0, 0, 16558.06897
Goh_Chok_Tong, 1941-05-20, 2430135, 3,3,3,5,47,383, 0, 0, 23160.2963
Heinrich_von_Kleist, 1777-10-18, 2370387, 3,383,2063, 0, 0, 55453.85417
Hugo_Weaving, 1960-04-04, 2437029, 3,3,7,101,383, 0, 0, 251301.1463
Igor_Denisov, 1984-05-17, 2445838, 2,31,103,383, 0, 0, 11440.45946
Jacques_Hébert, 1757-11-15, 2363110, 2,5,383,617, 0, 0, 16786.46667
Knut_Hamsun, 1859-08-04, 2400261, 3,383,2089, 0, 0, 36787.80822
Laura_Prepon, 1980-03-07, 2444306, 2,383,3191, 0, 0, 190213.9787
Luc_Besson, 1959-03-18, 2436646, 2,383,3181, 0, 0, 147732.7826
Lukas_Podolski, 1985-06-04, 2446221, 3,383,2129, 0, 0, 198719.7963
Michel_Butor, 1926-09-14, 2424773, 13,383,487, 0, 0, 18570.7037
Nicola_Abbagnano, 1901-07-15, 2415581, 7,17,53,383, 0, 0, 10689
Orlando_Bloom, 1977-01-13, 2443157, 383,6379, 0, 0, 313083.0147
Pierre_Messmer, 1916-03-20, 2420943, 3,7,7,43,383, 0, 0, 15107.9
Rowan_Atkinson, 1955-01-06, 2435114, 2,11,17,17,383, 0, 0, 305651.8824
Severo_Ochoa, 1905-09-24, 2417113, 383,6311, 0, 0, 24310.82353
Tristan_Tzara, 1896-04-16, 2413666, 2,23,137,383, 0, 0, 51753.45
Zhang_Yimou, 1951-11-14, 2433965, 5,31,41,383, 0, 0, 73821.17143
