Auguste_Piccard, 1884-01-28, 2409204, 2,2,3,7,23,29,43, 0, 0, 25905.83333
Barry_Levinson, 1942-04-06, 2430456, 2,2,2,3,7,17,23,37, 0, 0, 47865.37037
Boris_Shaposhnikov, 1882-10-02, 2408721, 3,7,23,4987, 0, 0, 9847.655172
Chris_Cooper, 1951-07-09, 2433837, 3,7,23,5039, 0, 0, 44970.2
Christijan_Albers, 1979-04-16, 2443980, 2,2,3,5,7,11,23,23, 0, 0, 13423.53333
Daniel_Nestor, 1972-09-04, 2441565, 3,3,5,7,23,337, 0, 0, 26080.51852
Feodor_I_of_Russia, 1557-05-31, 2289903, 3,7,11,23,431, 0, 0, 26546.88372
Ferdinand_I_of_Portugal, 1345-10-31, 2212623, 3,3,3,7,23,509, 0, 0, 15271.12903
Isabelle_Adjani, 1955-06-27, 2435286, 2,3,7,23,2521, 0, 0, 120835.4255
Jack_Rodwell, 1991-03-11, 2448327, 3,7,23,37,137, 0, 0, 53633.66667
Janeane_Garofalo, 1964-09-28, 2438667, 3,3,3,3,7,11,17,23, 0, 0, 156328.2222
Jim_Cummings, 1952-11-03, 2434320, 2,2,2,2,3,3,3,5,7,7,23, 0, 0, 120277.8846
Marc_Anthony, 1968-09-16, 2440116, 2,2,3,3,7,23,421, 0, 0, 342956.3636
Paul_Newman, 1925-01-26, 2424177, 3,3,7,7,23,239, 0, 0, 242660.0278
Ron_Howard, 1954-03-01, 2434803, 3,7,23,71,71, 0, 0, 216547.2093
Sébastien_Squillaci, 1980-08-11, 2444463, 3,3,7,7,23,241, 0, 0, 46577.54545
Viktor_Vasnetsov, 1848-05-15, 2396163, 3,7,11,11,23,41, 0, 0, 17506.80556
Vladimir_Prelog, 1906-07-23, 2417415, 3,5,7,7,11,13,23, 0, 0, 8446.348837
William_H._Macy, 1950-03-13, 2433354, 2,3,7,11,23,229, 0, 0, 161777.1
