Alfred_Döblin, 1878-08-10, 2407207, 11,53,4129, 0, 0, 18983.97297
Francis_Ford_Coppola, 1939-04-07, 2429361, 3,3,11,53,463, 0, 0, 196284.1053
Frank_Lloyd_Wright, 1867-06-08, 2403126, 2,3,3,11,53,229, 0, 0, 136058.9579
Helena_Bonham_Carter, 1966-05-26, 2439272, 2,2,2,11,53,523, 0, 0, 499967.7872
Kevin_Durant, 1988-09-29, 2447434, 2,11,53,2099, 0, 0, 265804.8974
Manu_Ginóbili, 1977-07-28, 2443353, 3,11,11,53,127, 0, 0, 101874.4063
Paul_Berg, 1926-06-30, 2424697, 11,53,4159, 0, 0, 11365.64865
Pietro_Aretino, 1492-04-20, 2266121, 11,13,13,23,53, 0, 0, 27723.35484
Rudolf_Carnap, 1891-05-18, 2411871, 3,7,11,53,197, 0, 0, 25429.05556
Samuel_C._C._Ting, 1936-01-27, 2428195, 5,7,7,11,17,53, 0, 0, 12305.13158
Warren_G._Harding, 1865-11-02, 2402543, 11,13,53,317, 0, 0, 90790.87356
William_Hanna, 1910-07-14, 2418867, 3,3,11,53,461, 0, 0, 56274.93333
