Anastasia_Pavlyuchenkova, 1991-07-03, 2448441, 3,3,3,29,53,59, 0, 0, 19582.68966
Ashanti_(singer), 1980-10-13, 2444526, 2,3,3,3,7,29,223, 0, 0, 10490.42857
Charles_M._Schulz, 1922-11-26, 2423385, 3,3,3,5,29,619, 0, 0, 82367.51724
Frederick_Sanger, 1918-08-13, 2421819, 3,3,3,3,29,1031, 0, 0, 28016.34043
Giovani_dos_Santos, 1989-05-11, 2447658, 2,3,3,3,3,29,521, 0, 0, 181366.0541
Jody_Williams, 1950-10-09, 2433564, 2,2,3,3,3,3,7,29,37, 0, 0, 16278.65625
Karl_Ernst_von_Baer, 1792-02-17, 2375622, 2,3,3,3,29,37,41, 0, 0, 12786.66667
Keri_Hilson, 1982-12-05, 2445309, 3,3,3,3,3,29,347, 0, 0, 290769.3333
Manuel_Azaña, 1880-01-10, 2407725, 3,3,3,3,5,5,29,41, 0, 0, 32292.34211
Mia_Hamm, 1972-03-17, 2441394, 2,3,3,3,29,1559, 0, 0, 106310.3871
Nicolas_Léonard_Sadi_Carnot, 1796-06-01, 2377188, 2,2,3,3,3,3,11,23,29, 0, 0, 20451.72727
Scatman_John, 1942-03-13, 2430432, 2,2,2,2,2,3,3,3,29,97, 0, 0, 150487.0645
Scott_Parker, 1980-10-13, 2444526, 2,3,3,3,7,29,223, 0, 0, 46525.8
Stanley_Milgram, 1933-08-15, 2427300, 2,2,3,3,3,5,5,29,31, 0, 0, 47217.96875
Thomas_Keneally, 1935-10-07, 2428083, 3,3,3,7,29,443, 0, 0, 19366.69231
Édouard_Balladur, 1929-05-02, 2425734, 2,3,3,3,29,1549, 0, 0, 29844.03448
