Adrian_Sutil, 1983-01-11, 2445346, 2,83,14731, 0, 0, 35662.66667
Carlos_Vela, 1989-03-01, 2447587, 37,83,797, 0, 0, 109305.9
Daniella_Monet, 1989-03-01, 2447587, 37,83,797, 0, 0, 166058.8462
Deodoro_da_Fonseca, 1827-08-05, 2388574, 2,83,14389, 0, 0, 34165.08108
Errico_Malatesta, 1853-12-14, 2398202, 2,83,14447, 0, 0, 24253.21429
Gene_Hackman, 1930-01-30, 2426007, 3,83,9743, 0, 0, 160222.5882
Georges_Cuvier, 1769-08-23, 2367409, 11,83,2593, 0, 0, 36766.48936
Jody_Scheckter, 1950-01-29, 2433311, 19,83,1543, 0, 0, 33441.31034
Leon_Panetta, 1938-06-28, 2429078, 2,83,14633, 0, 0, 107243.3333
Leszek_Kołakowski, 1927-10-23, 2425177, 61,83,479, 0, 0, 30935.73333
Marcelo_Ríos, 1975-12-26, 2442773, 19,83,1549, 0, 0, 34655.6
Marie_Tussaud, 1761-12-01, 2364587, 31,83,919, 0, 0, 29224.15625
Melinda_Gates, 1964-08-15, 2438623, 11,83,2671, 0, 0, 147825.3333
Oscar_Pistorius, 1986-11-22, 2446757, 41,83,719, 0, 0, 221675.4286
Paolo_Maldini, 1968-06-26, 2440034, 2,83,14699, 0, 0, 143465.0847
Paul_Ince, 1967-10-21, 2439785, 5,83,5879, 0, 0, 70763.32143
Poul_Anderson, 1926-11-25, 2424845, 5,83,5843, 0, 0, 27852.59375
Rafael_Moneo, 1937-05-09, 2428663, 29,83,1009, 0, 0, 32719.42308
Rudyard_Kipling, 1865-12-30, 2402601, 3,83,9649, 0, 0, 108726.382
Tim_Krul, 1988-04-03, 2447255, 5,83,5897, 0, 0, 43543.53846
Tracy_McGrady, 1979-05-24, 2444018, 2,83,14723, 0, 0, 151997.5833
