Andrey_Markov, 1856-06-14, 2399115, 3,5,41,47,83, 0, 0, 13355.25
AnnaSophia_Robb, 1993-12-08, 2449330, 2,5,13,83,227, 0, 0, 281830.5946
Cornelia_Funke, 1958-12-10, 2436548, 2,2,41,83,179, 0, 0, 69351.46154
Damien_Duff, 1979-03-02, 2443935, 3,5,13,83,151, 0, 0, 40192.15789
Frank_Oz, 1944-05-25, 2431236, 2,2,3,83,2441, 0, 0, 148326.5385
Fritz_Todt, 1891-09-04, 2411980, 2,2,5,83,1453, 0, 0, 23770.5
Gastón_Gaudio, 1978-12-09, 2443852, 2,2,17,83,433, 0, 0, 26141.82143
Gideon_Sundback, 1880-04-24, 2407830, 2,3,5,83,967, 0, 0, 240902.9762
Giorgio_Chiellini, 1984-08-14, 2445927, 3,11,19,47,83, 0, 0, 61076.69767
Herbert_Spencer, 1820-04-27, 2385918, 2,3,3,83,1597, 0, 0, 90693.82353
Hugo_Almeida, 1984-05-23, 2445844, 2,2,53,83,139, 0, 0, 57602.40541
Humphry_Davy, 1778-12-17, 2370812, 2,2,37,83,193, 0, 0, 31703.83051
James_Cameron, 1954-08-16, 2434971, 3,7,11,83,127, 0, 0, 290244.2571
John_Kerry, 1943-12-11, 2431070, 2,5,29,83,101, 0, 0, 128333.8039
Justin_Bieber, 1994-03-01, 2449413, 3,3,3,83,1093, 0, 0, 1208064.543
Milton_Obote, 1925-12-28, 2424513, 3,7,13,83,107, 0, 0, 29274.33333
Robin_Söderling, 1984-08-14, 2445927, 3,11,19,47,83, 0, 0, 57307.97297
Ronald_Coase, 1910-12-29, 2419035, 3,5,29,67,83, 0, 0, 30765.36585
Tomislav_Nikolić, 1952-02-15, 2434058, 2,11,31,43,83, 0, 0, 17335.2381
Torsten_Frings, 1976-11-22, 2443105, 5,7,29,29,83, 0, 0, 44018.41026
Ville_Valo, 1976-11-22, 2443105, 5,7,29,29,83, 0, 0, 124567.1944
