Alessandro_Nesta, 1976-03-19, 2,2,2,13,83,283, 100831.5333
Antolín_Alcaraz, 1982-07-30, 2,2,3,5,83,491, 13682.46429
Arturo_Pérez-Reverte, 1951-11-25, 3,5,5,17,23,83, 50282.93939
Cadel_Evans, 1977-02-14, 2,2,3,11,83,223, 54956.5641
Chinghiz_Aitmatov, 1928-12-12, 2,2,2,13,83,281, 19502.76
Christian_Eriksen, 1992-02-14, 2,3,3,11,83,149, 79848.75862
Edvard_Beneš, 1884-05-28, 2,2,3,41,59,83, 33930.92105
Freddie_Highmore, 1992-02-14, 2,3,3,11,83,149, 289959.8214
Gamal_Abdel_Nasser, 1918-01-15, 2,2,2,7,83,521, 90908.06579
Gaël_Monfils, 1986-09-01, 2,3,17,17,17,83, 53312.95122
Haakon_VII_of_Norway, 1872-08-03, 2,2,2,2,83,1811, 33631.62791
Johann_Gottfried_Herder, 1744-08-25, 3,3,7,11,41,83, 39952.11765
Milo_Đukanović, 1962-02-15, 2,3,5,11,83,89, 13263.26316
Rafael_Correa, 1963-04-06, 5,5,5,5,47,83, 26181.33566
Walter_Ulbricht, 1893-06-30, 2,2,13,13,43,83, 53945.88095
