Allison_Mack, 1982-07-29, 2445180, 2,2,3,5,83,491, 0, 0, 130668.8214
AnnaSophia_Robb, 1993-12-08, 2449330, 2,5,13,83,227, 0, 0, 281830.5946
Bobby_Jindal, 1971-06-10, 2441113, 83,29411, 0, 0, 132530.5862
Daniella_Monet, 1989-03-01, 2447587, 37,83,797, 0, 0, 166058.8462
Frank_Oz, 1944-05-25, 2431236, 2,2,3,83,2441, 0, 0, 148326.5385
Gene_Hackman, 1930-01-30, 2426007, 3,83,9743, 0, 0, 160222.5882
Gideon_Sundback, 1880-04-24, 2407830, 2,3,5,83,967, 0, 0, 240902.9762
James_Cameron, 1954-08-16, 2434971, 3,7,11,83,127, 0, 0, 290244.2571
Justin_Bieber, 1994-03-01, 2449413, 3,3,3,83,1093, 0, 0, 1208064.543
Kurt_Angle, 1968-12-09, 2440200, 2,2,2,3,5,5,7,7,83, 0, 0, 324973.8889
Lamar_Odom, 1979-11-06, 2444184, 2,2,2,3,3,83,409, 0, 0, 363214.0357
Mark_Harmon, 1951-09-02, 2433892, 2,2,83,7331, 0, 0, 389498.5333
Melinda_Gates, 1964-08-15, 2438623, 11,83,2671, 0, 0, 147825.3333
Natalie_Portman, 1981-06-09, 2444765, 5,43,83,137, 0, 0, 583969.4487
Oscar_Pistorius, 1986-11-22, 2446757, 41,83,719, 0, 0, 221675.4286
Paolo_Maldini, 1968-06-26, 2440034, 2,83,14699, 0, 0, 143465.0847
Ted_Bundy, 1946-11-24, 2432149, 83,29303, 0, 0, 563540.1842
Tom_Selleck, 1945-01-29, 2431485, 3,3,3,5,7,31,83, 0, 0, 277634.5278
Tracy_McGrady, 1979-05-24, 2444018, 2,83,14723, 0, 0, 151997.5833
Vincent_Cassel, 1966-11-23, 2439453, 3,83,97,101, 0, 0, 253333.3784
Walt_Whitman, 1819-05-31, 2385586, 2,7,83,2053, 0, 0, 134698.7937
