Abdullah_II_of_Jordan, 1962-01-30, 2437695, 3,3,3,3,5,13,463, 0, 0, 78509.71429
Alfred_Hitchcock, 1899-08-13, 2414880, 2,2,2,2,2,3,3,3,5,13,43, 0, 0, 232167.01
Billy_Crystal, 1948-03-14, 2432625, 3,5,5,5,13,499, 0, 0, 136676.8
Damien_Duff, 1979-03-02, 2443935, 3,5,13,83,151, 0, 0, 40192.15789
Eazy-E, 1963-09-07, 2438280, 2,2,2,3,3,5,13,521, 0, 0, 402529.2258
Ferdinand_II_of_Aragon, 1452-03-10, 2251470, 2,3,5,13,23,251, 0, 0, 66013.89091
Girolamo_Savonarola, 1452-09-21, 2251665, 3,3,3,5,13,1283, 0, 0, 68041.46
Herbert_Marcuse, 1898-07-19, 2414490, 2,3,5,13,41,151, 0, 0, 52662.16667
Howard_Hawks, 1896-05-30, 2413710, 2,3,3,5,13,2063, 0, 0, 55869.51515
Joel_Schumacher, 1939-08-29, 2429505, 3,3,5,13,4153, 0, 0, 103374.1071
Kelsey_Grammer, 1955-02-21, 2435160, 2,2,2,3,5,7,13,223, 0, 0, 302374.5172
L._Frank_Baum, 1856-05-15, 2399085, 3,3,3,5,13,1367, 0, 0, 72106.79412
Lauren_Bacall, 1924-09-16, 2424045, 3,5,13,31,401, 0, 0, 180957.5
Mikhail_Bakhtin, 1895-11-17, 2413515, 3,5,13,12377, 0, 0, 44787.85
Pierre_Bourdieu, 1930-08-01, 2426190, 2,3,5,13,6221, 0, 0, 168694.9556
Roald_Dahl, 1916-09-13, 2421120, 2,2,2,2,2,2,2,3,5,13,97, 0, 0, 261161.2745
Robert_Pirès, 1973-10-29, 2441985, 3,5,7,13,1789, 0, 0, 72993.38462
Rubén_Darío, 1867-01-18, 2402985, 3,5,13,12323, 0, 0, 143797.8261
Rudolph_Valentino, 1895-05-06, 2413320, 2,2,2,3,5,7,13,13,17, 0, 0, 103537.025
Saif_Ali_Khan, 1970-08-16, 2440815, 3,5,13,12517, 0, 0, 301988.375
Stephen_Ireland, 1986-08-22, 2446665, 3,5,13,12547, 0, 0, 61837.88462
