50_Cent, 1975-07-06, 2442600, 2,2,2,3,3,5,5,23,59, 0, 0, 632055.6716
Billy_Mays, 1958-07-20, 2436405, 3,5,59,2753, 0, 0, 217374.9375
Dominic_Howard, 1977-12-07, 2443485, 3,5,11,59,251, 0, 0, 60687.37931
Heinrich_Harrer, 1912-07-06, 2419590, 2,3,5,59,1367, 0, 0, 85931.60714
Hicham_El_Guerrouj, 1974-09-14, 2442305, 5,17,59,487, 0, 0, 49132.84375
Ingvar_Kamprad, 1926-03-30, 2424605, 5,59,8219, 0, 0, 118060.4545
James_Coburn, 1928-08-31, 2425490, 2,5,59,4111, 0, 0, 102582.3182
James_Milner, 1986-01-04, 2446435, 5,59,8293, 0, 0, 62087.87179
Julia_Ormond, 1965-01-04, 2438765, 5,7,59,1181, 0, 0, 127790.4444
Kellan_Lutz, 1985-03-15, 2446140, 2,2,3,5,59,691, 0, 0, 340049.3333
Larry_Bird, 1956-12-07, 2435815, 5,23,59,359, 0, 0, 236042.4103
Lucy_Lawless, 1968-03-29, 2439945, 3,3,5,59,919, 0, 0, 204632.0741
Luiz_Felipe_Scolari, 1948-11-09, 2432865, 3,5,59,2749, 0, 0, 83181.15385
Mary_Lynn_Rajskub, 1971-06-22, 2441125, 5,5,5,59,331, 0, 0, 99592.62963
Michael_Cera, 1988-06-07, 2447320, 2,2,2,5,17,59,61, 0, 0, 487260.037
Mike_Myers, 1963-05-25, 2438175, 3,5,5,19,29,59, 0, 0, 160244.0513
Miklós_Fehér, 1979-07-20, 2444075, 5,5,59,1657, 0, 0, 110002.2692
Park_Geun-hye, 1952-02-02, 2434045, 5,37,59,223, 0, 0, 60784.65957
Queen_Rania_of_Jordan, 1970-08-31, 2440830, 2,3,5,7,59,197, 0, 0, 148003.2105
Richard_Gere, 1949-08-31, 2433160, 2,2,2,5,59,1031, 0, 0, 308734.8704
Roy_Lichtenstein, 1923-10-27, 2423720, 2,2,2,5,13,59,79, 0, 0, 199549.0833
