Adrian_Năstase, 1950-06-22, 2433455, 5,59,73,113, 0, 0, 9266.16129
Billy_Mays, 1958-07-20, 2436405, 3,5,59,2753, 0, 0, 217374.9375
Hicham_El_Guerrouj, 1974-09-14, 2442305, 5,17,59,487, 0, 0, 49132.84375
Iveta_Radičová, 1956-12-07, 2435815, 5,23,59,359, 0, 0, 13756.6875
Jack_Steinberger, 1921-05-25, 2422835, 5,43,59,191, 0, 0, 10915.40541
James_Coburn, 1928-08-31, 2425490, 2,5,59,4111, 0, 0, 102582.3182
Julia_Ormond, 1965-01-04, 2438765, 5,7,59,1181, 0, 0, 127790.4444
Larry_Bird, 1956-12-07, 2435815, 5,23,59,359, 0, 0, 236042.4103
Luiz_Felipe_Scolari, 1948-11-09, 2432865, 3,5,59,2749, 0, 0, 83181.15385
Miklós_Fehér, 1979-07-20, 2444075, 5,5,59,1657, 0, 0, 110002.2692
Park_Geun-hye, 1952-02-02, 2434045, 5,37,59,223, 0, 0, 60784.65957
