Albert_Fert, 1938-03-07, 2428965, 3,3,5,7,11,701, 0, 0, 13182.95652
Anton_Makarenko, 1888-01-13, 2410650, 2,3,3,5,5,11,487, 0, 0, 26749.89286
Aníbal_Cavaco_Silva, 1939-07-15, 2429460, 2,2,3,3,3,5,11,409, 0, 0, 21954
Boris_Kolker, 1939-07-15, 2429460, 2,2,3,3,3,5,11,409, 0, 0, 2086.814815
Carlos_Castaneda, 1925-12-25, 2424510, 2,3,3,5,11,31,79, 0, 0, 114968.2286
David_Baltimore, 1938-03-07, 2428965, 3,3,5,7,11,701, 0, 0, 15832.47059
Françoise_Sagan, 1935-06-21, 2427975, 3,3,3,3,5,5,11,109, 0, 0, 64807.75676
Frederick_V,_Elector_Palatine, 1596-08-26, 2304225, 3,3,5,5,7,7,11,19, 0, 0, 8792.25
Gustav_Fechner, 1801-04-19, 2378970, 2,3,3,3,3,3,5,11,89, 0, 0, 18864.6
Hans_von_Euler-Chelpin, 1873-02-15, 2405205, 3,3,5,11,43,113, 0, 0, 5790.078947
Heidi_Klum, 1973-06-01, 2441835, 3,3,5,11,4933, 0, 0, 364413
John_Surtees, 1934-02-11, 2427480, 2,2,2,3,3,5,11,613, 0, 0, 30555.1875
Lothar_Matthäus, 1961-03-21, 2437380, 2,2,3,3,5,11,1231, 0, 0, 106941.5882
Manuel_Noriega, 1934-02-11, 2427480, 2,2,2,3,3,5,11,613, 0, 0, 104634.7073
Mark_Hamill, 1951-09-25, 2433915, 3,3,3,5,11,11,149, 0, 0, 378820.2353
Möngke_Khan, 1209-01-10, 2162655, 3,3,5,11,17,257, 0, 0, 26244.86667
Nat_King_Cole, 1919-03-17, 2422035, 3,3,3,5,7,11,233, 0, 0, 131799.625
Pyotr_Stolypin, 1862-04-14, 2401245, 3,3,3,3,5,7,7,11,11, 0, 0, 23055.94118
