Daniel_Nathans, 1928-10-30, 2425550, 2,5,5,139,349, 0, 0, 6806.419355
Daniil_Kharms, 1905-12-30, 2417210, 2,5,37,47,139, 0, 0, 14385.16667
Didier_Deschamps, 1968-10-15, 2440145, 5,139,3511, 0, 0, 82535.58974
Evanna_Lynch, 1991-08-16, 2448485, 5,13,139,271, 0, 0, 271014.2759
Felix_Magath, 1953-07-26, 2434585, 5,31,113,139, 0, 0, 72597.9
Joe_Lieberman, 1942-02-24, 2430415, 5,13,139,269, 0, 0, 78233.25
Jukka_Nevalainen, 1978-04-21, 2443620, 2,2,3,5,139,293, 0, 0, 27226.18519
Kaley_Cuoco, 1985-11-30, 2446400, 2,2,2,2,2,2,5,5,11,139, 0, 0, 965585.4
Lee_Van_Cleef, 1925-01-09, 2424160, 2,2,2,2,2,5,109,139, 0, 0, 125683.5405
Michel_Platini, 1955-06-21, 2435280, 2,2,2,2,3,5,73,139, 0, 0, 101190.0984
Wolfgang_Paul, 1913-08-10, 2419990, 2,5,139,1741, 0, 0, 6037.432432
