Alexandre_Dumas, 1802-07-28, 2379435, 3,5,41,53,73, 0, 0, 88759
André_Ooijer, 1974-07-11, 2442240, 2,2,2,2,2,2,2,2,2,2,3,3,5,53, 0, 0, 22548.5
Guntis_Ulmanis, 1939-09-13, 2429520, 2,2,2,2,3,5,53,191, 0, 0, 5736.666667
Joseph_Schumpeter, 1883-02-08, 2408850, 2,3,3,5,5,53,101, 0, 0, 87888.2381
Leo_Tolstoy, 1828-09-09, 2388975, 3,5,5,53,601, 0, 0, 131556.439
Owen_Hargreaves, 1981-01-20, 2444625, 3,3,5,5,5,41,53, 0, 0, 94495.67442
Paulo_Mendes_da_Rocha, 1928-10-25, 2425545, 3,3,3,3,5,53,113, 0, 0, 21050.73077
Peter_Naur, 1928-10-25, 2425545, 3,3,3,3,5,53,113, 0, 0, 8011.851852
Rachel_McAdams, 1978-11-17, 2443830, 2,3,5,29,53,53, 0, 0, 626933.5366
Rafael_Trujillo, 1891-10-24, 2412030, 2,3,5,37,41,53, 0, 0, 113953.3077
