Alan_Hutton, 1984-11-30, 2446035, 3,5,179,911, 0, 0, 31213.03704
Cameron_Diaz, 1972-08-30, 2441560, 2,2,2,5,11,31,179, 0, 0, 442533.4559
Demi_Moore, 1962-11-11, 2437980, 2,2,3,5,179,227, 0, 0, 396399.0143
Fahd_of_Saudi_Arabia, 1921-03-16, 2422765, 5,179,2707, 0, 0, 64990
George_Boole, 1815-11-02, 2384280, 2,2,2,3,3,5,37,179, 0, 0, 36059.67925
Jim_Jarmusch, 1953-01-22, 2434400, 2,2,2,2,2,5,5,17,179, 0, 0, 110784.1081
Mercedes_Ruehl, 1948-02-28, 2432610, 2,3,3,5,151,179, 0, 0, 34483.17857
Nigel_de_Jong, 1984-11-30, 2446035, 3,5,179,911, 0, 0, 74471.40476
Pavel_Nedvěd, 1972-08-30, 2441560, 2,2,2,5,11,31,179, 0, 0, 102004.7872
Steve_Wozniak, 1950-08-11, 2433505, 5,179,2719, 0, 0, 311643.2182
Steven_Chu, 1948-02-28, 2432610, 2,3,3,5,151,179, 0, 0, 41290.17021
