Anna_Gavalda, 1970-12-09, 2440930, 2,5,19,29,443, 0, 0, 47316.44444
Benjamin_Thompson, 1753-03-26, 2361415, 5,7,19,53,67, 0, 0, 22550.88889
Carlos_Andrés_Pérez, 1922-10-27, 2423355, 3,5,11,19,773, 0, 0, 67926.7
Connie_Francis, 1938-12-12, 2429245, 5,7,13,19,281, 0, 0, 105616.1481
Craig_David, 1981-05-05, 2444730, 2,3,5,19,4289, 0, 0, 135133.5882
Domenico_Modugno, 1928-01-09, 2425255, 5,7,7,19,521, 0, 0, 57215.81081
Emilia_Fox, 1974-07-31, 2442260, 2,2,5,19,6427, 0, 0, 102005.1034
Emmanuel_Eboué, 1983-06-04, 2445490, 2,5,19,61,211, 0, 0, 68044.39474
Friedrich_Nietzsche, 1844-10-15, 2394855, 3,3,5,19,2801, 0, 0, 336278.3761
Giorgio_Armani, 1934-07-11, 2427630, 2,3,5,19,4259, 0, 0, 140216.7949
Jane_Lynch, 1960-07-14, 2437130, 2,5,19,101,127, 0, 0, 388854.2414
Joe_Pesci, 1943-02-09, 2430765, 3,3,5,19,2843, 0, 0, 240775.8947
Ken_Russell, 1927-07-03, 2425065, 3,5,19,67,127, 0, 0, 52580.80769
Lawrence_Durrell, 1912-02-27, 2419460, 2,2,5,19,6367, 0, 0, 27569.97059
Leonid_Gaidai, 1923-01-30, 2423450, 2,5,5,19,2551, 0, 0, 9525.37931
Liédson, 1977-12-17, 2443495, 5,17,17,19,89, 0, 0, 40936.74074
Mercè_Rodoreda, 1908-10-10, 2418225, 3,5,5,19,1697, 0, 0, 19765.72414
Petr_Čech, 1982-05-20, 2445110, 2,5,17,19,757, 0, 0, 129238.3393
Ricky_Martin, 1971-12-24, 2441310, 2,3,5,19,4283, 0, 0, 233111.8421
Taylor_Momsen, 1993-07-26, 2449195, 5,7,19,29,127, 0, 0, 448704.027
Tony_Curtis, 1925-06-03, 2424305, 5,13,13,19,151, 0, 0, 173627.3137
