Floriano_Peixoto, 1839-04-30, 2392860, 2,2,3,5,19,2099, 0, 0, 22539
Friedrich_Georg_Wilhelm_von_Struve, 1793-04-15, 2376045, 3,3,5,7,19,397, 0, 0, 5553.75
Giovanni_Trapattoni, 1939-03-17, 2429340, 2,2,3,5,19,2131, 0, 0, 84015.85294
James_Meade, 1907-06-23, 2417750, 2,5,5,5,19,509, 0, 0, 7406.030303
Jon_Dahl_Tomasson, 1976-08-29, 2443020, 2,2,3,5,19,2143, 0, 0, 48195.02941
Li_Peng, 1928-10-20, 2425540, 2,2,5,13,19,491, 0, 0, 88356.85185
Luis_Suárez, 1987-01-24, 2446820, 2,2,5,19,47,137, 0, 0, 138751.72
Mike_Myers, 1963-05-25, 2438175, 3,5,5,19,29,59, 0, 0, 160244.0513
Pastora_Soler, 1978-09-28, 2443780, 2,2,5,19,59,109, 0, 0, 20111.25926
Pehr_Evind_Svinhufvud, 1861-12-15, 2401125, 3,5,5,5,19,337, 0, 0, 8997.636364
Samora_Machel, 1933-09-29, 2427345, 3,3,5,17,19,167, 0, 0, 32086.21875
Sinclair_Lewis, 1885-02-07, 2409580, 2,2,5,17,19,373, 0, 0, 32334.31148
Tony_Shalhoub, 1953-10-09, 2434660, 2,2,5,19,43,149, 0, 0, 152837.3636
