Bohumil_Hrabal, 1914-03-28, 2420220, 2,2,3,5,11,19,193, 0, 0, 37298.70968
Claire_Forlani, 1972-07-01, 2441500, 2,2,5,5,5,19,257, 0, 0, 215274.8621
Claudio_Abbado, 1933-06-26, 2427250, 2,5,5,5,7,19,73, 0, 0, 33907.69231
Donald_A._Glaser, 1926-09-21, 2424780, 2,2,3,3,5,19,709, 0, 0, 9220.931818
Edward_G._Robinson, 1893-12-12, 2412810, 2,3,3,5,17,19,83, 0, 0, 81688.10714
Fiona_Apple, 1977-09-13, 2443400, 2,2,2,5,5,19,643, 0, 0, 201736.5926
Johann_Gottfried_Herder, 1744-08-25, 2358280, 2,2,2,5,19,29,107, 0, 0, 39952.11765
Juliusz_Słowacki, 1809-09-04, 2382030, 2,3,3,5,7,19,199, 0, 0, 79692.86667
Melanie_Klein, 1882-03-30, 2408535, 3,3,3,3,5,19,313, 0, 0, 60860.07692
Yoshikatsu_Kawaguchi, 1975-08-15, 2442640, 2,2,2,2,5,19,1607, 0, 0, 38048.1875
