Bear_Grylls, 1974-06-07, 2442206, 2,13,29,41,79, 0, 0, 458488.6
Henrik_Ibsen, 1828-03-20, 2388802, 2,13,79,1163, 0, 0, 76917.91566
Jan_Smuts, 1870-05-24, 2404207, 13,79,2341, 0, 0, 30445.25714
Kumi_Koda, 1982-11-13, 2445287, 13,79,2381, 0, 0, 228692.1071
Mahesh_Bhupathi, 1974-06-07, 2442206, 2,13,29,41,79, 0, 0, 52912.68966
Pope_Gregory_XIII, 1502-01-07, 2269670, 2,5,13,13,17,79, 0, 0, 22895.03175
Roy_Lichtenstein, 1923-10-27, 2423720, 2,2,2,5,13,59,79, 0, 0, 199549.0833
Shaggy_(musician), 1968-10-22, 2440152, 2,2,2,3,3,3,11,13,79, 0, 0, 50700.73333
Talia_Shire, 1946-04-25, 2431936, 2,2,2,2,2,2,13,37,79, 0, 0, 208893.3571
Vladimir_Zhirinovsky, 1946-04-25, 2431936, 2,2,2,2,2,2,13,37,79, 0, 0, 22252.21429
