Anne_Rice, 1941-10-04, 2430272, 2,2,2,2,2,2,13,23,127, 0, 0, 139508
Carl_von_Clausewitz, 1780-06-01, 2371344, 2,2,2,2,3,127,389, 0, 0, 70128.02128
Chris_Evert, 1954-12-21, 2435098, 2,127,9587, 0, 0, 87199.82609
Frank_McCourt, 1930-08-19, 2426208, 2,2,2,2,2,3,127,199, 0, 0, 65707.65625
George_Bernard_Shaw, 1856-07-26, 2399157, 3,3,127,2099, 0, 0, 97071.45652
Getúlio_Vargas, 1882-04-19, 2408555, 5,127,3793, 0, 0, 141283.8718
James_Cameron, 1954-08-16, 2434971, 3,7,11,83,127, 0, 0, 290244.2571
Jane_Lynch, 1960-07-14, 2437130, 2,5,19,101,127, 0, 0, 388854.2414
Jet_Li, 1963-04-26, 2438146, 2,29,127,331, 0, 0, 420854.8333
John_Calvin, 1509-07-10, 2272411, 29,127,617, 0, 0, 119072.2278
John_Marshall, 1755-09-24, 2362327, 11,19,89,127, 0, 0, 102694.7308
Katie_Holmes, 1978-12-18, 2443861, 7,127,2749, 0, 0, 386833.4894
Kim_Wilde, 1960-11-18, 2437257, 3,127,6397, 0, 0, 116181.9032
Kyle_MacLachlan, 1959-02-22, 2436622, 2,53,127,181, 0, 0, 141768.6176
Laurence_Fishburne, 1961-07-30, 2437511, 17,127,1129, 0, 0, 266574.2105
Manu_Ginóbili, 1977-07-28, 2443353, 3,11,11,53,127, 0, 0, 101874.4063
Marc_Chagall, 1887-07-07, 2410460, 2,2,5,13,73,127, 0, 0, 163803.3559
Sam_Shepard, 1943-11-05, 2431034, 2,17,127,563, 0, 0, 136055.8966
Taylor_Momsen, 1993-07-26, 2449195, 5,7,19,29,127, 0, 0, 448704.027
Terry_O'Quinn, 1952-07-15, 2434209, 3,127,6389, 0, 0, 108741.3333
Tobey_Maguire, 1975-06-27, 2442591, 3,3,127,2137, 0, 0, 253187.3137
