Benito_Pérez_Galdós, 1843-05-10, 2394331, 17,127,1109, 0, 0, 56796.80952
Chris_Evert, 1954-12-21, 2435098, 2,127,9587, 0, 0, 87199.82609
Douglas_Hyde, 1860-01-17, 2400427, 41,127,461, 0, 0, 10435.71875
Edward,_the_Black_Prince, 1330-06-15, 2207006, 2,127,8689, 0, 0, 29036.5122
Edward_Drinker_Cope, 1840-07-28, 2393315, 5,127,3769, 0, 0, 14051.60714
Georges_Pompidou, 1911-07-05, 2419223, 43,127,443, 0, 0, 37954.53659
Getúlio_Vargas, 1882-04-19, 2408555, 5,127,3793, 0, 0, 141283.8718
Giuseppe_Peano, 1858-08-27, 2399919, 3,127,6299, 0, 0, 16932.7
John_Calvin, 1509-07-10, 2272411, 29,127,617, 0, 0, 119072.2278
Joseph_Heller, 1923-05-01, 2423541, 3,127,6361, 0, 0, 42332.20588
Katie_Holmes, 1978-12-18, 2443861, 7,127,2749, 0, 0, 386833.4894
Kim_Wilde, 1960-11-18, 2437257, 3,127,6397, 0, 0, 116181.9032
Laurence_Fishburne, 1961-07-30, 2437511, 17,127,1129, 0, 0, 266574.2105
Michael_Andreas_Barclay_de_Tolly, 1761-12-27, 2364613, 43,127,433, 0, 0, 13578.74194
Princess_Madeleine,_Duchess_of_Hälsingland_and_Gästrikland, 1982-06-10, 2445131, 13,127,1481, 0, 0, 58743.80645
Robert_Fico, 1964-09-15, 2438654, 2,127,9601, 0, 0, 17744.57895
Sancho_I_of_Portugal, 1154-11-11, 2142871, 47,127,359, 0, 0, 13002.45455
Shunzhi_Emperor, 1638-03-15, 2319401, 7,127,2609, 0, 0, 43490.18519
Terry_O'Quinn, 1952-07-15, 2434209, 3,127,6389, 0, 0, 108741.3333
Traian_Băsescu, 1951-11-04, 2433955, 5,127,3833, 0, 0, 24039.22951
Władysław_Reymont, 1867-05-07, 2403094, 2,127,9461, 0, 0, 22567.63793
