Averroes, 1126-04-14, 2132433, 3,3,3,78979, 0, 0, 55149.02597
Beatrix_Potter, 1866-07-28, 2402811, 3,3,3,88993, 0, 0, 127764.8056
Chris_Evans_(actor), 1981-06-13, 2444769, 3,3,3,90547, 0, 0, 133890
Claudius, -0010-08-01, 1717983, 3,3,3,63629, 0, 0, 81458.84507
Dean_Martin, 1917-06-07, 2421387, 3,3,3,89681, 0, 0, 314836.7143
Gaston_Leroux, 1868-05-06, 2403459, 3,3,3,89017, 0, 0, 40100.14815
George_F._Kennan, 1904-02-16, 2416527, 3,3,3,89501, 0, 0, 54593.9
George_Martin, 1926-01-03, 2424519, 3,3,3,89797, 0, 0, 77958.76923
Ingrid_Bergman, 1915-08-29, 2420739, 3,3,3,89657, 0, 0, 130590.7
Jerry_Goldsmith, 1929-02-10, 2425653, 3,3,3,89839, 0, 0, 47544.54286
Jo-Wilfried_Tsonga, 1985-04-17, 2446173, 3,3,3,90599, 0, 0, 126093.2105
Ozzy_Osbourne, 1948-12-03, 2432889, 3,3,3,90107, 0, 0, 468288.0185
Rooney_Mara, 1985-04-17, 2446173, 3,3,3,90599, 0, 0, 373925.9355
Sathya_Sai_Baba, 1926-11-23, 2424843, 3,3,3,89809, 0, 0, 143077.8627
Sebastian_Kehl, 1980-02-13, 2444283, 3,3,3,90529, 0, 0, 39149.57143
Sigismund_II_Augustus, 1520-08-01, 2276451, 3,3,3,84313, 0, 0, 40497.66667
Stefan_Effenberg, 1968-08-02, 2440071, 3,3,3,90373, 0, 0, 58522.14286
Turgut_Özal, 1927-10-13, 2425167, 3,3,3,89821, 0, 0, 39882.81818
William_James, 1842-01-11, 2393847, 3,3,3,88661, 0, 0, 79833.18033
Wolfgang_Schäuble, 1942-09-18, 2430621, 3,3,3,90023, 0, 0, 94591.57692
Yitzhak_Shamir, 1915-10-22, 2420793, 3,3,3,89659, 0, 0, 33022.23256
