Anna_Paquin, 1982-07-24, 2,3,3,3,45281, 405451.925
Bret_Hart, 1957-07-02, 3,3,3,7,12889, 313482.7576
Carly_Rae_Jepsen, 1985-11-20, 3,3,3,11,8237, 449137.75
Carmelo_Anthony, 1984-05-29, 3,3,3,7,12941, 229297.925
Craig_Bellamy, 1979-07-13, 3,3,3,131,691, 103218.0789
Dizzy_Gillespie, 1917-10-21, 2,3,3,3,44843, 98354.33333
Ioan_Gruffudd, 1973-10-06, 3,3,3,149,607, 155157.4286
Jamie_Oliver_(musician), 1975-07-16, 3,3,3,13,6959, 208293.7647
Jean_de_La_Fontaine, 1621-07-08, 2,3,3,3,42839, 151871.7414
John_McEnroe, 1959-02-16, 3,3,3,5,18049, 149544.7872
Karl_Dönitz, 1891-09-16, 3,3,3,157,569, 119721.0545
Kobe_Bryant, 1978-08-23, 3,3,3,29,3121, 515612.5238
Luiz_Inácio_Lula_da_Silva, 1945-10-27, 3,3,3,5,18013, 94485.8875
Matt_Stone, 1971-05-26, 3,3,3,3,30137, 159636.5
Natalie_Imbruglia, 1975-02-04, 3,3,3,7,12923, 181684.8571
Noel_Gallagher, 1967-05-29, 3,3,3,3,30119, 251010.3158
Ryan_Giggs, 1973-11-29, 3,3,3,5,18089, 233076.4098
Sebastian_Giovinco, 1987-01-26, 3,3,3,13,6971, 126091.7273
Sophie_Scholl, 1921-05-09, 2,3,3,3,44867, 110007.9444
Thora_Birch, 1982-03-11, 3,3,3,137,661, 195103.6667
Vitali_Klitschko, 1971-07-19, 3,3,3,23,3931, 446598.2759
