Aaron_Ramsey, 1990-12-26, 2448252, 2,2,3,3,3,22669, 0, 0, 117092.5946
Angela_Merkel, 1954-07-17, 2434941, 3,3,3,3,23,1307, 0, 0, 161930.6875
Ben_Bernanke, 1953-12-13, 2434725, 3,3,3,5,5,3607, 0, 0, 166832.5135
Candice_Accola, 1987-05-13, 2446929, 3,3,3,3,17,1777, 0, 0, 175560.8077
Charles_de_Gaulle, 1890-11-22, 2411694, 2,3,3,3,3,14887, 0, 0, 137271.972
Courtney_Love, 1964-07-09, 2438586, 2,3,3,3,3,15053, 0, 0, 332528.7273
Cristina_Fernández_de_Kirchner, 1953-02-19, 2434428, 2,2,3,3,3,22541, 0, 0, 106186.7123
Dianna_Agron, 1986-04-30, 2446551, 3,3,3,31,37,79, 0, 0, 540759.6429
Edward_James_Olmos, 1947-02-24, 2432241, 3,3,3,7,17,757, 0, 0, 142510.6364
Geoffrey_Rush, 1951-07-06, 2433834, 2,3,3,3,13,3467, 0, 0, 154197.36
Gong_Li, 1965-12-31, 2439126, 2,3,3,3,17,2657, 0, 0, 128985.6486
Hayley_Williams, 1988-12-27, 2447523, 3,3,3,13,19,367, 0, 0, 459394.0833
Jacques-Louis_David, 1748-08-30, 2359746, 2,3,3,3,89,491, 0, 0, 91524.20968
John_D._Rockefeller, 1839-07-08, 2392929, 3,3,3,7,11,1151, 0, 0, 304381.7358
Les_Paul, 1915-06-09, 2420658, 2,3,3,3,23,1949, 0, 0, 308494.4082
Marcia_Cross, 1962-03-25, 2437749, 3,3,3,17,47,113, 0, 0, 118584.0488
Mark_David_Chapman, 1955-05-10, 2435238, 2,3,3,3,13,3469, 0, 0, 306672.8684
Mia_Hamm, 1972-03-17, 2441394, 2,3,3,3,29,1559, 0, 0, 106310.3871
Nicholas_Sparks, 1965-12-31, 2439126, 2,3,3,3,17,2657, 0, 0, 227450.6875
Niki_Lauda, 1949-02-22, 2432970, 2,3,3,3,5,9011, 0, 0, 182704.9362
Vladimir_Putin, 1952-10-07, 2434293, 3,3,3,3,41,733, 0, 0, 181046.8626
