Alexandra_Maria_Lara, 1978-11-12, 2,2,2,2,3,3,3,5657, 107671.7308
Donna_Summer, 1948-12-31, 2,2,3,3,3,3,3,2503, 148056.2833
Ferdinand_Schörner, 1892-06-12, 3,3,3,3,3,3,3,1103, 42141.92593
Ferdinand_de_Lesseps, 1805-11-19, 2,2,3,3,3,7,47,67, 34956.05882
Giorgio_Napolitano, 1925-06-29, 2,3,3,3,3,5,41,73, 64843.73529
Hilary_Swank, 1974-07-30, 2,3,3,3,7,7,13,71, 193626.4407
Ivo_Karlović, 1979-02-28, 2,2,3,3,3,3,19,397, 38198.14286
Jean-Jacques_Dessalines, 1758-09-20, 2,3,3,3,3,3,3,1621, 29607.58065
Marcus_Aurelius, 0121-04-26, 2,2,2,3,3,3,11,743, 162190.0959
Margaret_Tudor, 1489-11-28, 2,3,3,3,3,3,59,79, 92235.76667
Maurice_de_Vlaminck, 1876-04-04, 2,2,3,3,3,3,7,1061, 28753.51613
Michel_Debré, 1912-01-15, 2,2,2,3,3,3,23,487, 22336.73333
Mohammed_VI_of_Morocco, 1963-08-21, 2,3,3,3,3,3,29,173, 81685.26923
Paul_Wolfowitz, 1943-12-22, 2,2,2,3,3,3,5,2251, 50237.94118
Pope_Julius_III, 1487-09-10, 2,2,3,3,3,3,29,241, 18513.63265
Richard_Gere, 1949-08-31, 3,3,3,3,3,17,19,31, 308734.8704
Sébastien_Bourdais, 1979-02-28, 2,2,3,3,3,3,19,397, 26012.89189
Vilfredo_Pareto, 1848-07-15, 3,3,3,3,3,3,19,173, 45544
William_Dampier, 1651-09-05, 2,3,3,3,7,11,13,43, 22712.93939
Yevgeny_Kafelnikov, 1974-02-18, 2,2,2,2,3,3,3,5653, 29852.94118
Édouard_Daladier, 1884-06-18, 3,3,3,3,3,3,5,661, 26331.82857
