Andy_Serkis, 1964-04-20, 3,3,3,3,3,3,3,5,223, 208424.5758
Andy_Warhol, 1928-08-06, 2,2,2,3,3,3,3,19,197, 343545.84
Arvydas_Sabonis, 1964-12-19, 2,2,3,3,3,3,3,13,193, 59764.10714
Casey_Affleck, 1975-08-12, 2,2,3,3,3,3,3,7,359, 249900.2333
Crispin_Glover, 1964-04-20, 3,3,3,3,3,3,3,5,223, 217362.75
Enrico_Caruso, 1873-02-25, 2,3,3,3,3,3,7,7,101, 78312.3125
Ernest_Borgnine, 1917-01-24, 2,2,3,3,3,3,3,47,53, 141962.0577
Giovanni_Pico_della_Mirandola, 1463-02-24, 2,2,2,2,3,3,3,23,227, 44479.7619
Hipólito_Yrigoyen, 1852-07-12, 3,3,3,3,3,3,11,13,23, 51043.37037
James_Gandolfini, 1961-09-18, 2,2,2,3,3,3,5,37,61, 284564.9655
Jean-Michel_Basquiat, 1960-12-22, 2,3,3,3,3,3,5,17,59, 208887.4194
John_Rhys-Davies, 1944-05-05, 3,3,3,3,3,3,5,23,29, 192904.5161
John_Terry, 1980-12-07, 2,2,3,3,3,3,3,5,503, 124617.4167
Josephine_Baker, 1906-06-03, 2,2,3,3,3,3,3,3,829, 151066.6667
Keanu_Reeves, 1964-09-02, 2,2,2,2,3,3,3,5,1129, 447059.3235
Magnus_Carlsen, 1990-11-30, 3,3,3,3,3,5,5,13,31, 96977.2766
Marshall_Allman, 1984-04-05, 3,3,3,3,3,3,5,11,61, 58934.61538
Martin_Luther_King,_Jr., 1929-01-15, 2,3,3,3,3,3,7,23,31, 248747.0086
Michael_Shanks, 1970-12-15, 3,3,3,3,3,5,7,7,41, 80971.75862
Nelson_Mandela, 1918-07-18, 2,2,2,2,2,3,3,3,2803, 509128.2105
Samuel_Morse, 1791-04-27, 3,3,3,3,3,5,5,17,23, 105263.1429
