Allan_Kardec, 1804-10-03, 2380233, 3,29,109,251, 0, 0, 77545.625
Anna_Kendrick, 1985-08-09, 2446287, 3,109,7481, 0, 0, 368324.8
Brendan_Rodgers, 1973-01-26, 2441709, 3,3,19,109,131, 0, 0, 75860.30769
Colin_McRae, 1968-08-05, 2440074, 2,3,7,13,41,109, 0, 0, 114889.5946
Colin_Powell, 1937-04-05, 2428629, 3,7,109,1061, 0, 0, 158693.1087
Cristiano_Lucarelli, 1975-10-04, 2442690, 2,3,3,3,5,83,109, 0, 0, 53019.53846
Dennis_Quaid, 1954-04-09, 2434842, 2,3,3,17,73,109, 0, 0, 292619.1111
Françoise_Sagan, 1935-06-21, 2427975, 3,3,3,3,5,5,11,109, 0, 0, 64807.75676
Honoré_de_Balzac, 1799-05-20, 2378271, 3,7,109,1039, 0, 0, 119358.0732
Jason_Lee_(field_hockey), 1970-05-21, 2440728, 2,2,2,3,3,109,311, 0, 0, 54869.06061
Joshua_Jackson, 1978-06-11, 2443671, 3,3,47,53,109, 0, 0, 302592.2258
José_Gervasio_Artigas, 1764-06-19, 2365518, 2,3,109,3617, 0, 0, 54196.39286
Katie_Melua, 1984-09-16, 2445960, 2,2,2,3,5,11,17,109, 0, 0, 127300.8333
Leonardo_DiCaprio, 1974-11-11, 2442363, 3,7,11,97,109, 0, 0, 691050.3462
Lindsay_Lohan, 1986-07-02, 2446614, 2,3,3,29,43,109, 0, 0, 609891.7424
Lucian_Freud, 1922-12-08, 2423397, 3,109,7411, 0, 0, 97381.72727
Marine_Le_Pen, 1968-08-05, 2440074, 2,3,7,13,41,109, 0, 0, 62280.04918
Pope_Julius_II, 1443-12-05, 2248452, 2,2,3,3,3,109,191, 0, 0, 51360.11111
Rudolf_Steiner, 1861-02-27, 2400834, 2,3,109,3671, 0, 0, 122399.9787
Vinnie_Jones, 1965-01-05, 2438766, 2,3,3,11,109,113, 0, 0, 277912.7037
Zemfira, 1976-08-26, 2443017, 3,31,109,241, 0, 0, 69327.8125
