Billy_Joel, 1949-05-09, 2433046, 2,7,7,11,37,61, 0, 0, 301556.5135
Bruce_McLaren, 1937-08-30, 2428776, 2,2,2,3,3,7,61,79, 0, 0, 39614.39286
Chris_Cornell, 1964-07-20, 2438597, 7,61,5711, 0, 0, 275757.8667
Georg_Simmel, 1858-03-01, 2399740, 2,2,5,7,61,281, 0, 0, 64252.28947
Jennifer_Capriati, 1976-03-29, 2442867, 3,7,61,1907, 0, 0, 62691.63158
Jerome_K._Jerome, 1859-05-02, 2400167, 7,7,11,61,73, 0, 0, 26942.61765
Karl_Mannheim, 1893-03-27, 2412550, 2,5,5,7,61,113, 0, 0, 21428.33333
Kristen_Stewart, 1990-04-09, 2447991, 3,3,7,7,7,13,61, 0, 0, 955837.0345
Käthe_Kollwitz, 1867-07-08, 2403156, 2,2,3,7,7,61,67, 0, 0, 48019.88571
Max_Theiler, 1899-01-30, 2414685, 3,5,7,13,29,61, 0, 0, 7223.162162
Naguib_Mahfouz, 1911-12-11, 2419382, 2,7,61,2833, 0, 0, 43868.74444
Noah_Webster, 1758-10-16, 2363445, 3,3,3,5,7,41,61, 0, 0, 39217.87097
Peter_Facinelli, 1973-11-26, 2442013, 7,7,19,43,61, 0, 0, 332463.3846
Raymond_Chandler, 1888-07-23, 2410842, 2,3,7,61,941, 0, 0, 69268.86957
Salomon_Kalou, 1985-08-05, 2446283, 7,17,61,337, 0, 0, 70125.97778
Sean_Connery, 1930-08-25, 2426214, 2,3,7,61,947, 0, 0, 309066
Shirley_Temple, 1928-04-23, 2425360, 2,2,2,2,5,7,61,71, 0, 0, 340979.1111
Will_Champion, 1978-07-31, 2443721, 7,59,61,97, 0, 0, 52334.93103
