Alois_Alzheimer, 1864-06-14, 2402037, 3,3,11,19,1277, 0, 0, 25423.73333
Bohumil_Hrabal, 1914-03-28, 2420220, 2,2,3,5,11,19,193, 0, 0, 37298.70968
Carlos_Andrés_Pérez, 1922-10-27, 2423355, 3,5,11,19,773, 0, 0, 67926.7
Frederick_V,_Elector_Palatine, 1596-08-26, 2304225, 3,3,5,5,7,7,11,19, 0, 0, 8792.25
Giorgio_Chiellini, 1984-08-14, 2445927, 3,11,19,47,83, 0, 0, 61076.69767
Gus_Grissom, 1926-04-03, 2424609, 3,3,11,19,1289, 0, 0, 74418.60714
Guus_Hiddink, 1946-11-08, 2432133, 3,3,3,11,19,431, 0, 0, 89632.88889
Jeffrén_Suárez, 1988-01-20, 2447181, 3,3,11,19,1301, 0, 0, 75520.34483
Kim_Novak, 1933-02-13, 2427117, 3,7,7,11,19,79, 0, 0, 138737.0303
Kostas_Katsouranis, 1979-06-21, 2444046, 2,3,11,19,1949, 0, 0, 17665.16129
Leopold_II_of_Belgium, 1835-04-09, 2391378, 2,3,11,19,1907, 0, 0, 57326.53846
Otto_Dix, 1891-12-02, 2412069, 3,11,19,3847, 0, 0, 106396.6389
Paul_Biya, 1933-02-13, 2427117, 3,7,7,11,19,79, 0, 0, 22354.29545
Robin_Söderling, 1984-08-14, 2445927, 3,11,19,47,83, 0, 0, 57307.97297
Thomas_Hardy, 1840-06-02, 2393259, 3,11,11,19,347, 0, 0, 78440.61818
Viktor_Chernomyrdin, 1938-04-09, 2428998, 2,3,11,13,19,149, 0, 0, 14063.525
