Abdus_Salam, 1926-01-29, 2424545, 5,23,29,727, 0, 0, 33437.04444
Alassane_Ouattara, 1942-01-01, 2430361, 727,3343, 0, 0, 35411.33333
Ambrose_Bierce, 1842-06-24, 2394011, 37,89,727, 0, 0, 61796.41026
Ayaan_Hirsi_Ali, 1969-11-13, 2440539, 3,3,373,727, 0, 0, 86077.27778
Casey_Stoner, 1985-10-16, 2446355, 5,673,727, 0, 0, 90635.57143
Corneille_Heymans, 1892-03-28, 2412186, 2,3,7,79,727, 0, 0, 6566.709677
Eric_S._Raymond, 1957-12-04, 2436177, 3,727,1117, 0, 0, 29846.15625
Gerard_Butler, 1969-11-13, 2440539, 3,3,373,727, 0, 0, 527557.6458
Guadalupe_Victoria, 1786-09-29, 2373655, 5,653,727, 0, 0, 90346.66667
Julian_Schwinger, 1918-02-12, 2421637, 727,3331, 0, 0, 13100.04762
Michel_Vorm, 1983-10-20, 2445628, 2,2,29,29,727, 0, 0, 24713.5
Roger_Vadim, 1928-01-26, 2425272, 2,2,2,3,139,727, 0, 0, 60827.66667
Yoshiki_(musician), 1965-11-20, 2439085, 5,11,61,727, 0, 0, 137877.4074
Émile_Lahoud, 1936-01-12, 2428180, 2,2,5,167,727, 0, 0, 12075.85294
