Alfred_Wegener, 1880-11-01, 2408021, 7,11,11,2843, 0, 0, 80201.05556
August_Krogh, 1874-11-15, 2405843, 11,11,59,337, 0, 0, 6681.702703
Félix_Faure, 1841-01-30, 2393501, 11,11,131,151, 0, 0, 38380.34483
Hatem_Ben_Arfa, 1987-03-07, 2446862, 2,11,11,10111, 0, 0, 116623.7879
Hermann_Maier, 1972-12-07, 2441659, 11,11,17,1187, 0, 0, 46443.03448
Ian_Smith, 1919-04-08, 2422057, 11,11,37,541, 0, 0, 44972.34483
Ignacy_Mościcki, 1867-12-01, 2403302, 2,11,11,9931, 0, 0, 35213.88462
János_Áder, 1959-05-09, 2436698, 2,11,11,10069, 0, 0, 11062.42857
Katey_Sagal, 1954-01-19, 2434762, 2,11,11,10061, 0, 0, 379217
Katherine_Heigl, 1978-11-24, 2443837, 11,11,19,1063, 0, 0, 566450.7
Marlee_Matlin, 1965-08-24, 2438997, 3,11,11,6719, 0, 0, 131322.3529
Mohamed_Hussein_Tantawi, 1935-10-31, 2428107, 3,11,11,6689, 0, 0, 36763.525
Reggie_Miller, 1965-08-24, 2438997, 3,11,11,6719, 0, 0, 130749.4839
Rose_Byrne, 1979-07-24, 2444079, 3,11,11,6733, 0, 0, 363428.7857
Zhelyu_Zhelev, 1935-03-03, 2427865, 5,11,11,4013, 0, 0, 8808.62069
