Annie_Jump_Cannon, 1863-12-11, 2,5,5,11,11,397, 9850.346154
Bertrand_Delanoë, 1950-05-30, 7,11,11,13,13,17, 35780.30303
Carrie-Anne_Moss, 1967-08-21, 3,11,11,11,13,47, 162136.6857
Gustavus_Adolphus_of_Sweden, 1594-12-09, 2,3,11,11,19,167, 40406.57407
Louise_Bourgeois, 1911-12-25, 3,5,11,11,31,43, 56214.8125
Paulo_Wanchope, 1976-07-31, 2,3,5,11,11,673, 22943.77419
Pete_Sampras, 1971-08-12, 3,5,5,11,11,269, 148707.4444
Raul_Meireles, 1983-03-17, 2,5,11,11,43,47, 98773.48889
Serj_Tankian, 1967-08-21, 3,11,11,11,13,47, 259699.325
Siim_Kallas, 1948-10-02, 2,3,3,11,11,1117, 10118.03846
