Antônio_Carlos_Jobim, 1927-01-25, 2424906, 2,3,3,11,37,331, 0, 0, 50452.05128
Charles_X_Gustav_of_Sweden, 1622-11-08, 2313795, 3,5,11,37,379, 0, 0, 27627.68571
Danny_Murphy_(footballer,_born_1977), 1977-03-18, 2443221, 3,3,11,23,29,37, 0, 0, 8352.222222
Giuseppe_Tomasi_di_Lampedusa, 1896-12-23, 2413917, 3,3,11,37,659, 0, 0, 22699.42105
Heinrich_Müller_(Gestapo), 1900-04-28, 2415138, 2,3,11,23,37,43, 0, 0, 26534.74074
Ian_Wright, 1963-11-03, 2438337, 3,11,37,1997, 0, 0, 81442.62963
Jan_Oort, 1900-04-28, 2415138, 2,3,11,23,37,43, 0, 0, 9460.555556
John_Gurdon, 1933-10-02, 2427348, 2,2,3,7,11,37,71, 0, 0, 12947.89744
Justin_Chambers, 1970-07-11, 2440779, 3,11,37,1999, 0, 0, 165256.8148
Nouri_al-Maliki, 1950-06-20, 2433453, 3,11,37,1993, 0, 0, 45634.68421
Willy_Sagnol, 1977-03-18, 2443221, 3,3,11,23,29,37, 0, 0, 40680.17241
