Adolf_Eichmann, 1906-03-19, 2417289, 3,7,59,1951, 0, 0, 198098
Arjen_Robben, 1984-01-23, 2445723, 3,3,7,38821, 0, 0, 223918.5517
Bram_Stoker, 1847-11-08, 2395974, 2,3,7,57047, 0, 0, 187644.2623
Brandon_Lee, 1965-02-01, 2438793, 3,3,7,38711, 0, 0, 496278.8
Buddy_Holly, 1936-09-07, 2428419, 3,7,197,587, 0, 0, 212139.76
Courteney_Cox, 1964-06-15, 2438562, 2,3,7,58061, 0, 0, 353607.1333
Damien_Hirst, 1965-06-07, 2438919, 3,3,7,38713, 0, 0, 180479.1379
George_Peppard, 1928-10-01, 2425521, 3,7,19,6079, 0, 0, 203965.0769
Hilary_Duff, 1987-09-28, 2447067, 3,7,19,6133, 0, 0, 545032.2759
Jesse_Spencer, 1979-02-12, 2443917, 3,7,29,4013, 0, 0, 211315.2667
Mads_Mikkelsen, 1965-11-22, 2439087, 3,7,19,6113, 0, 0, 213072.3571
Michael_Douglas, 1944-09-25, 2431359, 3,3,7,38593, 0, 0, 306181.0667
Mick_Foley, 1965-06-07, 2438919, 3,3,7,38713, 0, 0, 324785.037
Princess_Beatrice_of_York, 1988-08-08, 2447382, 2,3,7,58271, 0, 0, 205509.4815
Princess_Stéphanie_of_Monaco, 1965-02-01, 2438793, 3,3,7,38711, 0, 0, 176215.6667
Queen_Victoria, 1819-05-24, 2385579, 3,7,47,2417, 0, 0, 212801.0532
Robert_Noyce, 1927-12-12, 2425227, 3,7,53,2179, 0, 0, 230008.4375
Sam_Worthington, 1976-08-02, 2442993, 3,7,7,16619, 0, 0, 295316.8163
Sharon_Stone, 1958-03-10, 2436273, 3,3,7,38671, 0, 0, 279966.0185
Thom_Yorke, 1968-10-07, 2440137, 3,7,131,887, 0, 0, 250655.75
Tim_Burton, 1958-08-25, 2436441, 3,7,181,641, 0, 0, 511070.9153
