Brigitte_Nielsen, 1963-07-15, 2,3,3,7,37,523, 277783.9394
Christian_Slater, 1969-08-18, 2,2,3,7,17,1709, 228277.9394
Colin_McRae, 1968-08-05, 2,3,7,13,41,109, 114889.5946
Debra_Winger, 1955-05-16, 2,2,3,7,53,547, 121033.2857
Edward_James_Olmos, 1947-02-24, 3,3,3,7,17,757, 142510.6364
Edward_Norton, 1969-08-18, 2,2,3,7,17,1709, 359733.8596
Enrico_Berlinguer, 1922-05-15, 2,3,5,7,11,1049, 252491.1852
John_Bonham, 1948-05-31, 3,7,7,13,19,67, 198457.2791
John_D._Rockefeller, 1839-07-08, 3,3,3,7,11,1151, 304381.7358
Kim_Novak, 1933-02-13, 3,7,7,11,19,79, 138737.0303
Mary_I_of_England, 1516-02-18, 3,5,5,7,7,619, 280028.0328
Mata_Hari, 1876-08-07, 2,3,3,7,71,269, 162816.0328
Matthew_Morrison, 1978-10-30, 2,2,3,7,47,619, 289266.9286
Paul_Newman, 1925-01-26, 3,3,7,7,23,239, 242660.0278
Queen_Rania_of_Jordan, 1970-08-31, 2,3,5,7,59,197, 148003.2105
Rebecca_Romijn, 1972-11-06, 2,2,3,3,7,9689, 279454.8889
Ronald_Reagan, 1911-02-06, 2,3,3,7,73,263, 334460.6822
Sasha_Grey, 1988-03-14, 3,3,5,7,17,457, 1061929.568
Stan_Laurel, 1890-06-16, 3,5,7,7,17,193, 119604.7576
Vera_Farmiga, 1973-08-06, 3,7,11,11,31,31, 297918.2069
William_H._Macy, 1950-03-13, 2,3,7,11,23,229, 161777.1
