Aleksandr_Solzhenitsyn, 1918-12-11, 2421939, 3,13,13,17,281, 0, 0, 49846.02198
Amaury_Nolasco, 1970-12-24, 2440945, 5,13,17,47,47, 0, 0, 118412.2121
Cindy_Crawford, 1966-02-20, 2439177, 3,13,13,17,283, 0, 0, 197012.7895
Diego_Benaglio, 1983-09-08, 2445586, 2,11,13,17,503, 0, 0, 25972.70968
Konrad_Zuse, 1910-06-22, 2418845, 5,11,13,17,199, 0, 0, 74877.11364
Lucas_Grabeel, 1984-11-23, 2446028, 2,2,13,17,2767, 0, 0, 176727.7037
Miranda_Cosgrove, 1993-05-14, 2449122, 2,3,13,17,1847, 0, 0, 728958.5946
Paul_Ehrlich, 1854-03-14, 2398292, 2,2,13,17,2713, 0, 0, 30404.43137
Thomas_R._Marshall, 1854-03-14, 2398292, 2,2,13,17,2713, 0, 0, 15170.51724
Todor_Zhivkov, 1911-09-07, 2419287, 3,13,17,41,89, 0, 0, 27801.74359
Victor_Moses, 1990-12-12, 2448238, 2,13,17,29,191, 0, 0, 85301.75862
