Amaury_Nolasco, 1970-12-24, 2440945, 5,13,17,47,47, 0, 0, 118412.2121
Ashley_Tisdale, 1985-07-02, 2446249, 13,17,11069, 0, 0, 490825.7273
Caroline,_Princess_of_Hanover, 1957-01-23, 2435862, 2,3,11,13,17,167, 0, 0, 103893.1
Charles_Aznavour, 1924-05-22, 2423928, 2,2,2,3,13,17,457, 0, 0, 131114.234
Cindy_Crawford, 1966-02-20, 2439177, 3,13,13,17,283, 0, 0, 197012.7895
Colin_Firth, 1960-09-10, 2437188, 2,2,3,13,17,919, 0, 0, 280620.9216
Eduard_Khil, 1934-09-04, 2427685, 5,13,13,13,13,17, 0, 0, 119282.2857
Eminem, 1972-10-17, 2441608, 2,2,2,13,17,1381, 0, 0, 1312695.181
Gloria_Estefan, 1957-09-01, 2436083, 13,17,73,151, 0, 0, 135408.1522
Helen_Mirren, 1945-07-26, 2431663, 13,17,11003, 0, 0, 199471.4043
James_Earl_Jones, 1931-01-17, 2426359, 13,17,10979, 0, 0, 214952.8889
Javier_Bardem, 1969-03-01, 2440282, 2,13,17,5521, 0, 0, 308785.3462
Jerry_Lewis, 1926-03-16, 2424591, 3,3,13,17,23,53, 0, 0, 300946.4138
Kakuei_Tanaka, 1918-05-04, 2421718, 2,13,17,5479, 0, 0, 92312
Kim_Il-sung, 1912-04-15, 2419508, 2,2,7,13,17,17,23, 0, 0, 146347.3289
Lucas_Grabeel, 1984-11-23, 2446028, 2,2,13,17,2767, 0, 0, 176727.7037
Miranda_Cosgrove, 1993-05-14, 2449122, 2,3,13,17,1847, 0, 0, 728958.5946
Roy_Scheider, 1932-11-10, 2427022, 2,13,17,17,17,19, 0, 0, 121478.6765
Rudolph_Valentino, 1895-05-06, 2413320, 2,2,2,3,5,7,13,13,17, 0, 0, 103537.025
Selim_II, 1524-05-28, 2277847, 11,13,17,937, 0, 0, 99343.98077
Timbaland, 1972-03-10, 2441387, 13,17,11047, 0, 0, 294917.7045
