Arthur_Rimbaud, 1854-10-20, 2398512, 2,2,2,2,3,107,467, 0, 0, 133604.7361
Bal_Gangadhar_Tilak, 1856-07-23, 2399154, 2,3,37,101,107, 0, 0, 65868.35714
Bertrand_Russell, 1872-05-18, 2404932, 2,2,3,107,1873, 0, 0, 114952.2041
Carlo_Goldoni, 1707-02-25, 2344584, 2,2,2,3,11,83,107, 0, 0, 39076.36538
Cicinho, 1980-06-24, 2444415, 3,5,107,1523, 0, 0, 62358.90323
Ciprian_Marica, 1985-10-02, 2446341, 3,107,7621, 0, 0, 36399.33333
Colleen_McCullough, 1937-06-01, 2428686, 2,3,3,13,97,107, 0, 0, 31085.51852
Heydar_Aliyev, 1923-05-10, 2423550, 2,3,5,5,107,151, 0, 0, 24598.68182
Inigo_Jones, 1573-07-15, 2295792, 2,2,2,2,3,3,107,149, 0, 0, 23965.96429
Marsilio_Ficino, 1433-10-19, 2244753, 3,3,3,3,7,37,107, 0, 0, 27754.43243
Mary_II_of_England, 1662-04-30, 2328213, 3,107,7253, 0, 0, 39571.43396
Milton_Obote, 1925-12-28, 2424513, 3,7,13,83,107, 0, 0, 29274.33333
Morgan_Freeman, 1937-06-01, 2428686, 2,3,3,13,97,107, 0, 0, 432477.0909
Morrissey, 1959-05-22, 2436711, 3,107,7591, 0, 0, 322212.3889
Raymond_Queneau, 1903-02-21, 2416167, 3,3,13,107,193, 0, 0, 45005.72727
Saint_Nicholas, 0270-03-15, 1819749, 3,107,5669, 0, 0, 186124.9559
Tancredo_Neves, 1910-03-04, 2418735, 3,5,11,107,137, 0, 0, 46399.43333
Ted_Kennedy, 1932-02-22, 2426760, 2,2,2,3,3,3,3,5,7,107, 0, 0, 206382.3585
Thomas_Gainsborough, 1727-05-14, 2351967, 3,17,107,431, 0, 0, 34684.83333
Trofim_Lysenko, 1898-09-29, 2414562, 2,3,107,3761, 0, 0, 29957.93103
William_Friedkin, 1935-08-29, 2428044, 2,2,3,31,61,107, 0, 0, 65834.19231
