Charles_X_of_France, 1757-10-09, 2363073, 3,421,1871, 0, 0, 61110.29091
Charlton_Heston, 1923-10-04, 2423697, 3,19,101,421, 0, 0, 171759.6935
Emily_Deschanel, 1976-10-11, 2443063, 7,421,829, 0, 0, 394974.8889
Erich_von_Däniken, 1935-04-14, 2427907, 73,79,421, 0, 0, 87168.94118
Grzegorz_Lato, 1950-04-08, 2433380, 2,2,5,17,17,421, 0, 0, 37001.96667
Hassan_II_of_Morocco, 1929-07-09, 2425802, 2,43,67,421, 0, 0, 47278.80488
James_Connolly, 1868-06-05, 2403489, 3,11,173,421, 0, 0, 24922.68966
Johann_Martin_Schleyer, 1831-07-18, 2390017, 7,421,811, 0, 0, 5065.225806
Jürgen_Melzer, 1981-05-22, 2444747, 421,5807, 0, 0, 25981.6129
Kenneth_G._Wilson, 1936-06-08, 2428328, 2,2,2,7,103,421, 0, 0, 9285.184211
Lillian_Gish, 1893-10-14, 2412751, 11,421,521, 0, 0, 56427.43243
Marc_Anthony, 1968-09-16, 2440116, 2,2,3,3,7,23,421, 0, 0, 342956.3636
Philip_Seymour_Hoffman, 1967-07-23, 2439695, 5,19,61,421, 0, 0, 161298.8913
Ségolène_Royal, 1953-09-22, 2434643, 421,5783, 0, 0, 65212.4918
Tracy_Austin, 1962-12-12, 2438011, 421,5791, 0, 0, 23921.53125
