Bill_Maher, 1956-01-20, 2435493, 3,23,47,751, 0, 0, 201271.2903
Douglas_Adams, 1952-03-11, 2434083, 3,47,61,283, 0, 0, 204047.7895
Eric_Clapton, 1945-03-30, 2431545, 3,5,47,3449, 0, 0, 369178.7846
Hayden_Panettiere, 1989-08-21, 2447760, 2,2,2,2,3,5,7,31,47, 0, 0, 537846.0213
Jaden_Smith, 1998-07-08, 2451003, 3,47,17383, 0, 0, 625837.5455
Jeremy_Irons, 1948-09-19, 2432814, 2,3,47,8627, 0, 0, 162936.2941
Jesse_Jackson, 1941-10-08, 2430276, 2,2,3,31,47,139, 0, 0, 191652.3704
Joshua_Jackson, 1978-06-11, 2443671, 3,3,47,53,109, 0, 0, 302592.2258
Kylie_Minogue, 1968-05-28, 2440005, 3,5,47,3461, 0, 0, 246058.4026
Mahmoud_Ahmadinejad, 1956-10-28, 2435775, 3,5,5,47,691, 0, 0, 119549.1319
Matthew_Morrison, 1978-10-30, 2443812, 2,2,3,7,47,619, 0, 0, 289266.9286
Maya_Angelou, 1928-04-04, 2425341, 3,47,103,167, 0, 0, 211057.7692
Michelle_Trachtenberg, 1985-10-11, 2446350, 2,3,5,5,47,347, 0, 0, 368302.8966
Queen_Victoria, 1819-05-24, 2385579, 3,7,47,2417, 0, 0, 212801.0532
Russell_Westbrook, 1988-11-12, 2447478, 2,3,3,11,47,263, 0, 0, 144489.3333
Sarah_Michelle_Gellar, 1977-04-14, 2443248, 2,2,2,2,3,3,19,19,47, 0, 0, 424751
Syd_Barrett, 1946-01-06, 2431827, 3,3,47,5749, 0, 0, 252295.4894
Thomas_More, 1478-02-07, 2260935, 3,3,5,47,1069, 0, 0, 170460.5507
Tony_Scott, 1944-06-21, 2431263, 3,43,47,401, 0, 0, 163931.4359
Wayne_Gretzky, 1961-01-26, 2437326, 2,3,3,43,47,67, 0, 0, 307944.697
Willow_Smith, 2000-10-31, 2451849, 3,47,17389, 0, 0, 482813.9655
