Alexis_de_Tocqueville, 1805-07-29, 2380532, 2,2,7,11,59,131, 0, 0, 94980.58696
Anwar_Ibrahim, 1947-08-10, 2432408, 2,2,2,11,131,211, 0, 0, 64400.42308
Davide_Santon, 1991-01-02, 2448259, 11,131,1699, 0, 0, 92247.71429
Eva_Braun, 1912-02-06, 2419439, 11,23,73,131, 0, 0, 198532.873
Félix_Faure, 1841-01-30, 2393501, 11,11,131,151, 0, 0, 38380.34483
Hugh_Laurie, 1959-06-11, 2436731, 11,19,89,131, 0, 0, 371158.7037
Ian_Anderson, 1947-08-10, 2432408, 2,2,2,11,131,211, 0, 0, 60668.76923
Rafael_van_der_Vaart, 1983-02-11, 2445377, 11,131,1697, 0, 0, 144663.1765
Robin_Williams, 1951-07-21, 2433849, 3,11,131,563, 0, 0, 381439.2333
Shane_Long, 1987-01-22, 2446818, 2,3,11,131,283, 0, 0, 30738.53846
Shannen_Doherty, 1971-04-12, 2441054, 2,7,11,11,11,131, 0, 0, 305461.5143
