Antonio_Machado, 1875-07-26, 2406096, 2,2,2,2,3,3,7,7,11,31, 0, 0, 140250.9032
Cameron_Diaz, 1972-08-30, 2441560, 2,2,2,5,11,31,179, 0, 0, 442533.4559
Carl_Jung, 1875-07-26, 2406096, 2,2,2,2,3,3,7,7,11,31, 0, 0, 224846.8472
Carlos_Castaneda, 1925-12-25, 2424510, 2,3,3,5,11,31,79, 0, 0, 114968.2286
Chris_Colfer, 1990-05-27, 2448039, 3,11,31,2393, 0, 0, 392159.4828
Cillian_Murphy, 1976-05-25, 2442924, 2,2,3,3,11,31,199, 0, 0, 270884.6316
Giacomo_Casanova, 1725-04-02, 2351195, 5,7,11,31,197, 0, 0, 139034.7541
Gilles_Deleuze, 1925-01-18, 2424169, 11,31,7109, 0, 0, 93341.78049
Javier_Pastore, 1989-06-20, 2447698, 2,11,31,37,97, 0, 0, 159857.6207
Katie_Leung, 1987-08-08, 2447016, 2,2,2,3,11,13,23,31, 0, 0, 82028.83871
Michael_Jackson, 1958-08-29, 2436445, 5,11,31,1429, 0, 0, 988099.6531
Michael_Moore_(saxophonist_and_clarinetist), 1954-12-04, 2435081, 11,31,37,193, 0, 0, 193738.0652
Nick_Cave, 1957-09-22, 2436104, 2,2,2,11,19,31,47, 0, 0, 181472.9737
Nicolas_Anelka, 1979-03-14, 2443947, 3,11,31,2389, 0, 0, 193191.4906
Paul_Allen, 1953-01-21, 2434399, 11,11,11,31,59, 0, 0, 136448.3137
Pavel_Nedvěd, 1972-08-30, 2441560, 2,2,2,5,11,31,179, 0, 0, 102004.7872
Regina_Spektor, 1980-02-18, 2444288, 2,2,2,2,2,2,2,2,2,2,7,11,31, 0, 0, 235701.1071
Richard_Clayderman, 1953-12-28, 2434740, 2,2,3,5,7,11,17,31, 0, 0, 82192.22581
Roland_Emmerich, 1955-11-10, 2435422, 2,11,31,3571, 0, 0, 109079.7619
Vera_Farmiga, 1973-08-06, 2441901, 3,7,11,11,31,31, 0, 0, 297918.2069
Vivien_Leigh, 1913-11-05, 2420077, 11,31,47,151, 0, 0, 165971.0794
