Akbar, 1542-10-15, 2284561, 41,55721, 0, 0, 61952.89815
Carola_Häggkvist, 1966-09-08, 2439377, 41,59497, 0, 0, 37180.14286
Constantine_II_of_Greece, 1940-06-02, 2429783, 41,59263, 0, 0, 62299.91667
David_Bohm, 1917-12-20, 2421583, 41,59063, 0, 0, 41991.57692
Fedor_von_Bock, 1880-12-03, 2408053, 41,58733, 0, 0, 33421.30769
Jacques_Necker, 1732-09-30, 2353933, 41,57413, 0, 0, 34118.53125
João_Gilberto, 1931-06-10, 2426503, 41,59183, 0, 0, 62565.25
Lynn_Margulis, 1938-03-05, 2428963, 41,59243, 0, 0, 57921.34483
Marija_Šerifović, 1984-11-14, 2446019, 41,59659, 0, 0, 14733.04167
Marlon_Brando, 1924-04-03, 2423879, 41,59119, 0, 0, 252011.24
Nicolás_Burdisso, 1981-04-12, 2444707, 41,59627, 0, 0, 46047.48485
Paul_Bettany, 1971-05-27, 2441099, 41,59539, 0, 0, 285745.5806
Pedro_II_of_Brazil, 1825-12-02, 2387963, 41,58243, 0, 0, 64996.86047
René_Descartes, 1596-03-31, 2304077, 41,56197, 0, 0, 219752.5083
Sergei_Witte, 1849-06-29, 2396573, 41,58453, 0, 0, 21526.85714
Silvia_Saint, 1976-02-12, 2442821, 41,59581, 0, 0, 174616.6111
Sándor_Petőfi, 1823-01-01, 2386897, 41,58217, 0, 0, 52097.925
