Akira_Kurosawa, 1910-03-23, 2418754, 2,13,41,2269, 0, 0, 96410.39216
Amitabh_Bachchan, 1942-10-11, 2430644, 2,2,41,14821, 0, 0, 239268.5179
Benicio_del_Toro, 1967-02-19, 2439541, 13,23,41,199, 0, 0, 199864.2368
Bryce_Dallas_Howard, 1981-03-02, 2444666, 2,7,41,4259, 0, 0, 363752.7778
Carole_Lombard, 1908-10-06, 2418221, 13,13,41,349, 0, 0, 101030.2903
Charles_Martel, 0686-08-23, 1971854, 2,41,139,173, 0, 0, 84452.56364
Edgar_Davids, 1973-03-13, 2441755, 5,41,43,277, 0, 0, 171887.8095
Edward_IV_of_England, 1442-04-28, 2247866, 2,41,79,347, 0, 0, 96922.13462
Imelda_Staunton, 1956-01-09, 2435482, 2,7,41,4243, 0, 0, 97396.28571
Jon_Favreau, 1966-10-19, 2439418, 2,41,71,419, 0, 0, 210651.1786
Klaus_Barbie, 1913-10-25, 2420066, 2,11,41,2683, 0, 0, 154626.9333
Marc-Vivien_Foé, 1975-05-01, 2442534, 2,3,41,9929, 0, 0, 91649.12903
Miranda_Kerr, 1983-04-20, 2445445, 5,41,79,151, 0, 0, 479974.9189
Orson_Scott_Card, 1951-08-24, 2433883, 23,29,41,89, 0, 0, 107228.4286
Portia_de_Rossi, 1973-01-31, 2441714, 2,11,41,2707, 0, 0, 455631.5185
Reba_McEntire, 1955-03-28, 2435195, 5,7,41,1697, 0, 0, 178099.6071
Rivaldo, 1972-04-19, 2441427, 3,23,41,863, 0, 0, 177411.4808
Robert_Kiyosaki, 1947-04-08, 2432284, 2,2,41,14831, 0, 0, 146508.0385
Selena, 1971-04-16, 2441058, 2,3,41,9923, 0, 0, 141731.6355
Tera_Patrick, 1976-07-25, 2442985, 5,17,41,701, 0, 0, 372297.8485
William_Morris, 1834-03-24, 2390997, 3,7,41,2777, 0, 0, 109574.2093
