Aribert_Heim, 1914-06-28, 2420312, 2,2,2,41,47,157, 0, 0, 71607.73333
Bertrand_Delanoë, 1950-05-30, 2433432, 2,2,2,3,41,2473, 0, 0, 35780.30303
Camille_Pissarro, 1830-07-10, 2389644, 2,2,3,3,41,1619, 0, 0, 65733.87273
Carrie_Underwood, 1983-03-10, 2445404, 2,2,13,31,37,41, 0, 0, 377294.7429
Cesária_Évora, 1941-08-27, 2430234, 2,3,3,37,41,89, 0, 0, 42942.5098
Chloë_Sevigny, 1974-11-18, 2442370, 2,5,7,23,37,41, 0, 0, 305713.5357
Colin_McRae, 1968-08-05, 2440074, 2,3,7,13,41,109, 0, 0, 114889.5946
Colonel_Sanders, 1890-09-09, 2411620, 2,2,5,17,41,173, 0, 0, 168414.0385
Darren_Fletcher, 1984-02-01, 2445732, 2,2,3,3,41,1657, 0, 0, 54531.15217
Franz_Beckenbauer, 1945-09-11, 2431710, 2,3,3,5,41,659, 0, 0, 134288.2857
Gaël_Monfils, 1986-09-01, 2446675, 5,5,7,11,31,41, 0, 0, 53312.95122
Herbert_Marcuse, 1898-07-19, 2414490, 2,3,5,13,41,151, 0, 0, 52662.16667
John_F._Kennedy, 1917-05-29, 2421378, 2,3,3,17,41,193, 0, 0, 496524.431
Kurt_Lewin, 1890-09-09, 2411620, 2,2,5,17,41,173, 0, 0, 89351.10345
Marine_Le_Pen, 1968-08-05, 2440074, 2,3,7,13,41,109, 0, 0, 62280.04918
Martin_Niemöller, 1892-01-14, 2412112, 2,2,2,2,41,3677, 0, 0, 47213.58333
Rafael_Trujillo, 1891-10-24, 2412030, 2,3,5,37,41,53, 0, 0, 113953.3077
René_Guénon, 1886-11-15, 2410226, 2,7,13,17,19,41, 0, 0, 35919.21429
Richard_Chamberlain, 1934-03-31, 2427528, 2,2,2,3,41,2467, 0, 0, 118327.2857
Vladimir_Putin, 1952-10-07, 2434293, 3,3,3,3,41,733, 0, 0, 181046.8626
Yuan_Shikai, 1859-09-16, 2400304, 2,2,2,2,41,3659, 0, 0, 84622.96875
