Angelos_Basinas, 1976-01-03, 2,2,3,3,5,41,331, 16277.70968
Bob_Geldof, 1951-10-05, 2,2,3,3,17,41,97, 179862.5758
Frank_Macfarlane_Burnet, 1899-09-03, 2,2,5,5,19,31,41, 11818.8125
Frederick_Soddy, 1877-09-02, 2,2,2,2,3,41,1223, 10777.34694
Giovanni_Domenico_Cassini, 1625-06-08, 3,3,3,3,17,41,41, 12853.08511
Ivan_Mazepa, 1639-03-30, 2,2,3,5,23,41,41, 29639.78571
Jim_Belushi, 1954-06-15, 2,2,3,7,7,41,101, 111295.9714
John_Belushi, 1949-01-24, 2,2,3,5,23,41,43, 343435.6061
Johnny_Hallyday, 1943-06-15, 2,5,7,7,11,11,41, 158154.5405
Leslie_Cheung, 1956-09-12, 2,2,2,2,41,47,79, 151830.5
Luca_Badoer, 1971-01-25, 2,2,2,2,41,61,61, 27899.9
Marek_Jankulovski, 1977-05-09, 2,2,2,3,13,41,191, 33982.88889
Mary_Steenburgen, 1953-02-08, 2,2,2,2,3,41,1237, 165386.2069
Michel_Teló, 1981-01-21, 3,3,5,5,5,41,53, 240677.1765
Natascha_Kampusch, 1988-02-17, 2,2,2,3,3,41,829, 192537.4138
Pehr_Evind_Svinhufvud, 1861-12-15, 2,2,11,11,11,11,41, 8997.636364
Poul_Nyrup_Rasmussen, 1943-06-15, 2,5,7,7,11,11,41, 15207.57692
Rafael_Benítez, 1960-04-16, 2,2,2,2,5,41,743, 109905.7
Robert_Johnson, 1911-05-08, 2,2,3,3,11,41,149, 151232.9167
Rudyard_Kipling, 1865-12-30, 2,2,2,5,5,41,293, 108726.382
Simo_Häyhä, 1905-12-17, 2,2,3,17,17,17,41, 224450.4146
