Bear_Grylls, 1974-06-07, 2442206, 2,13,29,41,79, 0, 0, 458488.6
Bruno_Mars, 1985-10-08, 2446347, 3,41,19889, 0, 0, 722974.2453
Bryce_Dallas_Howard, 1981-03-02, 2444666, 2,7,41,4259, 0, 0, 363752.7778
Carrie_Underwood, 1983-03-10, 2445404, 2,2,13,31,37,41, 0, 0, 377294.7429
Chace_Crawford, 1985-07-18, 2446265, 5,41,11933, 0, 0, 400866.2759
Chloë_Sevigny, 1974-11-18, 2442370, 2,5,7,23,37,41, 0, 0, 305713.5357
David_Hasselhoff, 1952-07-17, 2434211, 13,41,4567, 0, 0, 276504.75
Henry_VIII_of_England, 1491-06-28, 2265824, 2,2,2,2,2,11,41,157, 0, 0, 631188.4286
Jennifer_Carpenter, 1979-12-07, 2444215, 5,41,11923, 0, 0, 380623.6923
John_F._Kennedy, 1917-05-29, 2421378, 2,3,3,17,41,193, 0, 0, 496524.431
Liam_Hemsworth, 1990-01-13, 2447905, 5,41,11941, 0, 0, 745343.1724
Lil_Wayne, 1982-09-27, 2445240, 2,2,2,3,5,7,41,71, 0, 0, 1401836.674
Louis_XIV_of_France, 1638-09-05, 2319575, 5,5,31,41,73, 0, 0, 285747.7978
Miranda_Kerr, 1983-04-20, 2445445, 5,41,79,151, 0, 0, 479974.9189
Nina_Dobrev, 1989-01-09, 2447536, 2,2,2,2,7,13,41,41, 0, 0, 473772.2889
Patrick_Stewart, 1940-07-13, 2429824, 2,2,2,2,2,2,2,41,463, 0, 0, 284151.381
Paul_Bettany, 1971-05-27, 2441099, 41,59539, 0, 0, 285745.5806
Portia_de_Rossi, 1973-01-31, 2441714, 2,11,41,2707, 0, 0, 455631.5185
Shia_LaBeouf, 1986-06-11, 2446593, 3,41,19891, 0, 0, 584026.7955
Tera_Patrick, 1976-07-25, 2442985, 5,17,41,701, 0, 0, 372297.8485
Zooey_Deschanel, 1980-01-17, 2444256, 2,2,2,2,2,3,3,3,3,23,41, 0, 0, 851459.7436
