Ariel_Sharon, 1928-02-26, 2425303, 541,4483, 0, 0, 132964.6923
Bella_Thorne, 1997-10-08, 2450730, 2,3,5,151,541, 0, 0, 379715.4688
Carl_Gustaf_Emil_Mannerheim, 1867-06-04, 2403122, 2,541,2221, 0, 0, 51143.16667
Emmeline_Pankhurst, 1858-07-15, 2399876, 2,2,541,1109, 0, 0, 61284.42424
Eric_Roberts, 1956-04-18, 2435582, 2,541,2251, 0, 0, 250383.5
Fats_Domino, 1928-02-26, 2425303, 541,4483, 0, 0, 99342.73333
Hank_Williams, 1923-09-17, 2423680, 2,2,2,2,2,2,2,5,7,541, 0, 0, 151554.9412
Ian_Smith, 1919-04-08, 2422057, 11,11,37,541, 0, 0, 44972.34483
Jonas_Salk, 1914-10-28, 2420434, 2,541,2237, 0, 0, 67298.78571
Louis_Pasteur, 1822-12-27, 2386892, 2,2,541,1103, 0, 0, 153478.0862
Moshe_Katsav, 1945-12-05, 2431795, 5,29,31,541, 0, 0, 26447.43182
Nathuram_Godse, 1910-05-19, 2418811, 17,263,541, 0, 0, 111336.7586
Richard_Laurence_Millington_Synge, 1914-10-28, 2420434, 2,541,2237, 0, 0, 5412.571429
Stamford_Raffles, 1781-07-06, 2371744, 2,2,2,2,2,137,541, 0, 0, 26594.41176
Wesley_Sneijder, 1984-06-09, 2445861, 3,11,137,541, 0, 0, 210221.2241
