Bruce_Campbell, 1958-06-22, 2436377, 29,29,2897, 0, 0, 258057
Feodor_III_of_Russia, 1661-06-09, 2327888, 2,2,2,2,29,29,173, 0, 0, 24731.42857
Ferdinand_II,_Holy_Roman_Emperor, 1578-07-09, 2297612, 2,2,29,29,683, 0, 0, 12583.26087
Gene_Roddenberry, 1921-08-19, 2422921, 29,29,43,67, 0, 0, 83226.175
Georg_Trakl, 1887-02-03, 2410306, 2,29,29,1433, 0, 0, 28723.28571
Horst_Ludwig_Störmer, 1949-04-06, 2433013, 11,29,29,263, 0, 0, 5714.666667
Johann_Nepomuk_Hummel, 1778-11-14, 2370779, 29,29,2819, 0, 0, 22314.61111
Michel_Vorm, 1983-10-20, 2445628, 2,2,29,29,727, 0, 0, 24713.5
Samak_Sundaravej, 1935-06-13, 2427967, 29,29,2887, 0, 0, 27853.45161
Torsten_Frings, 1976-11-22, 2443105, 5,7,29,29,83, 0, 0, 44018.41026
Ville_Valo, 1976-11-22, 2443105, 5,7,29,29,83, 0, 0, 124567.1944
William_Shockley, 1910-02-13, 2418716, 2,2,29,29,719, 0, 0, 25492
Zbigniew_Boniek, 1956-03-03, 2435536, 2,2,2,2,29,29,181, 0, 0, 57992.84848
