Albert_Bandura, 1925-12-04, 2424489, 3,17,137,347, 0, 0, 102727.697
Brad_Renfro, 1982-07-25, 2445176, 2,2,2,23,97,137, 0, 0, 226666.0385
Corey_Taylor, 1973-12-08, 2442025, 5,5,23,31,137, 0, 0, 356730.0357
Danny_Glover, 1946-07-22, 2432024, 2,2,2,7,137,317, 0, 0, 163196.7632
David_Arquette, 1971-09-08, 2441203, 103,137,173, 0, 0, 284445.8966
Dominic_Monaghan, 1976-12-08, 2443121, 17,137,1049, 0, 0, 192810.7209
Gustav_Klimt, 1862-07-14, 2401336, 2,2,2,7,137,313, 0, 0, 211676.4571
Isambard_Kingdom_Brunel, 1806-04-09, 2380786, 2,137,8689, 0, 0, 82107.37143
Josephine_Baker, 1906-06-03, 2417365, 5,137,3529, 0, 0, 151066.6667
Lassana_Diarra, 1985-03-10, 2446135, 5,137,3571, 0, 0, 97979.56098
Luis_Suárez, 1987-01-24, 2446820, 2,2,5,19,47,137, 0, 0, 138751.72
Martin_Freeman, 1971-09-08, 2441203, 103,137,173, 0, 0, 284868.6
Martin_Gore, 1961-07-23, 2437504, 2,2,2,2,2,2,2,137,139, 0, 0, 79302.13793
Matthew_Bellamy, 1978-06-09, 2443669, 137,17837, 0, 0, 202427.8537
Miroslav_Klose, 1978-06-09, 2443669, 137,17837, 0, 0, 164814.9516
Natalie_Portman, 1981-06-09, 2444765, 5,43,83,137, 0, 0, 583969.4487
Pier_Paolo_Pasolini, 1922-03-05, 2423119, 23,137,769, 0, 0, 127239.04
Pierre-Auguste_Renoir, 1841-02-25, 2393527, 137,17471, 0, 0, 128540.8158
Timothy_McVeigh, 1968-04-23, 2439970, 2,5,13,137,137, 0, 0, 230754.2581
Wesley_Sneijder, 1984-06-09, 2445861, 3,11,137,541, 0, 0, 210221.2241
Woody_Harrelson, 1961-07-23, 2437504, 2,2,2,2,2,2,2,137,139, 0, 0, 333259.2432
