Albert_Bandura, 1925-12-04, 2424489, 3,17,137,347, 0, 0, 102727.697
Christopher_A._Sims, 1942-10-21, 2430654, 2,3,137,2957, 0, 0, 8899.827586
Gunnar_Nordahl, 1921-10-19, 2422982, 2,37,137,239, 0, 0, 37539.1
Marcel_Desailly, 1968-09-07, 2440107, 3,3,137,1979, 0, 0, 57463.37838
Natalie_Portman, 1981-06-09, 2444765, 5,43,83,137, 0, 0, 583969.4487
Oskar_Kokoschka, 1886-03-01, 2409967, 7,7,137,359, 0, 0, 47875.6
Tristan_Tzara, 1896-04-16, 2413666, 2,23,137,383, 0, 0, 51753.45
Valentina_Tereshkova, 1937-03-06, 2428599, 3,19,137,311, 0, 0, 42595.71014
Wesley_Sneijder, 1984-06-09, 2445861, 3,11,137,541, 0, 0, 210221.2241
Yoichiro_Nambu, 1921-01-18, 2422708, 2,2,137,4421, 0, 0, 32845.41463
