Brian_Cox_(actor), 1946-06-01, 2431973, 37,65729, 0, 0, 45561.77419
Brian_Jones, 1942-02-28, 2430419, 37,65687, 0, 0, 173932.1429
Burton_Richter, 1931-03-22, 2426423, 37,65579, 0, 0, 9962.128205
Dino_Zoff, 1942-02-28, 2430419, 37,65687, 0, 0, 48855.8913
Edwin_Hubble, 1889-11-20, 2411327, 37,65171, 0, 0, 45132.89041
Frank_Wedekind, 1864-07-24, 2402077, 37,64921, 0, 0, 38132.80769
Harry_Mulisch, 1927-07-29, 2425091, 37,65543, 0, 0, 17499.26984
Jack_Wilshere, 1992-01-01, 2448623, 37,66179, 0, 0, 138981.3611
Jean_le_Rond_d'Alembert, 1717-11-16, 2348501, 37,63473, 0, 0, 29662.67347
Juan_Manuel_de_Rosas, 1793-03-30, 2376029, 37,64217, 0, 0, 124514.3846
Kristin_Scott_Thomas, 1960-05-24, 2437079, 37,65867, 0, 0, 175160.697
Luís_I_of_Portugal, 1838-10-31, 2392679, 37,64667, 0, 0, 15509.28571
Mary_Elizabeth_Winstead, 1984-11-28, 2446033, 37,66109, 0, 0, 273718.5714
Mikhail_Tukhachevsky, 1893-02-16, 2412511, 37,65203, 0, 0, 33576.55
Mohammed_VI_of_Morocco, 1963-08-21, 2438263, 37,65899, 0, 0, 81685.26923
Roman_Herzog, 1934-04-05, 2427533, 37,65609, 0, 0, 20220.23404
Sam_Peckinpah, 1925-02-21, 2424203, 37,65519, 0, 0, 84247.33333
Sid_Vicious, 1957-05-10, 2435969, 37,65837, 0, 0, 231088.625
Theo_van_Gogh_(film_director), 1957-07-23, 2436043, 37,65839, 0, 0, 11820.57143
Vasili_IV_of_Russia, 1552-09-22, 2288191, 37,61843, 0, 0, 26005.59459
William_Shatner, 1931-03-22, 2426423, 37,65579, 0, 0, 298349.6087
