Abhishek_Bachchan, 1976-02-05, 2442814, 2,11,37,3001, 0, 0, 185509.4186
Andrei_Chikatilo, 1936-10-16, 2428458, 2,3,37,10939, 0, 0, 165634.8438
Bernie_Mac, 1957-10-05, 2436117, 3,17,37,1291, 0, 0, 354973.9333
Boris_Becker, 1967-11-22, 2439817, 23,37,47,61, 0, 0, 117818.5263
Derrick_Rose, 1988-10-04, 2447439, 3,17,37,1297, 0, 0, 278586.3429
Desiderius_Erasmus, 1466-10-28, 2256815, 5,11,37,1109, 0, 0, 123443.0725
Dustin_Hoffman, 1937-08-08, 2428754, 2,23,37,1427, 0, 0, 194911.1
Hu_Jintao, 1942-12-21, 2430715, 5,7,37,1877, 0, 0, 121948.3953
Jiddu_Krishnamurti, 1895-05-11, 2413325, 5,5,37,2609, 0, 0, 107493.5556
John_Dewey, 1859-10-20, 2400338, 2,37,163,199, 0, 0, 132203.8364
Jordin_Sparks, 1989-12-22, 2447883, 3,3,37,7351, 0, 0, 241869.0571
Justin_Chambers, 1970-07-11, 2440779, 3,11,37,1999, 0, 0, 165256.8148
Michael_Jordan, 1963-02-17, 2438078, 2,37,47,701, 0, 0, 665054.5733
Michael_Moore_(saxophonist_and_clarinetist), 1954-12-04, 2435081, 11,31,37,193, 0, 0, 193738.0652
Richard_Dean_Anderson, 1950-01-23, 2433305, 5,7,37,1879, 0, 0, 179699.5556
Robert_Englund, 1947-06-06, 2432343, 3,17,37,1289, 0, 0, 203189.3846
Steve_Carell, 1962-08-16, 2437893, 3,3,37,7321, 0, 0, 408367.0857
Stieg_Larsson, 1954-08-15, 2434970, 2,5,37,6581, 0, 0, 296948.8605
Terry_Fox, 1958-07-28, 2436413, 7,23,37,409, 0, 0, 116588.4
Tiger_Woods, 1975-12-30, 2442777, 3,37,59,373, 0, 0, 362075.0714
Tony_Jaa, 1976-02-05, 2442814, 2,11,37,3001, 0, 0, 244330.9259
