Amy_Macdonald, 1987-08-25, 2,2,2,7,37,1181, 110046.9762
Bahá'u'lláh, 1817-11-12, 2,2,5,11,37,293, 28764.85
Blake_Lively, 1987-08-25, 2,2,2,7,37,1181, 689311.4048
Bobby_Jindal, 1971-06-10, 2,2,2,3,37,2749, 132530.5862
Bon_Scott, 1946-07-09, 2,3,5,7,37,313, 256223.2647
David_H._Hubel, 1926-02-27, 3,3,3,3,37,809, 10610.77419
Gary_Becker, 1930-12-02, 2,2,2,7,37,1171, 27520.07692
Gilbert_N._Lewis, 1875-10-23, 2,2,2,11,37,739, 33844.21875
Hartmut_Michel, 1948-07-18, 2,5,5,5,37,263, 6253.354839
Imelda_Marcos, 1929-07-02, 2,3,7,7,37,223, 118998.8966
James_Macpherson, 1736-10-27, 2,2,3,5,37,1061, 13686.15385
John_A._Macdonald, 1815-01-11, 2,2,2,2,37,4027, 61483.81818
John_Newcombe, 1944-05-23, 3,3,7,7,37,149, 17750.93103
José_de_San_Martín, 1778-02-25, 2,2,3,19,37,281, 187421.7736
Marshall_Warren_Nirenberg, 1927-04-10, 2,2,5,29,37,113, 10393.11429
Philip_Neri, 1515-07-21, 2,2,3,37,47,109, 47997.78571
Rogério_Ceni, 1973-01-22, 2,2,2,37,73,113, 108334.2759
Simone_Barone, 1978-04-30, 2,2,11,19,37,79, 17311.5
Tim_Henman, 1974-09-06, 2,2,2,37,37,223, 58883.16129
Ursula_K._Le_Guin, 1929-10-21, 3,3,5,31,37,47, 60033.30233
Yiruma, 1978-02-15, 2,3,3,3,37,1223, 140788.7692
