Akshay_Kumar, 1967-09-09, 2439743, 37,233,283, 0, 0, 373476.7714
Amanda_Seyfried, 1985-12-03, 2446403, 37,37,1787, 0, 0, 607842.4146
Bernie_Mac, 1957-10-05, 2436117, 3,17,37,1291, 0, 0, 354973.9333
Billy_Joel, 1949-05-09, 2433046, 2,7,7,11,37,61, 0, 0, 301556.5135
Carrie_Underwood, 1983-03-10, 2445404, 2,2,13,31,37,41, 0, 0, 377294.7429
Chloë_Sevigny, 1974-11-18, 2442370, 2,5,7,23,37,41, 0, 0, 305713.5357
Dianna_Agron, 1986-04-30, 2446551, 3,3,3,31,37,79, 0, 0, 540759.6429
Janet_Jackson, 1966-05-16, 2439262, 2,7,17,37,277, 0, 0, 331152.5306
Jason_Segel, 1980-01-18, 2444257, 31,37,2131, 0, 0, 474367.8611
Jeff_Buckley, 1966-11-17, 2439447, 3,37,21977, 0, 0, 365236.7941
Michael_Jordan, 1963-02-17, 2438078, 2,37,47,701, 0, 0, 665054.5733
Michelle_Rodriguez, 1978-07-12, 2443702, 2,37,33023, 0, 0, 410499.6
Nathan_Fillion, 1971-03-27, 2441038, 2,37,32987, 0, 0, 337042.4444
Nick_Jonas, 1992-09-16, 2448882, 2,3,3,37,3677, 0, 0, 491029.6286
Pharrell_Williams, 1973-04-05, 2441778, 2,3,17,37,647, 0, 0, 490308.9231
Randy_Orton, 1980-04-01, 2444331, 3,19,19,37,61, 0, 0, 614329.4474
Rebecca_Black, 1997-06-21, 2450621, 37,107,619, 0, 0, 320425.9167
Steve_Carell, 1962-08-16, 2437893, 3,3,37,7321, 0, 0, 408367.0857
Sunny_Leone, 1981-05-13, 2444738, 2,37,33037, 0, 0, 792865.963
Tiger_Woods, 1975-12-30, 2442777, 3,37,59,373, 0, 0, 362075.0714
Topher_Grace, 1978-07-12, 2443702, 2,37,33023, 0, 0, 315113
