Alan_Hutton, 1984-11-30, 2446035, 3,5,179,911, 0, 0, 31213.03704
Amos_Oz, 1939-05-04, 2429388, 2,2,3,3,13,29,179, 0, 0, 38301.2973
Bernard_Montgomery,_1st_Viscount_Montgomery_of_Alamein, 1887-11-17, 2410593, 3,67,67,179, 0, 0, 38547.23529
Demi_Moore, 1962-11-11, 2437980, 2,2,3,5,179,227, 0, 0, 396399.0143
George_Boole, 1815-11-02, 2384280, 2,2,2,3,3,5,37,179, 0, 0, 36059.67925
Jacob_Zuma, 1942-04-12, 2430462, 2,3,31,73,179, 0, 0, 69472.19298
Jean-Jacques_Annaud, 1943-10-01, 2430999, 3,3,3,179,503, 0, 0, 38350.86207
Mercedes_Ruehl, 1948-02-28, 2432610, 2,3,3,5,151,179, 0, 0, 34483.17857
Mika_Häkkinen, 1968-09-28, 2440128, 2,2,2,2,2,2,3,71,179, 0, 0, 71184.91304
Naomi_Watts, 1968-09-28, 2440128, 2,2,2,2,2,2,3,71,179, 0, 0, 273029.2407
Nigel_de_Jong, 1984-11-30, 2446035, 3,5,179,911, 0, 0, 74471.40476
Steven_Chu, 1948-02-28, 2432610, 2,3,3,5,151,179, 0, 0, 41290.17021
