Gabriel_Agbonlahor, 1986-10-13, 2446717, 7,7,13,23,167, 0, 0, 53726.48485
Gerald_Ford, 1913-07-14, 2419963, 7,7,13,29,131, 0, 0, 146608.7113
Ilona_Staller, 1951-11-26, 2433977, 7,7,13,3821, 0, 0, 240297.8667
John_Bonham, 1948-05-31, 2432703, 3,7,7,13,19,67, 0, 0, 198457.2791
Jon_Lord, 1941-06-09, 2430155, 5,7,7,7,13,109, 0, 0, 75831.89744
Josh_Radnor, 1974-07-29, 2442258, 2,3,3,3,7,7,13,71, 0, 0, 339447.7097
Kristen_Stewart, 1990-04-09, 2447991, 3,3,7,7,7,13,61, 0, 0, 955837.0345
Lynn_Redgrave, 1943-03-08, 2430792, 2,2,2,3,3,7,7,13,53, 0, 0, 75009.74074
Marita_Koch, 1957-02-18, 2435888, 2,2,2,2,7,7,13,239, 0, 0, 24286.14286
Michael_C._Hall, 1971-02-01, 2440984, 2,2,2,7,7,13,479, 0, 0, 383879.4571
Vladimir_Prelog, 1906-07-23, 2417415, 3,5,7,7,11,13,23, 0, 0, 8446.348837
Zlatko_Zahovič, 1971-02-01, 2440984, 2,2,2,7,7,13,479, 0, 0, 19408.30769
