Dianna_Agron, 1986-04-30, 2446551, 3,3,3,31,37,79, 0, 0, 540759.6429
Dmitry_Medvedev, 1965-09-14, 2439018, 2,3,3,3,31,31,47, 0, 0, 79416.62385
Ezer_Weizman, 1924-06-15, 2423952, 2,2,2,2,3,3,3,31,181, 0, 0, 19709.64516
Ian_Curtis, 1956-07-15, 2435670, 2,3,3,3,3,5,31,97, 0, 0, 209369.3429
Joe_Satriani, 1956-07-15, 2435670, 2,3,3,3,3,5,31,97, 0, 0, 240564.2703
Shane_Smeltz, 1981-09-29, 2444877, 3,3,3,23,31,127, 0, 0, 19217.7037
Stanley_Milgram, 1933-08-15, 2427300, 2,2,3,3,3,5,5,29,31, 0, 0, 47217.96875
Tom_Selleck, 1945-01-29, 2431485, 3,3,3,5,7,31,83, 0, 0, 277634.5278
Viktor_Orbán, 1963-05-31, 2438181, 3,3,3,3,31,971, 0, 0, 36214.08889
William-Adolphe_Bouguereau, 1825-11-30, 2387961, 3,3,3,3,3,31,317, 0, 0, 62041.91489
Yitzhak_Rabin, 1922-03-01, 2423115, 3,3,3,3,5,31,193, 0, 0, 92744.10938
