50_Cent, 1975-07-06, 2442600, 2,2,2,3,3,5,5,23,59, 0, 0, 632055.6716
Alfonso_Cuarón, 1961-11-28, 2437632, 2,2,2,2,2,2,2,2,2,3,3,23,23, 0, 0, 89554.37931
Andre_Iguodala, 1984-01-28, 2445728, 2,2,2,2,2,23,3323, 0, 0, 76413.57143
Anne_Rice, 1941-10-04, 2430272, 2,2,2,2,2,2,13,23,127, 0, 0, 139508
Brad_Renfro, 1982-07-25, 2445176, 2,2,2,23,97,137, 0, 0, 226666.0385
Chuck_Yeager, 1923-02-13, 2423464, 2,2,2,23,13171, 0, 0, 127263.7
Darren_Criss, 1987-02-05, 2446832, 2,2,2,2,23,61,109, 0, 0, 340967.7143
Dominique_Strauss-Kahn, 1949-04-25, 2433032, 2,2,2,7,23,1889, 0, 0, 155915.5769
Emile_Heskey, 1978-01-11, 2443520, 2,2,2,2,2,2,2,2,5,23,83, 0, 0, 102361.275
Empress_Elisabeth_of_Austria, 1837-12-24, 2392368, 2,2,2,2,3,11,23,197, 0, 0, 208457.3111
Gemma_Arterton, 1986-02-02, 2446464, 2,2,2,2,2,2,2,3,23,277, 0, 0, 481014.3103
George_Kennedy, 1925-02-18, 2424200, 2,2,2,5,5,17,23,31, 0, 0, 86832.03704
Jared_Leto, 1971-12-26, 2441312, 2,2,2,2,2,23,31,107, 0, 0, 494313.6596
Jay_Leno, 1950-04-28, 2433400, 2,2,2,5,5,23,23,23, 0, 0, 238832.5938
Jim_Cummings, 1952-11-03, 2434320, 2,2,2,2,3,3,3,5,7,7,23, 0, 0, 120277.8846
John_Dillinger, 1903-06-22, 2416288, 2,2,2,2,2,7,7,23,67, 0, 0, 521797.3438
Katie_Leung, 1987-08-08, 2447016, 2,2,2,3,11,13,23,31, 0, 0, 82028.83871
Rick_Riordan, 1964-06-05, 2438552, 2,2,2,23,29,457, 0, 0, 131900.6207
Ritchie_Blackmore, 1945-04-14, 2431560, 2,2,2,3,5,23,881, 0, 0, 145133
Terence_Hill, 1939-03-29, 2429352, 2,2,2,3,3,3,3,23,163, 0, 0, 317292.125
Zooey_Deschanel, 1980-01-17, 2444256, 2,2,2,2,2,3,3,3,3,23,41, 0, 0, 851459.7436
