Anthony_James_Leggett, 1938-03-26, 2,2,2,23,43,307, 8459.945946
Brad_Renfro, 1982-07-25, 2,2,2,23,97,137, 226666.0385
Clinton_Davisson, 1881-10-22, 2,2,2,3,23,4363, 6292.203704
Dominique_Strauss-Kahn, 1949-04-25, 2,2,2,7,23,1889, 155915.5769
George_Hamilton-Gordon,_4th_Earl_of_Aberdeen, 1784-01-28, 2,2,2,5,23,2579, 2144.090909
Harlow_Shapley, 1885-11-02, 2,2,2,7,23,1871, 10788.11111
Rick_Riordan, 1964-06-05, 2,2,2,23,29,457, 131900.6207
Sergio_Canales, 1991-02-16, 2,2,2,2,23,6653, 74301.5625
Tomáš_Necid, 1989-08-13, 2,2,2,23,53,251, 20432.88889
Xavier_Malisse, 1980-07-19, 2,2,2,5,23,2657, 21109.88462
