Anna_Popplewell, 1988-12-16, 2447512, 2,2,2,31,71,139, 0, 0, 196293.9286
Criss_Angel, 1967-12-19, 2439844, 2,2,11,11,71,71, 0, 0, 245902.5714
Frank_Welker, 1946-03-12, 2431892, 2,2,71,8563, 0, 0, 149944.4286
Grace_Kelly, 1929-11-12, 2425928, 2,2,2,71,4271, 0, 0, 274777.4923
Johannes_Vermeer, 1632-10-31, 2317440, 2,2,2,2,2,2,2,3,5,17,71, 0, 0, 130381.7838
Josef_Mengele, 1911-03-16, 2419112, 2,2,2,71,4259, 0, 0, 390980.0833
Joseph_McCarthy, 1908-11-14, 2418260, 2,2,5,13,71,131, 0, 0, 164039.8293
Julia_Gillard, 1961-09-29, 2437572, 2,2,3,71,2861, 0, 0, 71735.47887
Kieran_Gibbs, 1989-09-26, 2447796, 2,2,3,13,13,17,71, 0, 0, 50196.78788
Lil_Wayne, 1982-09-27, 2445240, 2,2,2,3,5,7,41,71, 0, 0, 1401836.674
Liza_Minnelli, 1946-03-12, 2431892, 2,2,71,8563, 0, 0, 201417.2745
Louis_XVII_of_France, 1785-03-27, 2373104, 2,2,2,2,71,2089, 0, 0, 67765.56522
Louise_Bourgeois, 1911-12-25, 2419396, 2,2,7,71,1217, 0, 0, 56214.8125
Mats_Hummels, 1988-12-16, 2447512, 2,2,2,31,71,139, 0, 0, 101952.7714
Michael_Ende, 1929-11-12, 2425928, 2,2,2,71,4271, 0, 0, 61407.41463
Mika_Häkkinen, 1968-09-28, 2440128, 2,2,2,2,2,2,3,71,179, 0, 0, 71184.91304
Naomi_Watts, 1968-09-28, 2440128, 2,2,2,2,2,2,3,71,179, 0, 0, 273029.2407
Raúl_Castro, 1931-06-03, 2426496, 2,2,2,2,2,2,2,3,71,89, 0, 0, 66641.33824
Rio_Ferdinand, 1978-11-07, 2443820, 2,2,5,71,1721, 0, 0, 118402.4545
Rudolf_Virchow, 1821-10-13, 2386452, 2,2,3,71,2801, 0, 0, 55168.54545
Shirley_Temple, 1928-04-23, 2425360, 2,2,2,2,5,7,61,71, 0, 0, 340979.1111
