Alan_J._Pakula, 1928-04-07, 2425344, 2,2,2,2,2,2,2,2,2,3,1579, 0, 0, 23444.07143
Alfonso_Cuarón, 1961-11-28, 2437632, 2,2,2,2,2,2,2,2,2,3,3,23,23, 0, 0, 89554.37931
Andreas_Brehme, 1960-11-09, 2437248, 2,2,2,2,2,2,2,3,11,577, 0, 0, 29412.06061
André_Ooijer, 1974-07-11, 2442240, 2,2,2,2,2,2,2,2,2,2,3,3,5,53, 0, 0, 22548.5
Arthur_Evans, 1851-07-08, 2397312, 2,2,2,2,2,2,2,3,3,2081, 0, 0, 17376.8
Ashley_Greene, 1987-02-21, 2446848, 2,2,2,2,2,2,2,2,2,3,3,3,3,59, 0, 0, 445138.6857
Ellen_Page, 1987-02-21, 2446848, 2,2,2,2,2,2,2,2,2,3,3,3,3,59, 0, 0, 452879.2553
François_Bayrou, 1951-05-25, 2433792, 2,2,2,2,2,2,2,2,3,3169, 0, 0, 36110.8125
Fábio_Coentrão, 1988-03-11, 2447232, 2,2,2,2,2,2,2,3,6373, 0, 0, 87429.44444
Gemma_Arterton, 1986-02-02, 2446464, 2,2,2,2,2,2,2,3,23,277, 0, 0, 481014.3103
Hamit_Altıntop, 1982-12-08, 2445312, 2,2,2,2,2,2,2,2,2,2,2,2,3,199, 0, 0, 95185.09302
Jadranka_Kosor, 1953-07-01, 2434560, 2,2,2,2,2,2,2,2,2,3,5,317, 0, 0, 12684.29545
James_Garner, 1928-04-07, 2425344, 2,2,2,2,2,2,2,2,2,3,1579, 0, 0, 223019.2414
Jasper_Johns, 1930-05-15, 2426112, 2,2,2,2,2,2,2,2,3,3,3,3,3,3,13, 0, 0, 114247.1538
Johannes_Vermeer, 1632-10-31, 2317440, 2,2,2,2,2,2,2,3,5,17,71, 0, 0, 130381.7838
Lise_Meitner, 1878-11-07, 2407296, 2,2,2,2,2,2,2,3,6269, 0, 0, 39423.77551
Nicki_Minaj, 1982-12-08, 2445312, 2,2,2,2,2,2,2,2,2,2,2,2,3,199, 0, 0, 1115701.245
Raúl_Castro, 1931-06-03, 2426496, 2,2,2,2,2,2,2,3,71,89, 0, 0, 66641.33824
Roald_Dahl, 1916-09-13, 2421120, 2,2,2,2,2,2,2,3,5,13,97, 0, 0, 261161.2745
Wes_Brown, 1979-10-13, 2444160, 2,2,2,2,2,2,2,3,5,19,67, 0, 0, 42958.46667
Wojciech_Szczęsny, 1990-04-18, 2448000, 2,2,2,2,2,2,2,3,3,5,5,5,17, 0, 0, 88322.95122
