Alan_Shearer, 1970-08-13, 2440812, 2,2,3,11,11,41,41, 0, 0, 95239.17308
Criss_Angel, 1967-12-19, 2439844, 2,2,11,11,71,71, 0, 0, 245902.5714
Fidel_V._Ramos, 1928-03-18, 2425324, 2,2,11,11,5011, 0, 0, 24867.02857
Jimmy_Greaves, 1940-02-20, 2429680, 2,2,2,2,5,11,11,251, 0, 0, 35770.26923
Maud_of_Wales, 1869-11-26, 2404028, 2,2,11,11,4967, 0, 0, 31578.67857
Max_Jacob, 1876-07-12, 2406448, 2,2,2,2,11,11,11,113, 0, 0, 24805.11538
Nicolas_Steno, 1638-01-01, 2319328, 2,2,2,2,2,11,11,599, 0, 0, 160773.5946
Raymond_Domenech, 1952-01-24, 2434036, 2,2,11,11,47,107, 0, 0, 72593.13514
Salvador_Dalí, 1904-05-11, 2416612, 2,2,11,11,4993, 0, 0, 307234.4754
Sarah_Vaughan, 1924-03-27, 2423872, 2,2,2,2,2,2,11,11,313, 0, 0, 71011.24138
Steven_Pinker, 1954-09-18, 2435004, 2,2,3,3,11,11,13,43, 0, 0, 61697.31034
Tom_Berenger, 1949-05-31, 2433068, 2,2,11,11,11,457, 0, 0, 161927.8519
