Christiaan_Huygens, 1629-04-14, 2316144, 2,2,2,2,3,73,661, 0, 0, 38139.94737
Dominique_de_Villepin, 1953-11-14, 2434696, 2,2,2,11,73,379, 0, 0, 36500.72727
Ellen_Pompeo, 1969-11-10, 2440536, 2,2,2,3,7,73,199, 0, 0, 252505.697
Enzo_Francescoli, 1961-11-12, 2437616, 2,2,2,2,73,2087, 0, 0, 61978.70588
Glenn_T._Seaborg, 1912-04-19, 2419512, 2,2,2,3,73,1381, 0, 0, 20086.36585
Jean-Léon_Gérôme, 1824-05-10, 2387392, 2,2,2,2,2,2,7,73,73, 0, 0, 43071.81818
Jens_Lehmann, 1969-11-10, 2440536, 2,2,2,3,7,73,199, 0, 0, 61921.83333
Martinus_J._G._Veltman, 1931-06-27, 2426520, 2,2,2,3,5,73,277, 0, 0, 9158.888889
Michel_Platini, 1955-06-21, 2435280, 2,2,2,2,3,5,73,139, 0, 0, 101190.0984
Paulina_Rubio, 1971-06-17, 2441120, 2,2,2,2,2,5,11,19,73, 0, 0, 129890
Pope_Marcellus_II, 1501-05-06, 2269424, 2,2,2,2,29,67,73, 0, 0, 15124.80392
Rutherford_B._Hayes, 1822-10-04, 2386808, 2,2,2,61,67,73, 0, 0, 46857.84884
Werner_Herzog, 1942-09-05, 2430608, 2,2,2,2,73,2081, 0, 0, 161592.5714
Yusuf_al-Qaradawi, 1926-09-09, 2424768, 2,2,2,2,2,2,3,73,173, 0, 0, 58827.21429
