Aleksandr_Lyapunov, 1857-06-06, 2399472, 2,2,2,2,3,3,19,877, 0, 0, 13001.55556
Alexander_Khalifman, 1966-01-18, 2439144, 2,2,2,3,3,19,1783, 0, 0, 5628.771429
Donald_A._Glaser, 1926-09-21, 2424780, 2,2,3,3,5,19,709, 0, 0, 9220.931818
Emilia_Plater, 1806-11-13, 2381004, 2,2,3,3,19,59,59, 0, 0, 22150.2069
Gabriela_Mistral, 1889-04-07, 2411100, 2,2,3,3,3,5,5,19,47, 0, 0, 77513.51613
Hakan_Şükür, 1971-09-01, 2441196, 2,2,3,3,19,43,83, 0, 0, 80262.68421
Sarah_Michelle_Gellar, 1977-04-14, 2443248, 2,2,2,2,3,3,19,19,47, 0, 0, 424751
Steve_Vai, 1960-06-06, 2437092, 2,2,3,3,7,19,509, 0, 0, 213699.7632
William_R._King, 1786-04-07, 2373480, 2,2,2,3,3,5,19,347, 0, 0, 17510.13793
Wyclef_Jean, 1969-10-17, 2440512, 2,2,2,2,2,2,3,3,19,223, 0, 0, 163833.3056
