Adam_Mickiewicz, 1798-12-24, 2,2,3,3,7,9437, 93318.25
Ahmed_Sékou_Touré, 1922-01-09, 2,2,2,3,7,14423, 20008.29032
Albert_Uderzo, 1927-04-25, 2,2,3,3,7,9623, 32912.65714
Alfonso_XIII_of_Spain, 1886-05-17, 2,2,3,7,13,2207, 60057.09434
Anders_Fogh_Rasmussen, 1953-01-26, 2,2,3,7,73,397, 30848.08475
Bert_van_Marwijk, 1952-05-19, 2,2,2,3,7,14489, 62028.13793
Christian_Slater, 1969-08-18, 2,2,3,7,17,1709, 228277.9394
David_Cook_(singer), 1982-12-20, 2,2,3,7,43,677, 57651.76923
Debra_Winger, 1955-05-16, 2,2,3,7,53,547, 121033.2857
Edward_Norton, 1969-08-18, 2,2,3,7,17,1709, 359733.8596
Fabio_Grosso, 1977-11-28, 2,2,3,7,19,1531, 62542.40541
Josef_Albers, 1888-03-19, 2,2,3,7,11,2609, 43066.96154
Keke_Rosberg, 1948-12-06, 2,2,3,7,11,2633, 51518.06452
Matthew_Morrison, 1978-10-30, 2,2,3,7,47,619, 289266.9286
Michael_Krohn-Dehli, 1983-06-06, 2,2,3,7,7,4159, 18662.15625
Olga_Korbut, 1955-05-16, 2,2,3,7,53,547, 36401.58065
Paul_Auster, 1947-02-03, 2,2,3,5,7,5791, 104283.6667
Pedro_Calderón_de_la_Barca, 1600-01-17, 2,2,2,3,7,13723, 61626.0625
Rebecca_Romijn, 1972-11-06, 2,2,3,3,7,9689, 279454.8889
Thomas_Häßler, 1966-05-30, 2,2,3,7,71,409, 31074.24138
Wilhelm_von_Humboldt, 1767-06-22, 2,2,2,3,7,14087, 33660.13462
