Anastacia, 1968-09-17, 2,2,3,3,7,23,421
Anatole_France, 1844-04-16, 2,2,2,2,3,7,7127
Andreu_Fontàs, 1989-11-14, 2,2,3,7,7,23,181
André_Citroën, 1878-02-05, 2,2,3,5,7,11,521
Antonio_Nocerino, 1985-04-09, 2,2,3,3,7,17,571
Ben_Wallace, 1974-09-10, 2,2,3,5,5,7,1163
Dean_Acheson, 1893-04-11, 2,2,3,7,7,11,373
Elmer_Bernstein, 1922-04-04, 2,2,3,7,7,13,317
Giulio_Andreotti, 1919-01-14, 2,2,3,3,7,7,1373
Hans_Kelsen, 1881-10-11, 2,2,3,3,7,19,503
Ian_Smith, 1919-04-08, 2,2,2,3,7,13,1109
Jack_Kirby, 1917-08-28, 2,2,3,3,3,7,3203
Jan_Fischer_(politician), 1951-01-02, 2,2,2,2,3,7,7243
Jim_Belushi, 1954-06-15, 2,2,3,7,7,41,101
Jim_Broadbent, 1949-05-24, 2,2,3,3,5,7,1931
Joseph_Gordon-Levitt, 1981-02-17, 2,2,3,3,7,89,109
Laurent_Fabius, 1946-08-20, 2,2,3,3,3,7,3217
Mary_Lynn_Rajskub, 1971-06-22, 2,2,3,3,3,7,3229
Michael_Emerson, 1954-09-07, 2,2,2,2,3,7,7247
Paris_Hilton, 1981-02-17, 2,2,3,3,7,89,109
Robert_Byrd, 1917-11-20, 2,2,2,2,3,7,7207
Ryan_Phillippe, 1974-09-10, 2,2,3,5,5,7,1163
Wes_Montgomery, 1923-03-06, 2,2,3,3,7,59,163
