Alessandro_Manzoni, 1785-03-07, 2373084, 2,2,3,3,3,7,43,73, 0, 0, 72838.91489
Alicia_Silverstone, 1976-10-04, 2443056, 2,2,2,2,3,7,11,661, 0, 0, 265780.2703
Barry_Levinson, 1942-04-06, 2430456, 2,2,2,3,7,17,23,37, 0, 0, 47865.37037
Bruce_McLaren, 1937-08-30, 2428776, 2,2,2,3,3,7,61,79, 0, 0, 39614.39286
Caster_Semenya, 1991-01-07, 2448264, 2,2,2,3,7,13,19,59, 0, 0, 113576.6071
Cesc_Fàbregas, 1987-05-04, 2446920, 2,2,2,3,3,5,7,971, 0, 0, 181519.6087
Christian_X_of_Denmark, 1870-09-26, 2404332, 2,2,3,3,7,7,29,47, 0, 0, 30199.13514
Eden_Hazard, 1991-01-07, 2448264, 2,2,2,3,7,13,19,59, 0, 0, 240831.7568
Irving_Langmuir, 1881-01-31, 2408112, 2,2,2,2,3,3,7,2389, 0, 0, 14873.79545
Jorge_Lorenzo, 1987-05-04, 2446920, 2,2,2,3,3,5,7,971, 0, 0, 68922.12903
Kelsey_Grammer, 1955-02-21, 2435160, 2,2,2,3,5,7,13,223, 0, 0, 302374.5172
Kenneth_Kaunda, 1924-04-28, 2423904, 2,2,2,2,2,3,7,3607, 0, 0, 15520.39024
Lil_Wayne, 1982-09-27, 2445240, 2,2,2,3,5,7,41,71, 0, 0, 1401836.674
Markus_Rosenberg, 1982-09-27, 2445240, 2,2,2,3,5,7,41,71, 0, 0, 35385.89655
Mauro_Camoranesi, 1976-10-04, 2443056, 2,2,2,2,3,7,11,661, 0, 0, 73479.61538
Pierre_Bayle, 1647-11-18, 2322936, 2,2,2,3,3,7,11,419, 0, 0, 19016.25
Richard_Clayderman, 1953-12-28, 2434740, 2,2,3,5,7,11,17,31, 0, 0, 82192.22581
Sejanus, -0020-06-03, 1714272, 2,2,2,2,2,3,7,2551, 0, 0, 24050.39286
Silvio_Piola, 1913-09-29, 2420040, 2,2,2,3,5,7,43,67, 0, 0, 42284.66667
Tom_Hanks, 1956-07-09, 2435664, 2,2,2,2,3,7,11,659, 0, 0, 405936.5769
Viktor_Korchnoi, 1931-03-23, 2426424, 2,2,2,3,7,11,13,101, 0, 0, 16561.53333
