Alexej_von_Jawlensky, 1864-03-13, 2401944, 2,2,2,3,41,2441, 0, 0, 18709.30769
Arantxa_Sánchez_Vicario, 1971-12-18, 2441304, 2,2,2,3,3,41,827, 0, 0, 34445.26829
Bertrand_Delanoë, 1950-05-30, 2433432, 2,2,2,3,41,2473, 0, 0, 35780.30303
Carlo_Rubbia, 1934-03-31, 2427528, 2,2,2,3,41,2467, 0, 0, 18507.68293
Denílson_Pereira_Neves, 1988-02-16, 2447208, 2,2,2,3,3,41,829, 0, 0, 54456.08571
Francis_William_Aston, 1877-09-01, 2406864, 2,2,2,2,3,41,1223, 0, 0, 8210.166667
Lil_Wayne, 1982-09-27, 2445240, 2,2,2,3,5,7,41,71, 0, 0, 1401836.674
Markus_Rosenberg, 1982-09-27, 2445240, 2,2,2,3,5,7,41,71, 0, 0, 35385.89655
Peter_Schmeichel, 1963-11-18, 2438352, 2,2,2,2,3,3,7,41,59, 0, 0, 109452.093
Richard_Chamberlain, 1934-03-31, 2427528, 2,2,2,3,41,2467, 0, 0, 118327.2857
Zooey_Deschanel, 1980-01-17, 2444256, 2,2,2,2,2,3,3,3,3,23,41, 0, 0, 851459.7436
