Betty_Ford, 1918-04-08, 2421692, 2,2,7,13,6653, 0, 0, 73046.66667
Cesare_Prandelli, 1957-08-19, 2436070, 2,5,7,13,2677, 0, 0, 53463.42424
Eva_Rivas, 1987-07-13, 2446990, 2,5,7,13,2689, 0, 0, 18256.7037
Ferid_Murad, 1936-09-14, 2428426, 2,7,11,13,1213, 0, 0, 11925.24138
Gaspard_Monge, 1746-05-09, 2358902, 2,7,13,13,997, 0, 0, 20792.06061
Georg_Ohm, 1789-03-16, 2374554, 2,3,7,13,4349, 0, 0, 45716.94203
Henry_III,_Holy_Roman_Emperor, 1017-10-28, 2092818, 2,3,7,13,3833, 0, 0, 6621.512195
Jared_Padalecki, 1982-07-19, 2445170, 2,5,7,13,2687, 0, 0, 349159.1471
Kiri_Te_Kanawa, 1944-03-06, 2431156, 2,2,7,13,6679, 0, 0, 48354.78571
Larry_Hagman, 1931-09-21, 2426606, 2,7,13,67,199, 0, 0, 182938.9143
Madeleine_Stowe, 1958-08-18, 2436434, 2,7,11,13,1217, 0, 0, 163111
Marcus_Grönholm, 1968-02-05, 2439892, 2,2,7,13,6703, 0, 0, 22016.48276
Sigismund,_Holy_Roman_Emperor, 1368-02-14, 2220764, 2,2,7,13,6101, 0, 0, 20487.3913
Sophie_Germain, 1776-04-01, 2369822, 2,7,13,29,449, 0, 0, 27903.63636
Sotirios_Kyrgiakos, 1979-07-23, 2444078, 2,7,13,13,1033, 0, 0, 34073.96774
Stephan_Lichtsteiner, 1984-01-16, 2445716, 2,2,7,13,6719, 0, 0, 45860.03226
Édouard_Manet, 1832-01-23, 2390206, 2,7,13,23,571, 0, 0, 114859.9863
