Anabel_Medina_Garrigues, 1982-07-31, 2445182, 2,37,173,191, 0, 0, 12640.71875
Arnold_Böcklin, 1827-10-16, 2388646, 2,13,13,37,191, 0, 0, 31541.21212
Charles_Dickens, 1812-02-07, 2382916, 2,2,191,3119, 0, 0, 246553.3043
David_Bowie, 1947-01-08, 2432194, 2,191,6367, 0, 0, 498752.7761
Edward_Albee, 1928-03-12, 2425318, 2,7,191,907, 0, 0, 44410.25806
Fernando_Pessoa, 1888-06-13, 2410802, 2,191,6311, 0, 0, 133097.234
Guntis_Ulmanis, 1939-09-13, 2429520, 2,2,2,2,3,5,53,191, 0, 0, 5736.666667
Hugo_Sánchez, 1958-07-11, 2436396, 2,2,3,191,1063, 0, 0, 66336.86111
James_Mason, 1909-05-15, 2418442, 2,13,191,487, 0, 0, 86869.69697
Jean-Baptiste_Colbert, 1619-08-29, 2312628, 2,2,3,191,1009, 0, 0, 55997.375
Khalifa_bin_Zayed_Al_Nahyan, 1948-01-25, 2432576, 2,2,2,2,2,2,191,199, 0, 0, 68582.34146
Lennart_Meri, 1929-03-29, 2425700, 2,2,5,5,127,191, 0, 0, 10326.10256
Oskar_Schindler, 1908-04-28, 2418060, 2,2,3,5,191,211, 0, 0, 259355.0392
Pope_Julius_II, 1443-12-05, 2248452, 2,2,3,3,3,109,191, 0, 0, 51360.11111
Victor_Moses, 1990-12-12, 2448238, 2,13,17,29,191, 0, 0, 85301.75862
Vigdís_Finnbogadóttir, 1930-04-15, 2426082, 2,3,29,73,191, 0, 0, 10719.55
William_Wordsworth, 1770-04-07, 2367636, 2,2,3,191,1033, 0, 0, 100490.8955
