Charles_XII_of_Sweden, 1682-06-17, 2335566, 2,3,97,4013, 0, 0, 48445.625
Colleen_McCullough, 1937-06-01, 2428686, 2,3,3,13,97,107, 0, 0, 31085.51852
Dennis_Tito, 1940-08-08, 2429850, 2,3,5,5,97,167, 0, 0, 28665.6
Edward_I_of_England, 1239-06-17, 2173770, 2,3,3,3,5,83,97, 0, 0, 121767.5862
Ian_Curtis, 1956-07-15, 2435670, 2,3,3,3,3,5,31,97, 0, 0, 209369.3429
Ian_Paisley, 1926-04-06, 2424612, 2,2,3,97,2083, 0, 0, 46282.07407
Joe_Satriani, 1956-07-15, 2435670, 2,3,3,3,3,5,31,97, 0, 0, 240564.2703
Johannes_Rau, 1931-01-16, 2426358, 2,3,11,97,379, 0, 0, 26597.92453
Michael_Fassbender, 1977-04-02, 2443236, 2,2,3,97,2099, 0, 0, 454186.0571
Morgan_Freeman, 1937-06-01, 2428686, 2,3,3,13,97,107, 0, 0, 432477.0909
Mungo_Park_(explorer), 1771-09-11, 2368158, 2,3,13,97,313, 0, 0, 8265.1875
Nino_Rota, 1911-12-03, 2419374, 2,3,97,4157, 0, 0, 60426.62857
Paul-Henri_Mathieu, 1982-01-12, 2444982, 2,3,97,4201, 0, 0, 22166.15385
Prachanda, 1954-12-11, 2435088, 2,2,2,2,3,97,523, 0, 0, 19660.62069
Roald_Dahl, 1916-09-13, 2421120, 2,2,2,2,2,2,2,3,5,13,97, 0, 0, 261161.2745
Saul_Perlmutter, 1959-09-22, 2436834, 2,3,53,79,97, 0, 0, 10570.45455
Scatman_John, 1942-03-13, 2430432, 2,2,2,2,2,3,3,3,29,97, 0, 0, 150487.0645
W._H._Auden, 1907-02-21, 2417628, 2,2,3,31,67,97, 0, 0, 68436
Yeardley_Smith, 1964-07-03, 2438580, 2,2,3,5,97,419, 0, 0, 72923.11111
