Allyson_Felix, 1985-11-18, 2,2,7,41,2131, 66932.73077
Bear_Grylls, 1974-06-07, 2,13,29,41,79, 458488.6
Christian_III_of_Denmark, 1503-08-12, 2,2,41,109,127, 15773.03571
Claudia_Cardinale, 1938-04-15, 2,2,3,41,4937, 107498.4545
Cornelia_Funke, 1958-12-10, 2,2,41,83,179, 69351.46154
David_Morse_(actor), 1953-10-11, 2,3,3,41,3299, 61555.40741
Dejan_Stanković, 1978-09-12, 2,2,3,41,4967, 68031.46154
Empress_Dowager_Cixi, 1835-11-29, 2,2,3,41,4861, 84471.25758
Fritz_Albert_Lipmann, 1899-06-12, 2,7,7,41,601, 6507.96875
John_Hannah_(actor), 1962-04-23, 2,7,31,41,137, 45816.53846
Mahesh_Bhupathi, 1974-06-07, 2,13,29,41,79, 52912.68966
Michael_Atiyah, 1929-04-22, 2,2,7,41,2113, 15401.03226
Nilmar, 1984-07-14, 2,2,2,41,7457, 68745.70968
Pearl_S._Buck, 1892-06-26, 2,2,3,41,4903, 36099.78125
Philipp_Lahm, 1983-11-11, 2,5,5,41,1193, 100898.8868
Robert_Bosch, 1861-09-23, 2,7,41,47,89, 38654.18519
Vittorio_Emanuele_Orlando, 1860-05-19, 2,5,5,41,1171, 19714.81481
William_IV_of_the_United_Kingdom, 1765-08-21, 2,11,41,43,61, 82184.86207
