Amitabh_Bachchan, 1942-10-11, 2430644, 2,2,41,14821, 0, 0, 239268.5179
Bear_Grylls, 1974-06-07, 2442206, 2,13,29,41,79, 0, 0, 458488.6
Bryce_Dallas_Howard, 1981-03-02, 2444666, 2,7,41,4259, 0, 0, 363752.7778
Carrie_Underwood, 1983-03-10, 2445404, 2,2,13,31,37,41, 0, 0, 377294.7429
Chloë_Sevigny, 1974-11-18, 2442370, 2,5,7,23,37,41, 0, 0, 305713.5357
Colonel_Sanders, 1890-09-09, 2411620, 2,2,5,17,41,173, 0, 0, 168414.0385
Franz_Beckenbauer, 1945-09-11, 2431710, 2,3,3,5,41,659, 0, 0, 134288.2857
Henry_VIII_of_England, 1491-06-28, 2265824, 2,2,2,2,2,11,41,157, 0, 0, 631188.4286
Janet_Leigh, 1927-07-06, 2425068, 2,2,3,3,31,41,53, 0, 0, 136405.1429
John_F._Kennedy, 1917-05-29, 2421378, 2,3,3,17,41,193, 0, 0, 496524.431
Jon_Favreau, 1966-10-19, 2439418, 2,41,71,419, 0, 0, 210651.1786
Klaus_Barbie, 1913-10-25, 2420066, 2,11,41,2683, 0, 0, 154626.9333
Lil_Wayne, 1982-09-27, 2445240, 2,2,2,3,5,7,41,71, 0, 0, 1401836.674
Marion_Jones, 1975-10-12, 2442698, 2,41,29789, 0, 0, 126699.1
Nina_Dobrev, 1989-01-09, 2447536, 2,2,2,2,7,13,41,41, 0, 0, 473772.2889
Patrick_Stewart, 1940-07-13, 2429824, 2,2,2,2,2,2,2,41,463, 0, 0, 284151.381
Paz_Vega, 1976-01-02, 2442780, 2,2,3,3,5,41,331, 0, 0, 131161.2333
Portia_de_Rossi, 1973-01-31, 2441714, 2,11,41,2707, 0, 0, 455631.5185
Robert_Kiyosaki, 1947-04-08, 2432284, 2,2,41,14831, 0, 0, 146508.0385
Selena, 1971-04-16, 2441058, 2,3,41,9923, 0, 0, 141731.6355
Zooey_Deschanel, 1980-01-17, 2444256, 2,2,2,2,2,3,3,3,3,23,41, 0, 0, 851459.7436
