Andrey_Vyshinsky, 1883-12-10, 2409155, 5,7,17,4049, 0, 0, 13930.59259
Billie_Jean_King, 1943-11-22, 2431051, 7,17,31,659, 0, 0, 84511.23529
Charles_Messier, 1730-06-26, 2353106, 2,7,17,9887, 0, 0, 12211.32653
David_II_of_Scotland, 1324-03-05, 2204713, 7,17,97,191, 0, 0, 16795.4375
Geoff_Hurst, 1941-12-08, 2430337, 7,13,17,1571, 0, 0, 29118.46667
John_C._Reilly, 1965-05-24, 2438905, 5,7,17,4099, 0, 0, 196377.9032
Konstantin_Rokossovsky, 1896-12-21, 2413915, 5,7,17,4057, 0, 0, 26269.21429
Manuel_Rivera-Ortiz, 1968-12-23, 2440214, 2,7,17,10253, 0, 0, 3648.357143
Nicola_Abbagnano, 1901-07-15, 2415581, 7,17,53,383, 0, 0, 10689
Pierre-Gilles_de_Gennes, 1932-10-24, 2427005, 5,7,17,4079, 0, 0, 13572.54762
Rachel_Carson, 1907-05-27, 2417723, 7,11,17,1847, 0, 0, 44377.56897
Robert_Mundell, 1932-10-24, 2427005, 5,7,17,4079, 0, 0, 19488.59375
Salomon_Kalou, 1985-08-05, 2446283, 7,17,61,337, 0, 0, 70125.97778
Serge_Gainsbourg, 1928-04-02, 2425339, 7,17,89,229, 0, 0, 307667.5
