Alexander_Kerensky, 1881-05-02, 7,7,7,7,17,59, 39870.62745
Andy_Roddick, 1982-08-30, 2,2,7,11,17,467, 164783
Bhumibol_Adulyadej, 1927-12-05, 2,2,5,7,17,1019, 142465.0357
Christian_Slater, 1969-08-18, 2,2,3,7,17,1709, 228277.9394
Călin_Popescu-Tăriceanu, 1952-01-14, 2,3,7,7,17,487, 8978.363636
Edward_James_Olmos, 1947-02-24, 3,3,3,7,17,757, 142510.6364
Edward_Norton, 1969-08-18, 2,2,3,7,17,1709, 359733.8596
Jimmy_Floyd_Hasselbaink, 1972-03-27, 2,2,7,17,23,223, 61704.29032
John_Hume, 1937-01-18, 2,2,2,7,17,2551, 15396.92105
John_Ruskin, 1819-02-08, 2,3,7,13,17,257, 73597.11111
Leopold_von_Ranke, 1795-12-21, 5,5,7,17,17,47, 25407.64706
Ralf_Schumacher, 1975-06-30, 2,3,7,11,17,311, 58244.29268
René_Guénon, 1886-11-15, 2,7,13,17,19,41, 35919.21429
Samuel_C._C._Ting, 1936-01-27, 5,7,7,11,17,53, 12305.13158
Sasha_Grey, 1988-03-14, 3,3,5,7,17,457, 1061929.568
Sophia_of_Hanover, 1630-10-14, 2,2,7,17,31,157, 46061.73077
Stan_Laurel, 1890-06-16, 3,5,7,7,17,193, 119604.7576
Théodore_Géricault, 1791-09-26, 2,3,3,7,17,1109, 49257.25581
