Adam_Levine, 1979-03-18, 2443951, 19,128629, 0, 0, 637703.6364
Alyssa_Milano, 1972-12-19, 2441671, 19,128509, 0, 0, 391663.175
Bruno_Senna, 1983-10-15, 2445623, 19,128717, 0, 0, 66916.13889
David_Suchet, 1946-05-02, 2431943, 19,127997, 0, 0, 94847.4
Henry_Moore, 1898-07-30, 2414501, 19,127079, 0, 0, 73859.1
Hugh_Grant, 1960-09-09, 2437187, 19,128273, 0, 0, 264205.7451
Jacques_Chirac, 1932-11-29, 2427041, 19,127739, 0, 0, 70925.58333
Jean_Harlow, 1911-03-03, 2419099, 19,127321, 0, 0, 121021.7027
Jim_Lovell, 1928-03-25, 2425331, 19,127649, 0, 0, 156595.1538
Karl-Theodor_zu_Guttenberg, 1971-12-05, 2441291, 19,128489, 0, 0, 137750.3333
Leon_Trotsky, 1879-11-07, 2407661, 19,126719, 0, 0, 129270.8571
Miguel_Indurain, 1964-07-16, 2438593, 19,128347, 0, 0, 66766.91892
Monica_Bellucci, 1964-09-30, 2438669, 19,128351, 0, 0, 325758.2698
Moritz_Bleibtreu, 1971-08-13, 2441177, 19,128483, 0, 0, 101489.8077
Nicholas_I_of_Russia, 1796-07-06, 2377223, 19,125117, 0, 0, 88229.07273
Philip_K._Dick, 1928-12-16, 2425597, 19,127663, 0, 0, 143993.8958
Rick_Astley, 1966-02-06, 2439163, 19,128377, 0, 0, 250280.5625
Rick_Rubin, 1963-03-10, 2438099, 19,128321, 0, 0, 207100.1724
Robert_Frost, 1874-03-26, 2405609, 19,126611, 0, 0, 151115.62
Ruud_Gullit, 1962-09-01, 2437909, 19,128311, 0, 0, 105698.7174
Talcott_Parsons, 1902-12-13, 2416097, 19,127163, 0, 0, 81485.71429
