Charlton_Heston, 1923-10-04, 3,19,101,421, 171759.6935
Ciara, 1985-10-25, 2,2,19,32189, 333901.1111
Darren_Aronofsky, 1969-02-12, 5,17,19,1511, 193740.7105
George_Peppard, 1928-10-01, 3,7,19,6079, 203965.0769
Harvey_Keitel, 1939-05-13, 3,3,19,14207, 191895.6923
Hilary_Duff, 1987-09-28, 3,7,19,6133, 545032.2759
Hugh_Laurie, 1959-06-11, 11,19,89,131, 371158.7037
Jim_Parsons, 1973-03-24, 2,3,19,21419, 673222.3846
Karl_Lagerfeld, 1933-09-10, 2,11,19,5807, 265219.0909
Katherine_Heigl, 1978-11-24, 11,11,19,1063, 566450.7
Mads_Mikkelsen, 1965-11-22, 3,7,19,6113, 213072.3571
Manfred_von_Richthofen, 1892-05-02, 7,7,19,2591, 201481.093
Marilyn_Manson, 1969-01-05, 3,19,31,1381, 678146.7843
Michael_Biehn, 1956-07-31, 2,11,19,5827, 165545.2903
Rahm_Emanuel, 1959-11-29, 2,13,19,4933, 257546.963
Rembrandt, 1606-07-15, 5,17,19,1429, 167887.208
René_Magritte, 1898-11-21, 5,7,19,3631, 216400.3929
Roger_Federer, 1981-08-08, 5,5,19,5147, 364359.0198
Seung-Hui_Cho, 1984-01-18, 2,11,19,5851, 185634.0741
Tilda_Swinton, 1960-11-05, 2,2,19,32069, 246862.7838
Toni_Braxton, 1967-10-07, 3,19,23,1861, 234038.4839
