Andrés_Iniesta, 1984-05-11, 2,2,2,19,16091, 175989.6812
Camilla_Belle, 1986-10-02, 2,19,31,31,67, 411086
Danny_Elfman, 1953-05-29, 3,3,19,23,619, 168895.5946
Edgar_Allan_Poe, 1809-01-19, 2,3,17,19,1229, 340889
Friedrich_Nietzsche, 1844-10-15, 3,3,5,19,2801, 336278.3761
Ian_McShane, 1942-09-29, 2,2,2,19,15991, 183328.4706
J._K._Rowling, 1965-07-31, 3,3,17,19,839, 244277.2527
Jane_Lynch, 1960-07-14, 2,5,19,101,127, 388854.2414
Joe_Pesci, 1943-02-09, 3,3,5,19,2843, 240775.8947
Julia_Stiles, 1981-03-28, 2,2,19,19,1693, 338501.5152
Noomi_Rapace, 1979-12-28, 2,2,19,29,1109, 315876.9
Peter_Facinelli, 1973-11-26, 7,7,19,43,61, 332463.3846
Peter_Jackson_(footballer,_born_1961), 1961-04-06, 2,2,13,19,2467, 186333.1379
Queen_Latifah, 1970-03-18, 2,2,2,19,16057, 305108.7714
Randy_Orton, 1980-04-01, 3,19,19,37,61, 614329.4474
Ricardo_Quaresma, 1983-09-26, 2,2,7,19,4597, 201245.4146
Ricky_Martin, 1971-12-24, 2,3,5,19,4283, 233111.8421
Sienna_Guillory, 1975-03-16, 2,2,2,19,16069, 200468.2143
Taylor_Momsen, 1993-07-26, 5,7,19,29,127, 448704.027
Tim_Roth, 1961-05-14, 2,3,3,19,7127, 249384.4167
Tony_Curtis, 1925-06-03, 5,13,13,19,151, 173627.3137
