Adam_Levine, 1979-03-18, 2443951, 19,128629, 0, 0, 637703.6364
Adriana_Lima, 1981-06-12, 2444768, 2,2,2,2,2,19,4021, 0, 0, 400258.5106
Al_Capone, 1899-01-17, 2414672, 2,2,2,2,13,13,19,47, 0, 0, 491181.2097
Alyssa_Milano, 1972-12-19, 2441671, 19,128509, 0, 0, 391663.175
Camilla_Belle, 1986-10-02, 2446706, 2,19,31,31,67, 0, 0, 411086
Diane_Lane, 1965-01-22, 2438783, 19,47,2731, 0, 0, 355342.0938
Elizabeth_Banks, 1974-02-10, 2442089, 13,19,9887, 0, 0, 427654.0606
Eva_Green, 1980-07-05, 2444426, 2,19,64327, 0, 0, 360389.1429
Hayley_Williams, 1988-12-27, 2447523, 3,3,3,13,19,367, 0, 0, 459394.0833
Hilary_Duff, 1987-09-28, 2447067, 3,7,19,6133, 0, 0, 545032.2759
Hugh_Laurie, 1959-06-11, 2436731, 11,19,89,131, 0, 0, 371158.7037
Jane_Lynch, 1960-07-14, 2437130, 2,5,19,101,127, 0, 0, 388854.2414
January_Jones, 1978-01-05, 2443514, 2,19,64303, 0, 0, 371681.0333
Jim_Parsons, 1973-03-24, 2441766, 2,3,19,21419, 0, 0, 673222.3846
Katherine_Heigl, 1978-11-24, 2443837, 11,11,19,1063, 0, 0, 566450.7
Marilyn_Manson, 1969-01-05, 2440227, 3,19,31,1381, 0, 0, 678146.7843
Randy_Orton, 1980-04-01, 2444331, 3,19,19,37,61, 0, 0, 614329.4474
Roger_Federer, 1981-08-08, 2444825, 5,5,19,5147, 0, 0, 364359.0198
Sarah_Michelle_Gellar, 1977-04-14, 2443248, 2,2,2,2,3,3,19,19,47, 0, 0, 424751
Taylor_Momsen, 1993-07-26, 2449195, 5,7,19,29,127, 0, 0, 448704.027
Whitney_Houston, 1963-08-09, 2438251, 19,181,709, 0, 0, 409562.6211
