Alan_Lloyd_Hodgkin, 1914-02-05, 2420169, 3,43,73,257, 0, 0, 7885.756757
Albert_Szent-Györgyi, 1893-09-16, 2412723, 3,23,73,479, 0, 0, 227254.3636
Anders_Zorn, 1860-02-18, 2400459, 3,73,97,113, 0, 0, 20342.21212
Carla_Gugino, 1971-08-29, 2441193, 3,71,73,157, 0, 0, 315567.7931
Chris_Pine, 1980-08-26, 2444478, 2,3,73,5581, 0, 0, 109093.1009
Deco, 1977-08-27, 2443383, 3,3,73,3719, 0, 0, 119133.5
Islam_Karimov, 1938-01-30, 2428929, 3,3,73,3697, 0, 0, 19754.07273
Macaulay_Culkin, 1980-08-26, 2444478, 2,3,73,5581, 0, 0, 852066.5778
Martin_Scorsese, 1942-11-17, 2430681, 3,11,73,1009, 0, 0, 261963.0606
Pope_Benedict_XVI, 1927-04-16, 2424987, 3,3,73,3691, 0, 0, 248370.2683
Robert_Walpole, 1676-08-26, 2333445, 3,5,73,2131, 0, 0, 27497.54
William_S._Burroughs, 1914-02-05, 2420169, 3,43,73,257, 0, 0, 150601.525
