Abdou_Diouf, 1935-09-07, 2428053, 3,73,11087, 0, 0, 14406.90625
Ali_Karimi, 1978-11-08, 2443821, 3,73,11159, 0, 0, 52668.85185
Bernard_Hinault, 1954-11-14, 2435061, 3,73,11119, 0, 0, 48089.6129
Christopher_Tolkien, 1924-11-21, 2424111, 3,73,11069, 0, 0, 54680.19231
Condoleezza_Rice, 1954-11-14, 2435061, 3,73,11119, 0, 0, 158387.6615
Eric_Dane, 1972-11-09, 2441631, 3,73,11149, 0, 0, 269623.1923
Ferdinand_Marcos, 1917-09-11, 2421483, 3,73,11057, 0, 0, 102976.9811
Seamus_Heaney, 1939-04-13, 2429367, 3,73,11093, 0, 0, 42576.23729
Valéry_Giscard_d'Estaing, 1926-02-02, 2424549, 3,73,11071, 0, 0, 62095.07143
Yanni, 1954-11-14, 2435061, 3,73,11119, 0, 0, 120811.6857
