Alexandre_Dumas, 1802-07-28, 3,5,41,53,73, 88759
Anna_Pavlova, 1881-02-12, 2,2,3,73,2749, 47162.26829
Henry_Mancini, 1924-04-16, 2,2,3,73,2767, 62238.31579
Henryk_Sienkiewicz, 1846-05-05, 2,3,3,73,1823, 65709.1831
Jacob_Zuma, 1942-04-12, 2,3,31,73,179, 69472.19298
Joseph_I_of_Portugal, 1714-06-06, 2,3,23,73,233, 17795.6
Kenzaburō_Ōe, 1935-01-31, 2,3,23,73,241, 38584.79032
Max_Beckmann, 1884-02-12, 3,3,19,73,193, 41814.92308
Tommy_Haas, 1978-04-03, 2,3,7,73,797, 69791.3871
Vigdís_Finnbogadóttir, 1930-04-15, 2,3,29,73,191, 10719.55
