Alberto_Tomba, 1966-12-19, 2439479, 7,563,619, 0, 0, 43045.85714
Aleksis_Kivi, 1834-10-10, 2391197, 619,3863, 0, 0, 24364.21429
Charles_M._Schulz, 1922-11-26, 2423385, 3,3,3,5,29,619, 0, 0, 82367.51724
Danny_Elfman, 1953-05-29, 2434527, 3,3,19,23,619, 0, 0, 168895.5946
Eric_Idle, 1943-03-29, 2430813, 3,7,11,17,619, 0, 0, 114131.2941
François-René_de_Chateaubriand, 1768-09-04, 2367056, 2,2,2,2,239,619, 0, 0, 66484.81818
Giovanni_Battista_Belzoni, 1778-11-05, 2370770, 2,5,383,619, 0, 0, 16558.06897
Jessica_Simpson, 1980-07-10, 2444431, 11,359,619, 0, 0, 258221.04
John_Donne, 1572-01-22, 2295252, 2,2,3,3,103,619, 0, 0, 77417.64444
John_Major, 1943-03-29, 2430813, 3,7,11,17,619, 0, 0, 65019.74576
Ken_Loach, 1936-06-17, 2428337, 619,3923, 0, 0, 81930.20588
Lisa_Kudrow, 1963-07-30, 2438241, 3,13,101,619, 0, 0, 241683.2609
Martina_Navratilova, 1956-10-18, 2435765, 5,619,787, 0, 0, 94708.67857
Mary_I_of_England, 1516-02-18, 2274825, 3,5,5,7,7,619, 0, 0, 280028.0328
Matthew_Morrison, 1978-10-30, 2443812, 2,2,3,7,47,619, 0, 0, 289266.9286
Rebecca_Black, 1997-06-21, 2450621, 37,107,619, 0, 0, 320425.9167
Terry_Pratchett, 1948-04-28, 2432670, 2,3,5,131,619, 0, 0, 163785.1087
Ulrike_Meinhof, 1934-10-07, 2427718, 2,37,53,619, 0, 0, 93495.91176
Vangelis, 1943-03-29, 2430813, 3,7,11,17,619, 0, 0, 135301.5217
