Carlos_Menem, 1930-07-02, 2426160, 2,2,2,2,3,5,11,919, 0, 0, 52786.93023
Charles_I_of_England, 1600-11-19, 2305771, 13,193,919, 0, 0, 161628.8065
Colin_Firth, 1960-09-10, 2437188, 2,2,3,13,17,919, 0, 0, 280620.9216
Ei-ichi_Negishi, 1935-07-14, 2427998, 2,919,1321, 0, 0, 17200.43243
Elizabeth_Báthory, 1560-08-07, 2291067, 3,3,277,919, 0, 0, 206251.3191
Hugo_Grotius, 1583-04-10, 2299338, 2,3,3,139,919, 0, 0, 33034.44898
Jean-François_Millet, 1814-10-04, 2383886, 2,919,1297, 0, 0, 70605.75
John_Hanning_Speke, 1827-05-04, 2388481, 23,113,919, 0, 0, 15800.22222
Joseph_Greenberg, 1915-05-28, 2420646, 2,3,439,919, 0, 0, 10892.23077
Lucy_Lawless, 1968-03-29, 2439945, 3,3,5,59,919, 0, 0, 204632.0741
Mahmud_of_Ghazni, 0971-11-02, 2076021, 3,3,251,919, 0, 0, 38163.81081
Marie_Tussaud, 1761-12-01, 2364587, 31,83,919, 0, 0, 29224.15625
Nikolay_Basov, 1922-12-14, 2423403, 3,3,293,919, 0, 0, 6462
Otto_von_Habsburg, 1912-11-20, 2419727, 919,2633, 0, 0, 74765.57447
Vanessa_L._Williams, 1963-03-18, 2438107, 7,379,919, 0, 0, 276110.9722
