Adam_Johnson_(footballer), 1987-07-14, 2,5,7,13,2689, 13522.84848
Alija_Izetbegović, 1925-08-08, 2,5,13,17,1097, 29677.85
Allen_Iverson, 1975-06-07, 2,3,5,13,6263, 335376.5641
Benny_Andersson, 1946-12-16, 2,5,13,53,353, 100006.9118
Bill_Kaulitz, 1989-09-01, 2,5,13,19,991, 251795.3929
Carlos_Saura, 1932-01-04, 2,5,11,13,1697, 37877.13793
Christopher_Tolkien, 1924-11-21, 2,5,13,29,643, 54680.19231
Daniel_Sturridge, 1989-09-01, 2,5,13,19,991, 129994.4839
Danny_Murphy_(footballer,_born_1977), 1977-03-18, 2,2,5,13,9397, 8352.222222
Demba_Ba, 1985-05-25, 2,5,13,31,607, 148081.5938
Frank_Gehry, 1929-02-28, 2,5,13,47,397, 138694.1304
Frédéric_Passy, 1822-05-20, 2,5,11,13,1669, 7711.369565
George_Grosz, 1893-07-26, 2,5,13,67,277, 42839.81818
Heinz_Fischer, 1938-10-09, 2,2,5,13,9343, 17278.5
John_Legend, 1978-12-28, 2,5,11,13,1709, 281105.1786
Olympe_de_Gouges, 1748-05-07, 2,5,7,13,2593, 67814.97222
Ralph_Fiennes, 1962-12-22, 2,2,5,13,9377, 461792.0465
Simon_Ammann, 1981-06-25, 2,2,5,13,9403, 34498.22222
Tré_Cool, 1972-12-09, 2,2,5,13,9391, 80652.61111
Willy_Sagnol, 1977-03-18, 2,2,5,13,9397, 40680.17241
