Benjamin_Netanyahu, 1949-10-21, 2,3,5,13,17,367, 95817.34286
Bruce_Lee, 1940-11-27, 2,2,2,5,13,4673, 670022.3452
Ciprian_Marica, 1985-10-02, 2,2,5,13,97,97, 36399.33333
D._W._Griffith, 1875-01-22, 2,3,5,13,31,199, 43267.34783
Franz_Brentano, 1838-01-16, 2,5,7,11,13,239, 21592.19355
Georgia_O'Keeffe, 1887-11-15, 2,3,5,7,13,883, 92891.23529
Goldie_Hawn, 1945-11-21, 2,2,5,13,47,199, 261127.5366
Haile_Gebrselassie, 1973-04-18, 2,3,3,5,13,2087, 61934.97872
Heiko_Westermann, 1983-08-14, 2,2,2,5,13,4703, 24191.77419
Ivica_Olić, 1979-09-14, 2,3,3,5,13,2089, 57037.90698
James_Mill, 1773-04-06, 2,5,7,13,19,137, 16604.93333
John_Dryden, 1631-08-09, 2,3,5,13,13,457, 33127.64865
Kevin-Prince_Boateng, 1987-03-06, 2,2,3,5,13,3137, 236796.4878
Matthew_Fox, 1966-07-14, 2,2,2,5,13,4691, 89293.14286
Mila_Kunis, 1983-08-14, 2,2,2,5,13,4703, 701695.5375
Mohamed_Atta, 1968-09-01, 2,2,5,5,13,1877, 109571.6207
Mohammed_Waheed_Hassan, 1953-01-03, 2,2,3,5,13,3121, 10749.73077
Nelson_Rockefeller, 1908-07-08, 2,5,11,13,19,89, 106582.3529
Olivia_Newton-John, 1948-09-26, 2,2,3,5,13,3119, 242900.0952
Renzo_Piano, 1937-09-14, 2,5,7,13,17,157, 77200.53659
Vera_Zvonareva, 1984-09-07, 2,5,5,13,53,71, 34341.24324
