50_Cent, 1975-07-06, 2442600, 2,2,2,3,3,5,5,23,59, 0, 0, 632055.6716
Benazir_Bhutto, 1953-06-21, 2434550, 2,5,5,23,29,73, 0, 0, 74179.77174
BoA, 1986-11-05, 2446740, 2,2,3,3,3,5,23,197, 0, 0, 244977.5588
Chloë_Sevigny, 1974-11-18, 2442370, 2,5,7,23,37,41, 0, 0, 305713.5357
Emile_Heskey, 1978-01-11, 2443520, 2,2,2,2,2,2,2,2,5,23,83, 0, 0, 102361.275
Ferdinand_II_of_Aragon, 1452-03-10, 2251470, 2,3,5,13,23,251, 0, 0, 66013.89091
George_Kennedy, 1925-02-18, 2424200, 2,2,2,5,5,17,23,31, 0, 0, 86832.03704
Jay_Leno, 1950-04-28, 2433400, 2,2,2,5,5,23,23,23, 0, 0, 238832.5938
Jesse_James, 1847-09-05, 2395910, 2,5,11,23,947, 0, 0, 429359.5556
Jim_Cummings, 1952-11-03, 2434320, 2,2,2,2,3,3,3,5,7,7,23, 0, 0, 120277.8846
Kasper_Schmeichel, 1986-11-05, 2446740, 2,2,3,3,3,5,23,197, 0, 0, 72307.81481
Klemens_von_Metternich, 1773-05-15, 2368770, 2,3,5,23,3433, 0, 0, 39558.32075
Liu_Xiaobo, 1955-12-28, 2435470, 2,5,23,10589, 0, 0, 66545.35211
Luca_Toni, 1977-05-26, 2443290, 2,3,5,23,3541, 0, 0, 169484.9524
Martin_Škrtel, 1984-12-15, 2446050, 2,3,5,5,23,709, 0, 0, 49892.36842
Matthew_McConaughey, 1969-11-04, 2440530, 2,3,3,3,3,5,23,131, 0, 0, 413178.9167
Mother_Teresa, 1910-08-26, 2418910, 2,5,13,23,809, 0, 0, 298469.6139
Ritchie_Blackmore, 1945-04-14, 2431560, 2,2,2,3,5,23,881, 0, 0, 145133
Roger_Glover, 1945-11-30, 2431790, 2,5,23,97,109, 0, 0, 47004.25
Sean_Combs, 1969-11-04, 2440530, 2,3,3,3,3,5,23,131, 0, 0, 492898.4412
Shah_Jahan, 1592-01-05, 2302530, 2,3,5,23,47,71, 0, 0, 67323.52542
