Aaliyah, 1979-01-16, 2443890, 2,3,5,81463, 0, 0, 410049.1667
Alfredo_Stroessner, 1912-11-03, 2419710, 2,3,5,80657, 0, 0, 37347.69048
Amelia_Earhart, 1897-07-24, 2414130, 2,3,5,80471, 0, 0, 329944.3226
George_I_of_Greece, 1845-12-24, 2395290, 2,3,5,79843, 0, 0, 41176.80488
Harold_Macmillan, 1894-02-10, 2412870, 2,3,5,80429, 0, 0, 34170.16
Herman_Van_Rompuy, 1947-10-31, 2432490, 2,3,5,81083, 0, 0, 42623.15385
Kurt_Vonnegut, 1922-11-11, 2423370, 2,3,5,80779, 0, 0, 155250.0351
Leighton_Meester, 1986-04-09, 2446530, 2,3,5,81551, 0, 0, 548303.4595
Leonardo_Araújo, 1969-09-05, 2440470, 2,3,5,81349, 0, 0, 100944.875
Peter_Drucker, 1909-11-19, 2418630, 2,3,5,80621, 0, 0, 152293.1053
Sami_Khedira, 1987-04-04, 2446890, 2,3,5,81563, 0, 0, 114451.0577
Sergei_Yesenin, 1895-10-03, 2413470, 2,3,5,80449, 0, 0, 24345.20755
Thalía, 1971-08-26, 2441190, 2,3,5,81373, 0, 0, 178345.3265
Vince_Carter, 1977-01-26, 2443170, 2,3,5,81439, 0, 0, 174874.6129
William_Herschel, 1738-11-15, 2356170, 2,3,5,78539, 0, 0, 31368.73913
