Allen_Iverson, 1975-06-07, 2,3,5,13,6263, 335376.5641
Babe_Ruth, 1895-02-06, 2,3,5,257,313, 344636.6111
Charles_I_of_England, 1600-11-19, 2,3,5,151,509, 161628.8065
Clara_Schumann, 1819-09-13, 2,3,5,281,283, 196221.6818
Daniel_Radcliffe, 1989-07-23, 2,3,3,5,27197, 413127.9091
Douglas_MacArthur, 1880-01-26, 2,2,3,5,40129, 189132.1017
George_Orwell, 1903-06-25, 2,3,5,239,337, 162879.802
Jason_Derulo, 1989-09-21, 2,3,5,139,587, 215868.0667
Jeanne_Calment, 1875-02-21, 2,2,3,5,40099, 187494
Jessica_Simpson, 1980-07-10, 2,3,5,17,4793, 258221.04
Julio_Iglesias, 1943-09-23, 2,3,3,5,27011, 185417.4222
Kathy_Bates, 1948-06-28, 2,3,5,83,977, 156992.3878
Liam_Neeson, 1952-06-07, 2,3,5,41,1979, 566489.4038
Lou_Reed, 1942-03-02, 2,2,3,5,40507, 306698.0976
Mickey_Rooney, 1920-09-23, 2,3,5,23,3511, 237817.2581
Pope_Alexander_VI, 1431-01-01, 2,3,5,29,2579, 171011.0164
Randy_Pausch, 1960-10-23, 2,3,5,137,593, 175542.1923
Robert_E._Lee, 1807-01-19, 2,3,5,139,571, 206202.2453
Stellan_Skarsgård, 1951-06-13, 2,3,5,31,2617, 253823.2424
Willem_Dafoe, 1955-07-22, 2,3,3,5,27059, 235547.3
Édith_Piaf, 1915-12-19, 2,3,5,5,16139, 193148.4945
