Briana_Banks, 1978-05-21, 2443650, 2,3,5,5,11,1481, 0, 0, 278049.4615
Catherine_Deneuve, 1943-10-22, 2431020, 2,2,3,5,31,1307, 0, 0, 144374.7115
Demi_Moore, 1962-11-11, 2437980, 2,2,3,5,179,227, 0, 0, 396399.0143
Enrico_Berlinguer, 1922-05-15, 2423190, 2,3,5,7,11,1049, 0, 0, 252491.1852
J._D._Salinger, 1919-01-01, 2421960, 2,2,2,3,5,20183, 0, 0, 143019.2656
Jackie_Robinson, 1919-01-31, 2421990, 2,3,3,5,17,1583, 0, 0, 327129.3438
Jason_Earles, 1977-04-26, 2443260, 2,2,3,5,43,947, 0, 0, 356005
Kellan_Lutz, 1985-03-15, 2446140, 2,2,3,5,59,691, 0, 0, 340049.3333
Larry_Ellison, 1944-08-17, 2431320, 2,2,2,3,5,20261, 0, 0, 207032.069
LeAnn_Rimes, 1982-08-28, 2445210, 2,3,3,5,101,269, 0, 0, 226345.3704
Melanie_Griffith, 1957-08-09, 2436060, 2,2,3,5,11,3691, 0, 0, 229125.2632
Meryl_Streep, 1949-06-22, 2433090, 2,3,5,11,73,101, 0, 0, 325459.9481
Michelle_Trachtenberg, 1985-10-11, 2446350, 2,3,5,5,47,347, 0, 0, 368302.8966
Niki_Lauda, 1949-02-22, 2432970, 2,3,3,3,5,9011, 0, 0, 182704.9362
Oskar_Schindler, 1908-04-28, 2418060, 2,2,3,5,191,211, 0, 0, 259355.0392
Piet_Mondrian, 1872-03-07, 2404860, 2,2,3,5,149,269, 0, 0, 185097.1731
Queen_Rania_of_Jordan, 1970-08-31, 2440830, 2,3,5,7,59,197, 0, 0, 148003.2105
Rachel_McAdams, 1978-11-17, 2443830, 2,3,5,29,53,53, 0, 0, 626933.5366
Roberto_Baggio, 1967-02-18, 2439540, 2,2,3,3,5,13553, 0, 0, 138739.6182
Sebastian_Vettel, 1987-07-03, 2446980, 2,2,3,5,17,2399, 0, 0, 142688.7465
Tom_Welling, 1977-04-26, 2443260, 2,2,3,5,43,947, 0, 0, 233908.9744
