Daniel_Bernoulli, 1700-02-08, 2,3,5,11,47,151, 40671.55357
David_Nalbandian, 1982-01-01, 2,3,5,11,31,239, 49001.71429
Douglas_Engelbart, 1925-01-30, 2,2,3,5,11,3673, 52617.7027
E._M._Forster, 1879-01-01, 2,3,5,5,11,1459, 50593.43902
Elvis_Presley, 1935-01-08, 2,3,5,7,11,1051, 473697.7203
Emir_Kusturica, 1954-11-24, 2,3,5,11,47,157, 91450.44231
Ginnifer_Goodwin, 1978-05-22, 2,3,5,5,11,1481, 274232.8077
Julio_Ricardo_Cruz, 1974-10-10, 2,3,3,5,11,2467, 52695.61538
Kenichi_Fukui, 1918-10-04, 2,3,5,11,41,179, 11879.78788
Milo_Đukanović, 1962-02-15, 2,3,5,11,83,89, 13263.26316
Paulo_Wanchope, 1976-07-31, 2,3,5,11,11,673, 22943.77419
Philip_Roth, 1933-03-19, 2,3,5,5,11,1471, 95437.76744
Rosalind_Franklin, 1920-07-25, 2,3,3,5,11,2447, 183545.907
