Anton_Makarenko, 1888-01-13, 2410650, 2,3,3,5,5,11,487, 0, 0, 26749.89286
Aníbal_Cavaco_Silva, 1939-07-15, 2429460, 2,2,3,3,3,5,11,409, 0, 0, 21954
Bohumil_Hrabal, 1914-03-28, 2420220, 2,2,3,5,11,19,193, 0, 0, 37298.70968
Briana_Banks, 1978-05-21, 2443650, 2,3,5,5,11,1481, 0, 0, 278049.4615
Carlos_Castaneda, 1925-12-25, 2424510, 2,3,3,5,11,31,79, 0, 0, 114968.2286
Carlos_Menem, 1930-07-02, 2426160, 2,2,2,2,3,5,11,919, 0, 0, 52786.93023
Enrico_Berlinguer, 1922-05-15, 2423190, 2,3,5,7,11,1049, 0, 0, 252491.1852
Gustav_Fechner, 1801-04-19, 2378970, 2,3,3,3,3,3,5,11,89, 0, 0, 18864.6
Günter_Grass, 1927-10-16, 2425170, 2,3,5,11,7349, 0, 0, 57431.57895
John_Surtees, 1934-02-11, 2427480, 2,2,2,3,3,5,11,613, 0, 0, 30555.1875
Katie_Melua, 1984-09-16, 2445960, 2,2,2,3,5,11,17,109, 0, 0, 127300.8333
Lothar_Matthäus, 1961-03-21, 2437380, 2,2,3,3,5,11,1231, 0, 0, 106941.5882
Manuel_Noriega, 1934-02-11, 2427480, 2,2,2,3,3,5,11,613, 0, 0, 104634.7073
Marco_van_Basten, 1964-10-31, 2438700, 2,2,3,5,5,11,739, 0, 0, 116366.8654
Martha_Graham, 1894-05-11, 2412960, 2,2,2,2,2,3,5,11,457, 0, 0, 225573.8824
Melanie_Griffith, 1957-08-09, 2436060, 2,2,3,5,11,3691, 0, 0, 229125.2632
Meryl_Streep, 1949-06-22, 2433090, 2,3,5,11,73,101, 0, 0, 325459.9481
Raphael, 1483-03-28, 2262810, 2,3,5,11,6857, 0, 0, 147547.6429
Richard_Clayderman, 1953-12-28, 2434740, 2,2,3,5,7,11,17,31, 0, 0, 82192.22581
Ross_Brawn, 1954-11-23, 2435070, 2,3,5,11,47,157, 0, 0, 60187.73077
Vin_Diesel, 1967-07-18, 2439690, 2,3,5,11,7393, 0, 0, 861818.1304
