Benazir_Bhutto, 1953-06-21, 2434550, 2,5,5,23,29,73, 0, 0, 74179.77174
Claudio_Abbado, 1933-06-26, 2427250, 2,5,5,5,7,19,73, 0, 0, 33907.69231
Frank_Sherwood_Rowland, 1927-06-28, 2425060, 2,2,5,11,73,151, 0, 0, 7302.361111
Frederick_I_of_Denmark, 1471-10-07, 2258620, 2,2,5,7,13,17,73, 0, 0, 15340.46154
John_Garang, 1945-06-23, 2431630, 2,5,73,3331, 0, 0, 23075.6
Julia_Kristeva, 1941-06-24, 2430170, 2,5,73,3329, 0, 0, 40846.6129
Marc_Chagall, 1887-07-07, 2410460, 2,2,5,13,73,127, 0, 0, 163803.3559
Martinus_J._G._Veltman, 1931-06-27, 2426520, 2,2,2,3,5,73,277, 0, 0, 9158.888889
Meryl_Streep, 1949-06-22, 2433090, 2,3,5,11,73,101, 0, 0, 325459.9481
Michel_Platini, 1955-06-21, 2435280, 2,2,2,2,3,5,73,139, 0, 0, 101190.0984
Paulina_Rubio, 1971-06-17, 2441120, 2,2,2,2,2,5,11,19,73, 0, 0, 129890
Susan_Hayward, 1917-06-30, 2421410, 2,5,31,73,107, 0, 0, 61502.72414
