Candice_Bergen, 1946-05-09, 2431950, 2,3,5,5,31,523, 0, 0, 105176.7568
Carlos_Castaneda, 1925-12-25, 2424510, 2,3,3,5,11,31,79, 0, 0, 114968.2286
Catherine_Deneuve, 1943-10-22, 2431020, 2,2,3,5,31,1307, 0, 0, 144374.7115
Elias_James_Corey, 1928-07-12, 2425440, 2,2,2,2,2,3,5,31,163, 0, 0, 12611.68571
Elif_Åafak, 1971-10-25, 2441250, 2,3,3,5,5,5,5,7,31, 0, 0, 41302.69231
Hayden_Panettiere, 1989-08-21, 2447760, 2,2,2,2,3,5,7,31,47, 0, 0, 537846.0213
Ian_Curtis, 1956-07-15, 2435670, 2,3,3,3,3,5,31,97, 0, 0, 209369.3429
Joe_Satriani, 1956-07-15, 2435670, 2,3,3,3,3,5,31,97, 0, 0, 240564.2703
Richard_Clayderman, 1953-12-28, 2434740, 2,2,3,5,7,11,17,31, 0, 0, 82192.22581
Stanley_Milgram, 1933-08-15, 2427300, 2,2,3,3,3,5,5,29,31, 0, 0, 47217.96875
