Akechi_Mitsuhide, 1528-03-10, 2279229, 3,59,79,163, 0, 0, 166920.1154
Dana_Delany, 1956-03-13, 2435546, 2,31,163,241, 0, 0, 171397.6667
David_J._Wineland, 1944-02-24, 2431145, 5,19,157,163, 0, 0, 8575.564103
Fabrizio_De_André, 1940-02-18, 2429678, 2,29,163,257, 0, 0, 153813.9615
Javier_Pérez_de_Cuéllar, 1920-01-19, 2422343, 7,11,163,193, 0, 0, 20609.76
Joan_Baez, 1941-01-09, 2430004, 2,2,163,3727, 0, 0, 131972.4182
John_Dewey, 1859-10-20, 2400338, 2,37,163,199, 0, 0, 132203.8364
Karl_Ferdinand_Braun, 1850-06-06, 2396915, 5,17,163,173, 0, 0, 11337.83051
Kristen_Schaal, 1978-01-24, 2443533, 3,19,163,263, 0, 0, 108566.7931
Philip_V_of_Spain, 1683-12-19, 2336116, 2,2,163,3583, 0, 0, 73015.10417
Pál_Schmitt, 1942-05-13, 2430493, 13,31,37,163, 0, 0, 20231.42857
Reinhard_Selten, 1930-10-05, 2426255, 5,13,163,229, 0, 0, 12930.58333
Werner_Arber, 1929-06-03, 2425766, 2,7,163,1063, 0, 0, 7491.297297
