Ben_Browder, 1962-12-11, 2438010, 2,3,3,5,103,263, 0, 0, 55898.07692
Charles_Edward_Stuart, 1720-12-31, 2349642, 2,3,263,1489, 0, 0, 65103.44444
Cher, 1946-05-20, 2431961, 7,263,1321, 0, 0, 316271.7969
Chris_Rock, 1965-02-07, 2438799, 3,11,263,281, 0, 0, 400509.6176
John_Constable, 1776-06-11, 2369893, 263,9011, 0, 0, 58314.27273
Juan_Sebastián_Verón, 1975-03-09, 2442481, 37,251,263, 0, 0, 97994.5
Kristen_Schaal, 1978-01-24, 2443533, 3,19,163,263, 0, 0, 108566.7931
Madonna_(entertainer), 1958-08-16, 2436432, 2,2,2,2,3,193,263, 0, 0, 212726.0638
Nathuram_Godse, 1910-05-19, 2418811, 17,263,541, 0, 0, 111336.7586
Nawaz_Sharif, 1949-12-25, 2433276, 2,2,3,3,257,263, 0, 0, 54492.41667
Oda_Nobunaga, 1534-06-23, 2281525, 5,5,263,347, 0, 0, 313025.7959
Patrice_Lumumba, 1925-07-02, 2424334, 2,11,263,419, 0, 0, 60315.64151
Robert_E._Howard, 1906-01-22, 2417233, 7,13,101,263, 0, 0, 65891.94118
Ronald_Reagan, 1911-02-06, 2419074, 2,3,3,7,73,263, 0, 0, 334460.6822
Roy_Makaay, 1975-03-09, 2442481, 37,251,263, 0, 0, 72462.4375
Russell_Westbrook, 1988-11-12, 2447478, 2,3,3,11,47,263, 0, 0, 144489.3333
Shirley_Bassey, 1937-01-08, 2428542, 2,3,3,3,3,3,19,263, 0, 0, 131828.2258
Sissy_Spacek, 1949-12-25, 2433276, 2,2,3,3,257,263, 0, 0, 117780.9744
Tina_Turner, 1939-11-26, 2429594, 2,31,149,263, 0, 0, 326136.8364
Usher_(singer), 1978-10-14, 2443796, 2,2,23,101,263, 0, 0, 152092.8627
Álvaro_Obregón, 1880-02-19, 2407765, 5,263,1831, 0, 0, 72946.22857
