Arjen_Robben, 1984-01-23, 2445723, 3,3,7,38821, 0, 0, 223918.5517
Brandon_Lee, 1965-02-01, 2438793, 3,3,7,38711, 0, 0, 496278.8
Brian_Mulroney, 1939-03-20, 2429343, 3,3,7,38561, 0, 0, 47873.02941
Carl_Linnaeus, 1707-05-23, 2344671, 3,3,7,37217, 0, 0, 74882.84553
Clint_Mansell, 1963-01-07, 2438037, 3,3,7,38699, 0, 0, 95463.80769
Damien_Hirst, 1965-06-07, 2438919, 3,3,7,38713, 0, 0, 180479.1379
Demetrio_Albertini, 1971-08-23, 2441187, 3,3,7,38749, 0, 0, 33738.5
Jaroslav_Hašek, 1883-04-30, 2408931, 3,3,7,38237, 0, 0, 21041.38298
Jonathan_Ive, 1967-02-27, 2439549, 3,3,7,38723, 0, 0, 155262.9615
Joseph_Erlanger, 1874-01-05, 2405529, 3,3,7,38183, 0, 0, 5263.909091
Kurt_Schwitters, 1887-06-20, 2410443, 3,3,7,38261, 0, 0, 59608.74074
Larry_Wall, 1954-09-27, 2435013, 3,3,7,38651, 0, 0, 26743.96552
Margaret_of_Austria,_Duchess_of_Savoy, 1480-01-10, 2261637, 3,3,7,35899, 0, 0, 4137.266667
Maximilian_Kolbe, 1894-01-08, 2412837, 3,3,7,38299, 0, 0, 83572.25581
Michael_Douglas, 1944-09-25, 2431359, 3,3,7,38593, 0, 0, 306181.0667
Mick_Foley, 1965-06-07, 2438919, 3,3,7,38713, 0, 0, 324785.037
Otto_I,_Holy_Roman_Emperor, 0912-11-23, 2054493, 3,3,7,32611, 0, 0, 19760.52727
Princess_Stéphanie_of_Monaco, 1965-02-01, 2438793, 3,3,7,38711, 0, 0, 176215.6667
Sharon_Stone, 1958-03-10, 2436273, 3,3,7,38671, 0, 0, 279966.0185
Wangari_Maathai, 1940-04-01, 2429721, 3,3,7,38567, 0, 0, 35928.8209
Íngrid_Betancourt, 1961-12-25, 2437659, 3,3,7,38693, 0, 0, 102971.5152
