Albert_Kesselring, 1885-11-30, 2,2,3,3,7,73,131, 64988.48387
Alberto_Gilardino, 1982-07-05, 2,2,3,3,7,31,313, 71737.77778
Andoni_Zubizarreta, 1961-10-23, 2,2,3,3,7,17,569, 46454.70588
Andy_Schleck, 1985-06-10, 3,3,3,7,7,43,43, 80539.12903
Anette_Olzon, 1971-06-21, 2,2,3,3,3,7,3229, 89964.15385
Bill_Clinton, 1946-08-19, 2,2,3,3,3,7,3217, 263930.3983
Gabrielle_Giffords, 1970-06-08, 2,3,3,3,7,11,587, 131759.1892
Gennaro_Gattuso, 1978-01-09, 2,3,3,7,11,41,43, 116553.5
Juliusz_Słowacki, 1809-09-04, 2,3,3,5,7,19,199, 79692.86667
Kristen_Stewart, 1990-04-09, 3,3,7,7,7,13,61, 955837.0345
Marc_Anthony, 1968-09-16, 2,2,3,3,7,23,421, 342956.3636
Marsilio_Ficino, 1433-10-19, 3,3,3,3,7,37,107, 27754.43243
Nancy_Ajram, 1983-05-16, 3,3,3,3,7,19,227, 102775.75
Nat_King_Cole, 1919-03-17, 3,3,3,5,7,11,233, 131799.625
Noah_Webster, 1758-10-16, 3,3,3,5,7,41,61, 39217.87097
Scott_Parker, 1980-10-13, 2,3,3,3,7,29,223, 46525.8
Slavoj_Žižek, 1949-03-21, 3,3,3,3,7,7,613, 98222.34884
Steve_Vai, 1960-06-06, 2,2,3,3,7,19,509, 213699.7632
Tom_Selleck, 1945-01-29, 3,3,3,5,7,31,83, 277634.5278
Victor_Vasarely, 1906-04-09, 2,3,3,3,5,7,1279, 72000.2
Victoria_Azarenka, 1989-07-31, 3,3,3,3,3,7,1439, 106898
