Andy_Kaufman, 1949-01-17, 2432934, 2,3,3,7,19309, 0, 0, 264313
Bill_Clinton, 1946-08-19, 2432052, 2,2,3,3,3,7,3217, 0, 0, 263930.3983
Brandon_Lee, 1965-02-01, 2438793, 3,3,7,38711, 0, 0, 496278.8
Brigitte_Nielsen, 1963-07-15, 2438226, 2,3,3,7,37,523, 0, 0, 277783.9394
Chad_Michael_Murray, 1981-08-24, 2444841, 3,3,7,151,257, 0, 0, 362300.8611
Daniel_Day-Lewis, 1957-04-29, 2435958, 2,3,3,7,19333, 0, 0, 354080.0769
Evan_Rachel_Wood, 1987-09-07, 2447046, 2,3,3,7,19421, 0, 0, 486217.3667
John_D._Rockefeller, 1839-07-08, 2392929, 3,3,3,7,11,1151, 0, 0, 304381.7358
Josh_Radnor, 1974-07-29, 2442258, 2,3,3,3,7,7,13,71, 0, 0, 339447.7097
Kristen_Stewart, 1990-04-09, 2447991, 3,3,7,7,7,13,61, 0, 0, 955837.0345
Marc_Anthony, 1968-09-16, 2440116, 2,2,3,3,7,23,421, 0, 0, 342956.3636
Michael_Douglas, 1944-09-25, 2431359, 3,3,7,38593, 0, 0, 306181.0667
Mick_Foley, 1965-06-07, 2438919, 3,3,7,38713, 0, 0, 324785.037
Owen_Wilson, 1968-11-18, 2440179, 3,3,3,7,12911, 0, 0, 333739.0784
Rebecca_Romijn, 1972-11-06, 2441628, 2,2,3,3,7,9689, 0, 0, 279454.8889
Ronald_Reagan, 1911-02-06, 2419074, 2,3,3,7,73,263, 0, 0, 334460.6822
Sasha_Grey, 1988-03-14, 2447235, 3,3,5,7,17,457, 0, 0, 1061929.568
Sean_Paul, 1973-01-08, 2441691, 3,3,3,7,12919, 0, 0, 299910.6486
Sharon_Stone, 1958-03-10, 2436273, 3,3,7,38671, 0, 0, 279966.0185
Sienna_Miller, 1981-12-28, 2444967, 3,3,7,197,197, 0, 0, 315693.3684
Tom_Selleck, 1945-01-29, 2431485, 3,3,3,5,7,31,83, 0, 0, 277634.5278
