Albert_Schweitzer, 1875-01-14, 2405903, 67,149,241, 0, 0, 93839.24194
Arthur_Schopenhauer, 1788-02-22, 2374166, 2,31,149,257, 0, 0, 147123.7975
Billie_Joe_Armstrong, 1972-02-17, 2441365, 5,29,113,149, 0, 0, 305341.3864
Britney_Spears, 1981-12-02, 2444941, 61,149,269, 0, 0, 622072.4043
Frank_Darabont, 1959-01-28, 2436597, 3,3,23,79,149, 0, 0, 95925.14286
Frank_Rijkaard, 1962-09-30, 2437938, 2,3,3,3,3,101,149, 0, 0, 110788.4286
Hilary_Swank, 1974-07-30, 2442259, 37,149,443, 0, 0, 193626.4407
John_Glenn, 1921-07-18, 2422889, 7,23,101,149, 0, 0, 100013.093
Kirsten_Dunst, 1982-04-30, 2445090, 2,3,5,149,547, 0, 0, 321621.0164
Lloyd_Banks, 1982-04-30, 2445090, 2,3,5,149,547, 0, 0, 210783.963
Margaret_Tudor, 1489-11-28, 2265247, 23,149,661, 0, 0, 92235.76667
Mark_Hamill, 1951-09-25, 2433915, 3,3,3,5,11,11,149, 0, 0, 378820.2353
Mark_Zuckerberg, 1984-05-14, 2445835, 5,7,7,67,149, 0, 0, 736947.6353
Mickey_Rooney, 1920-09-23, 2422591, 71,149,229, 0, 0, 237817.2581
Piet_Mondrian, 1872-03-07, 2404860, 2,2,3,5,149,269, 0, 0, 185097.1731
Robert_Wagner, 1930-02-10, 2426018, 2,7,149,1163, 0, 0, 193250.6538
Skrillex, 1988-01-15, 2447176, 2,2,2,149,2053, 0, 0, 689120
Stephen_Gately, 1976-03-17, 2442855, 3,5,149,1093, 0, 0, 125980.4231
Tina_Turner, 1939-11-26, 2429594, 2,31,149,263, 0, 0, 326136.8364
Tony_Shalhoub, 1953-10-09, 2434660, 2,2,5,19,43,149, 0, 0, 152837.3636
Wilt_Chamberlain, 1936-08-21, 2428402, 2,29,149,281, 0, 0, 241572.2727
