Abdullah_Ahmad_Badawi, 1939-11-26, 2,31,149,263, 40117.16667
Anita_Ekberg, 1931-09-29, 2,17,149,479, 78099.22222
Arthur_Schopenhauer, 1788-02-22, 2,31,149,257, 147123.7975
Bernhard_von_Bülow, 1849-05-03, 2,2,149,4021, 18618.34375
Billie_Joe_Armstrong, 1972-02-17, 5,29,113,149, 305341.3864
Caroline_Herschel, 1750-03-16, 7,31,73,149, 14362.80769
Endre_Ady, 1877-11-22, 2,41,149,197, 32810.40625
Fränk_Schleck, 1980-04-15, 5,17,149,193, 40777.14815
Hanna_Schygulla, 1943-12-25, 2,2,149,4079, 32538.23077
James_Cronin, 1931-09-29, 2,17,149,479, 9734.763158
Joan_Gamper, 1877-11-22, 2,41,149,197, 22733.07407
John_Glenn, 1921-07-18, 7,23,101,149, 100013.093
Robert_Wagner, 1930-02-10, 2,7,149,1163, 193250.6538
Rudolf_Clausius, 1822-01-02, 3,19,149,281, 17444.78261
Shimon_Peres, 1923-08-02, 2,3,149,2711, 75266.42857
Stephen_Gately, 1976-03-17, 3,5,149,1093, 125980.4231
Thomas_Cranmer, 1489-07-02, 2,11,149,691, 50288.69231
Tina_Turner, 1939-11-26, 2,31,149,263, 326136.8364
Will_Sasso, 1975-05-24, 13,13,97,149, 59181.42308
Wilt_Chamberlain, 1936-08-21, 2,29,149,281, 241572.2727
Álvaro_Recoba, 1976-03-17, 3,5,149,1093, 68879.97143
