Allison_Mack, 1982-07-29, 2445180, 2,2,3,5,83,491, 0, 0, 130668.8214
Cristiano_Lucarelli, 1975-10-04, 2442690, 2,3,3,3,5,83,109, 0, 0, 53019.53846
Edward_G._Robinson, 1893-12-12, 2412810, 2,3,3,5,17,19,83, 0, 0, 81688.10714
Edward_I_of_England, 1239-06-17, 2173770, 2,3,3,3,5,83,97, 0, 0, 121767.5862
Fabian_Cancellara, 1981-03-18, 2444682, 2,3,83,4909, 0, 0, 55670.34211
Frank_Oz, 1944-05-25, 2431236, 2,2,3,83,2441, 0, 0, 148326.5385
Gene_Hackman, 1930-01-30, 2426007, 3,83,9743, 0, 0, 160222.5882
Gideon_Sundback, 1880-04-24, 2407830, 2,3,5,83,967, 0, 0, 240902.9762
Giorgio_Chiellini, 1984-08-14, 2445927, 3,11,19,47,83, 0, 0, 61076.69767
Hafez_al-Assad, 1930-10-06, 2426256, 2,2,2,2,3,3,7,29,83, 0, 0, 75907.44444
Hakan_Şükür, 1971-09-01, 2441196, 2,2,3,3,19,43,83, 0, 0, 80262.68421
Herbert_Spencer, 1820-04-27, 2385918, 2,3,3,83,1597, 0, 0, 90693.82353
James_Cameron, 1954-08-16, 2434971, 3,7,11,83,127, 0, 0, 290244.2571
Justin_Bieber, 1994-03-01, 2449413, 3,3,3,83,1093, 0, 0, 1208064.543
Kurt_Angle, 1968-12-09, 2440200, 2,2,2,3,5,5,7,7,83, 0, 0, 324973.8889
Lamar_Odom, 1979-11-06, 2444184, 2,2,2,3,3,83,409, 0, 0, 363214.0357
Robin_Söderling, 1984-08-14, 2445927, 3,11,19,47,83, 0, 0, 57307.97297
Rudyard_Kipling, 1865-12-30, 2402601, 3,83,9649, 0, 0, 108726.382
Tom_Selleck, 1945-01-29, 2431485, 3,3,3,5,7,31,83, 0, 0, 277634.5278
Vincent_Cassel, 1966-11-23, 2439453, 3,83,97,101, 0, 0, 253333.3784
William_Wilberforce, 1759-08-24, 2363757, 3,11,83,863, 0, 0, 99936.71875
