Antolín_Alcaraz, 1982-07-30, 2,2,3,5,83,491, 13682.46429
Arturo_Pérez-Reverte, 1951-11-25, 3,5,5,17,23,83, 50282.93939
Cadel_Evans, 1977-02-14, 2,2,3,11,83,223, 54956.5641
Christian_Eriksen, 1992-02-14, 2,3,3,11,83,149, 79848.75862
Edvard_Beneš, 1884-05-28, 2,2,3,41,59,83, 33930.92105
Freddie_Highmore, 1992-02-14, 2,3,3,11,83,149, 289959.8214
Gaël_Monfils, 1986-09-01, 2,3,17,17,17,83, 53312.95122
Gordian_III, 0225-01-20, 2,3,3,17,71,83, 17389.72917
Johann_Gottfried_Herder, 1744-08-25, 3,3,7,11,41,83, 39952.11765
Milo_Đukanović, 1962-02-15, 2,3,5,11,83,89, 13263.26316
Torquato_Tasso, 1544-03-11, 3,3,7,19,23,83, 35384.03922
