Anna_Netrebko, 1971-09-18, 2441213, 449,5437, 0, 0, 64230.06897
Ariel_Ortega, 1974-03-04, 2442111, 3,7,7,37,449, 0, 0, 84743.22222
Brian_Greene, 1963-02-09, 2438070, 2,3,5,181,449, 0, 0, 60592.3871
Brian_Molko, 1972-12-10, 2441662, 2,449,2719, 0, 0, 110186
Brittany_Murphy, 1977-11-10, 2443458, 2,3,449,907, 0, 0, 647549.6735
Chaim_Soutine, 1893-01-13, 2412477, 3,3,3,199,449, 0, 0, 26782.75862
Channing_Tatum, 1980-04-26, 2444356, 2,2,449,1361, 0, 0, 932963
Chris_O'Donnell, 1970-06-26, 2440764, 2,2,3,3,151,449, 0, 0, 182663.2941
Ernesto_Sabato, 1911-06-24, 2419212, 2,2,3,449,449, 0, 0, 58406.2439
Gustav_Kirchhoff, 1824-03-12, 2387333, 13,409,449, 0, 0, 27442.96429
Jada_Pinkett_Smith, 1971-09-18, 2441213, 449,5437, 0, 0, 498196.2593
Jamie_Oliver, 1975-05-27, 2442560, 2,2,2,2,2,2,5,17,449, 0, 0, 208293.7647
Jordana_Brewster, 1980-04-26, 2444356, 2,2,449,1361, 0, 0, 394103.2759
Juan_Manuel_Fangio, 1911-06-24, 2419212, 2,2,3,449,449, 0, 0, 48786.7551
Karl-Heinz_Rummenigge, 1955-09-25, 2435376, 2,2,2,2,3,113,449, 0, 0, 59110.32558
Kurt_Schuschnigg, 1897-12-14, 2414273, 19,283,449, 0, 0, 20996.54839
Lance_Armstrong, 1971-09-18, 2441213, 449,5437, 0, 0, 241006.1081
Lolo_Ferrari, 1963-02-09, 2438070, 2,3,5,181,449, 0, 0, 208142.1154
Michael_Greis, 1976-08-18, 2443009, 449,5441, 0, 0, 12529.23077
Sean_Hayes_(actor), 1970-06-26, 2440764, 2,2,3,3,151,449, 0, 0, 24498.78788
Sophie_Germain, 1776-04-01, 2369822, 2,7,13,29,449, 0, 0, 27903.63636
