Alan_Parker, 1944-02-14, 2431135, 5,7,7,9923, 0, 0, 54429.5
Daphne_du_Maurier, 1907-05-13, 2417709, 3,7,7,16447, 0, 0, 61045
Francesca_Schiavone, 1980-06-23, 2444414, 2,7,7,24943, 0, 0, 45926.85366
George_Eliot, 1819-11-22, 2385761, 7,7,181,269, 0, 0, 75497.04082
H._Jon_Benjamin, 1966-05-23, 2439269, 7,7,67,743, 0, 0, 112066.1379
Ilona_Staller, 1951-11-26, 2433977, 7,7,13,3821, 0, 0, 240297.8667
Jaroslav_Seifert, 1901-09-23, 2415651, 3,7,7,16433, 0, 0, 16500.30189
John_Ray, 1627-11-29, 2315642, 2,7,7,23629, 0, 0, 21205.42308
Kangxi_Emperor, 1654-05-04, 2325295, 5,7,7,9491, 0, 0, 98053.94444
Klement_Gottwald, 1896-11-23, 2413887, 3,7,7,16421, 0, 0, 29537.34483
Manfred_von_Richthofen, 1892-05-02, 2412221, 7,7,19,2591, 0, 0, 201481.093
Marie_Dressler, 1868-11-09, 2403646, 2,7,7,24527, 0, 0, 16453.59259
Masahiko_Kimura, 1917-09-10, 2421482, 2,7,7,24709, 0, 0, 62493.83333
Nick_Carter_(musician), 1980-01-28, 2444267, 7,7,83,601, 0, 0, 66513.42857
Oskar_Kokoschka, 1886-03-01, 2409967, 7,7,137,359, 0, 0, 47875.6
Paracelsus, 1493-11-11, 2266691, 7,7,167,277, 0, 0, 87993.47541
Pope_Julius_III, 1487-09-10, 2264437, 7,7,37,1249, 0, 0, 18513.63265
Salman_Khan, 1965-12-27, 2439122, 2,7,7,24889, 0, 0, 535074.5122
Sam_Worthington, 1976-08-02, 2442993, 3,7,7,16619, 0, 0, 295316.8163
Steve_Harris_(musician), 1956-03-12, 2435545, 5,7,7,9941, 0, 0, 58913.825
William_Blake, 1757-11-28, 2363123, 7,7,29,1663, 0, 0, 160190.125
