Alizée, 1984-08-21, 3,7,7,7,2377, 185565.72
Andrés_Segovia, 1893-02-21, 5,7,7,43,229, 37971.05263
Bill_Shankly, 1913-09-02, 2,2,7,7,12347, 50822.3125
Cuba_Gooding,_Jr., 1968-01-02, 7,7,17,29,101, 37575.21429
Eva_Mendes, 1974-03-05, 3,7,7,37,449, 381499.8511
Friedrich_Paulus, 1890-09-23, 7,7,7,79,89, 77442.43478
Jean-Pierre_Papin, 1963-11-05, 2,7,7,139,179, 64355.47368
Justin_Bieber, 1994-03-01, 2,2,7,7,12497, 1208064.543
Katey_Sagal, 1954-01-19, 3,3,7,7,5521, 379217
Kieran_Gibbs, 1989-09-26, 5,7,7,97,103, 50196.78788
Marcelo_Salas, 1974-12-24, 3,5,7,7,3323, 66710.57143
Marco_Simoncelli, 1987-01-20, 3,5,7,7,3329, 150484.8684
Mickey_Rourke, 1952-09-16, 7,7,7,47,151, 443698.7556
Morgan_Freeman, 1937-06-01, 5,7,7,23,431, 432477.0909
Mylène_Farmer, 1961-09-12, 2,3,7,7,8291, 111500.875
Pope_John_Paul_II, 1920-05-18, 2,7,7,19,1301, 348813.2364
Ramana_Maharshi, 1879-12-30, 3,7,7,11,1489, 45857.65625
Richard_Bach, 1936-06-23, 2,7,7,71,349, 65952.59375
Taio_Cruz, 1985-04-23, 2,7,7,109,229, 268347.8571
Tomáš_Berdych, 1985-09-17, 5,5,7,7,1997, 50892.94595
William_James, 1842-01-11, 2,7,7,13,1879, 79833.18033
