Abbé_Pierre, 1912-08-05, 2,2,3,5,7,7,823, 50069.75
Andy_Schleck, 1985-06-10, 3,3,3,7,7,43,43, 80539.12903
Ayrton_Senna, 1960-03-21, 5,7,7,7,7,7,29, 294298.3594
Ernst_Röhm, 1887-11-28, 2,2,7,7,7,7,251, 95777.06818
George_Berkeley, 1685-03-12, 3,5,7,7,11,17,17, 45852.2459
Hermann_Oberth, 1894-06-25, 3,5,7,7,7,7,67, 19439.80645
Ivan_V_of_Russia, 1666-09-06, 3,3,3,3,7,7,587, 23646.95349
John_Stockton, 1962-03-26, 2,5,5,5,7,7,199, 113734.1212
John_Tyler, 1790-03-29, 2,2,3,7,7,7,577, 50866.2967
Kaia_Kanepi, 1985-06-10, 3,3,3,7,7,43,43, 19672
Kristen_Stewart, 1990-04-09, 3,3,7,7,7,13,61, 955837.0345
Käthe_Kollwitz, 1867-07-08, 2,2,3,7,7,61,67, 48019.88571
Louis_the_Stammerer, 0846-11-01, 2,2,3,3,7,7,1151, 12575.83721
Lutz_Graf_Schwerin_von_Krosigk, 1887-08-22, 2,3,3,3,7,7,911, 26447.43243
Michael_C._Hall, 1971-02-01, 2,2,2,7,7,13,479, 383879.4571
Paulo_Freire, 1921-09-19, 2,2,2,7,7,7,883, 198946.2857
Slavoj_Žižek, 1949-03-21, 3,3,3,3,7,7,613, 98222.34884
Vasilis_Torosidis, 1985-06-10, 3,3,3,7,7,43,43, 18842.83333
Viktor_Troicki, 1986-02-10, 2,2,2,7,7,79,79, 20922.16667
Yakubu_Aiyegbeni, 1982-11-22, 2,2,2,2,7,7,3119, 46942.94286
Zlatko_Zahovič, 1971-02-01, 2,2,2,7,7,13,479, 19408.30769
