Ayrton_Senna, 1960-03-21, 2437015, 5,7,7,7,7,7,29, 0, 0, 294298.3594
Billy_Joel, 1949-05-09, 2433046, 2,7,7,11,37,61, 0, 0, 301556.5135
Cam_Gigandet, 1982-08-16, 2445198, 2,3,7,7,8317, 0, 0, 324834.4828
Carl_Jung, 1875-07-26, 2406096, 2,2,2,2,3,3,7,7,11,31, 0, 0, 224846.8472
Charles_Manson, 1934-11-12, 2427754, 2,7,7,7,3539, 0, 0, 888097.4186
Ilona_Staller, 1951-11-26, 2433977, 7,7,13,3821, 0, 0, 240297.8667
Jennifer_Garner, 1972-04-17, 2441425, 5,5,7,7,1993, 0, 0, 355992.7021
John_Dillinger, 1903-06-22, 2416288, 2,2,2,2,2,7,7,23,67, 0, 0, 521797.3438
Josh_Radnor, 1974-07-29, 2442258, 2,3,3,3,7,7,13,71, 0, 0, 339447.7097
Kristen_Stewart, 1990-04-09, 2447991, 3,3,7,7,7,13,61, 0, 0, 955837.0345
Kurt_Angle, 1968-12-09, 2440200, 2,2,2,3,5,5,7,7,83, 0, 0, 324973.8889
Mark_Zuckerberg, 1984-05-14, 2445835, 5,7,7,67,149, 0, 0, 736947.6353
Mary_I_of_England, 1516-02-18, 2274825, 3,5,5,7,7,619, 0, 0, 280028.0328
Michael_C._Hall, 1971-02-01, 2440984, 2,2,2,7,7,13,479, 0, 0, 383879.4571
Neil_Young, 1945-11-12, 2431772, 2,2,7,7,19,653, 0, 0, 321384.093
Paul_Newman, 1925-01-26, 2424177, 3,3,7,7,23,239, 0, 0, 242660.0278
Peter_Facinelli, 1973-11-26, 2442013, 7,7,19,43,61, 0, 0, 332463.3846
Salman_Khan, 1965-12-27, 2439122, 2,7,7,24889, 0, 0, 535074.5122
Sam_Worthington, 1976-08-02, 2442993, 3,7,7,16619, 0, 0, 295316.8163
Zachary_Levi, 1980-09-29, 2444512, 2,2,2,2,2,7,7,1559, 0, 0, 275708.2593
Zoe_Saldana, 1978-06-19, 2443679, 7,7,49871, 0, 0, 412372.875
