Bruce_McLaren, 1937-08-30, 2428776, 2,2,2,3,3,7,61,79, 0, 0, 39614.39286
Charles_Lyell, 1797-11-14, 2377719, 3,3,61,61,71, 0, 0, 38016.69231
David_Thewlis, 1963-03-20, 2438109, 3,3,61,4441, 0, 0, 181856.8571
Emily_Dickinson, 1830-12-10, 2389797, 3,3,3,61,1451, 0, 0, 116092
Fedor_Emelianenko, 1976-09-28, 2443050, 2,3,3,5,5,61,89, 0, 0, 571876.4286
Gabriella_Cilmi, 1991-10-10, 2448540, 2,2,3,3,5,61,223, 0, 0, 133658.9231
Heinrich_Cornelius_Agrippa, 1486-09-14, 2264076, 2,2,3,3,61,1031, 0, 0, 32362.90625
Hua_Guofeng, 1921-02-16, 2422737, 3,3,3,61,1471, 0, 0, 56808.74286
Kristen_Stewart, 1990-04-09, 2447991, 3,3,7,7,7,13,61, 0, 0, 955837.0345
Lee_Marvin, 1924-02-19, 2423835, 3,3,5,61,883, 0, 0, 101383.1163
Martín_Cáceres, 1987-04-07, 2446893, 3,3,61,4457, 0, 0, 77090.91667
Miguel_Primo_de_Rivera, 1870-01-08, 2404071, 3,3,29,61,151, 0, 0, 35073.47368
Noah_Webster, 1758-10-16, 2363445, 3,3,3,5,7,41,61, 0, 0, 39217.87097
Walter_Model, 1891-01-24, 2411757, 3,3,23,61,191, 0, 0, 49886.47368
Xherdan_Shaqiri, 1991-10-10, 2448540, 2,2,3,3,5,61,223, 0, 0, 125993.7037
