ATB, 1973-02-26, 2441740, 2,2,5,7,107,163, 0, 0, 62744.15625
Andrus_Ansip, 1956-10-01, 2435748, 2,2,3,7,107,271, 0, 0, 10090.82609
Marcos_Baghdatis, 1985-06-17, 2446234, 2,7,23,71,107, 0, 0, 35513.68571
Marguerite_Yourcenar, 1903-06-08, 2416274, 2,7,107,1613, 0, 0, 36093.64706
Marsilio_Ficino, 1433-10-19, 2244753, 3,3,3,3,7,37,107, 0, 0, 27754.43243
Max_Euwe, 1901-05-20, 2415525, 3,5,5,7,43,107, 0, 0, 10874.26087
Milton_Obote, 1925-12-28, 2424513, 3,7,13,83,107, 0, 0, 29274.33333
Ole_Gunnar_Solskjær, 1973-02-26, 2441740, 2,2,5,7,107,163, 0, 0, 82381.24324
Robert_E._Lee, 1807-01-19, 2381071, 7,11,17,17,107, 0, 0, 206202.2453
Rudolf_Christoph_Eucken, 1846-01-05, 2395302, 2,3,7,13,41,107, 0, 0, 6631.215385
Ted_Kennedy, 1932-02-22, 2426760, 2,2,2,3,3,3,3,5,7,107, 0, 0, 206382.3585
Tia_Carrere, 1967-01-02, 2439493, 7,107,3257, 0, 0, 216760.8214
Vasily_Surikov, 1848-01-24, 2396051, 7,7,107,457, 0, 0, 10289.48276
Viggo_Mortensen, 1958-10-20, 2436497, 7,107,3253, 0, 0, 332343.2766
