Celeste_Holm, 1917-04-29, 2421348, 2,2,3,23,31,283, 0, 0, 36565.64516
Chinghiz_Aitmatov, 1928-12-12, 2425593, 3,283,2857, 0, 0, 19502.76
Cindy_Crawford, 1966-02-20, 2439177, 3,13,13,17,283, 0, 0, 197012.7895
Douglas_Adams, 1952-03-11, 2434083, 3,47,61,283, 0, 0, 204047.7895
Désirée_Clary, 1777-11-08, 2370408, 2,2,2,3,283,349, 0, 0, 33745.1
Konstantin_Zyryanov, 1977-10-05, 2443422, 2,3,283,1439, 0, 0, 9710.025
Lucrezia_Borgia, 1480-04-18, 2261736, 2,2,2,3,3,3,37,283, 0, 0, 226326.925
Paul_Signac, 1863-11-11, 2401821, 3,3,23,41,283, 0, 0, 43168.21622
Pina_Bausch, 1940-07-27, 2429838, 2,3,3,3,3,53,283, 0, 0, 97821.23333
Ricardo_Martinelli, 1952-03-11, 2434083, 3,47,61,283, 0, 0, 21014.73529
Shane_Long, 1987-01-22, 2446818, 2,3,11,131,283, 0, 0, 30738.53846
Siphiwe_Tshabalala, 1984-09-25, 2445969, 3,43,67,283, 0, 0, 29740.03125
