Alou_Diarra, 1981-07-15, 2444801, 2444801, 179320, 2,2,2,5,4483, 53897.3
André_Derain, 1880-06-10, 2407877, 2407877, 176830, 2,5,17683, 45148.03333
Bettino_Craxi, 1934-02-24, 2427493, 2427493, 178160, 2,2,2,2,5,17,131, 45254.38462
Calvin_Klein_(fashion_designer), 1942-11-19, 2430683, 2430683, 178370, 2,5,17837, 64396.51724
Carl_Sagan, 1934-11-09, 2427751, 2427751, 178180, 2,2,5,59,151, 199644.4286
Christian_Wulff, 1959-06-19, 2436739, 2436739, 178780, 2,2,5,7,1277, 58427.75342
Demis_Roussos, 1946-06-15, 2431987, 2431987, 178460, 2,2,5,8923, 111100
Grant_Wood, 1891-02-13, 2411777, 2411777, 177080, 2,2,2,5,19,233, 41393.11538
Ignatius_of_Loyola, 1491-10-23, 2265941, 2265941, 167180, 2,2,5,13,643, 82991
Jared_Diamond, 1937-09-10, 2428787, 2428787, 178250, 2,5,5,5,23,31, 66932.05714
Joseph_Gordon-Levitt, 1981-02-17, 2444653, 2444653, 179310, 2,3,5,43,139, 633562.8
Kenwyne_Jones, 1984-10-05, 2445979, 2445979, 179410, 2,5,7,11,233, 37774.42308
Kim_Cattrall, 1956-08-21, 2435707, 2435707, 178710, 2,3,5,7,23,37, 253377.6286
Laurent_Koscielny, 1985-09-10, 2446319, 2446319, 179430, 2,3,5,5981, 71196.42424
Paris_Hilton, 1981-02-17, 2444653, 2444653, 179310, 2,3,5,43,139, 434445.1719
Pat_Morita, 1932-06-28, 2426887, 2426887, 178120, 2,2,2,5,61,73, 228295.5769
Ralph_Lauren, 1939-10-14, 2429551, 2429551, 178300, 2,2,5,5,1783, 230834.2143
Ronnie_James_Dio, 1942-07-10, 2430551, 2430551, 178360, 2,2,2,5,7,7,7,13, 297490
Steve_McClaren, 1961-05-03, 2437423, 2437423, 178820, 2,2,5,8941, 50895.66667
Tom_Cruise, 1962-07-03, 2437849, 2437849, 178850, 2,5,5,7,7,73, 591604.5732
Warren_Buffett, 1930-08-30, 2426219, 2426219, 178070, 2,5,17807, 432397.3385
