Carlos_Santana, 1947-07-20, 2432387, 2432387, 178486, 2,7,11,19,61, 248571.9412
Charles_Barkley, 1963-02-20, 2438081, 2438081, 178864, 2,2,2,2,7,1597, 210539.0256
Christian_Wulff, 1959-06-19, 2436739, 2436739, 178780, 2,2,5,7,1277, 58427.75342
Clive_Barker, 1952-10-05, 2434291, 2434291, 178612, 2,2,7,6379, 139781.2692
David_Silva, 1986-01-08, 2446439, 2446439, 179438, 2,7,7,1831, 129365.5962
Diego_Rivera, 1886-12-08, 2410249, 2410249, 176974, 2,7,12641, 238473.4583
Farrah_Fawcett, 1947-02-02, 2432219, 2432219, 178472, 2,2,2,7,3187, 249691.6415
Gerrit_Rietveld, 1888-06-24, 2410813, 2410813, 177016, 2,2,2,7,29,109, 48608
Gisele_Bündchen, 1980-07-20, 2444441, 2444441, 179298, 2,3,3,7,1423, 317453.6154
Julie_Delpy, 1969-12-21, 2440577, 2440577, 179032, 2,2,2,7,23,139, 123955.9286
K'naan, 1978-02-01, 2443541, 2443541, 179228, 2,2,7,37,173, 146117.8966
Kim_Cattrall, 1956-08-21, 2435707, 2435707, 178710, 2,3,5,7,23,37, 253377.6286
Louis_Aragon, 1897-10-03, 2414201, 2414201, 177254, 2,7,11,1151, 66708.30435
Manuel_Almunia, 1977-05-19, 2443283, 2443283, 179214, 2,3,7,17,251, 53956.52273
Niccolò_Machiavelli, 1469-05-03, 2257733, 2257733, 166614, 2,3,7,3967, 211234.1509
Ramires, 1987-03-24, 2446879, 2446879, 179466, 2,3,7,4273, 74138.42857
Ronnie_James_Dio, 1942-07-10, 2430551, 2430551, 178360, 2,2,2,5,7,7,7,13, 297490
Rosamund_Pike, 1979-01-27, 2443901, 2443901, 179256, 2,2,2,3,7,11,97, 285585.3103
Tom_Cruise, 1962-07-03, 2437849, 2437849, 178850, 2,5,5,7,7,73, 591604.5732
Tupac_Shakur, 1971-06-16, 2441119, 2441119, 179074, 2,7,12791, 866521.1014
Zlatan_Ibrahimović, 1981-10-03, 2444881, 2444881, 179326, 2,7,12809, 461235.1791
