Annette_Bening, 1958-05-29, 2436353, 2436353, 178755, 3,5,17,701, 133646.1
Augusto_Pinochet, 1915-11-25, 2420827, 2420827, 177705, 3,3,5,11,359, 123154.7237
Ayman_al-Zawahiri, 1951-06-19, 2433817, 2433817, 178575, 3,5,5,2381, 105545.7381
Bob_Dylan, 1941-05-24, 2430139, 2430139, 178335, 3,3,3,5,1321, 383274.3636
Christian_Dior, 1905-01-21, 2416867, 2416867, 177435, 3,3,5,3943, 105656.8654
Ernest_Borgnine, 1917-01-24, 2421253, 2421253, 177735, 3,5,17,17,41, 141962.0577
Harvey_Milk, 1930-05-22, 2426119, 2426119, 178065, 3,3,3,5,1319, 255690.4118
Jimmie_Johnson, 1975-09-17, 2442673, 2442673, 179175, 3,5,5,2389, 42929.54762
John_Schlesinger, 1926-02-16, 2424563, 2424563, 177960, 2,2,2,3,5,1483, 25744.2963
Joseph_Gordon-Levitt, 1981-02-17, 2444653, 2444653, 179310, 2,3,5,43,139, 633562.8
Kary_Mullis, 1944-12-28, 2431453, 2431453, 178425, 3,3,5,5,13,61, 29095.625
Kim_Cattrall, 1956-08-21, 2435707, 2435707, 178710, 2,3,5,7,23,37, 253377.6286
Laurent_Koscielny, 1985-09-10, 2446319, 2446319, 179430, 2,3,5,5981, 71196.42424
Mark_Spitz, 1950-02-10, 2433323, 2433323, 178545, 3,5,11903, 81839.44444
Megan_Fox, 1986-05-16, 2446567, 2446567, 179445, 3,5,7,1709, 945945.3492
Nerva, 0030-11-08, 1732327, 1732327, 130365, 3,3,5,2897, 32870.48333
Norodom_Sihanouk, 1922-10-31, 2423359, 2423359, 177885, 3,3,5,59,67, 43843.59259
Nílton_Santos, 1925-05-16, 2424287, 2424287, 177945, 3,5,11863, 23348.66667
Paris_Hilton, 1981-02-17, 2444653, 2444653, 179310, 2,3,5,43,139, 434445.1719
Robert_Doisneau, 1912-04-14, 2419507, 2419507, 177615, 3,3,5,3947, 180956.1765
Uche_Kalu, 1986-05-16, 2446567, 2446567, 179445, 3,5,7,1709, 34121.92593
