Albert_I_of_Belgium, 1875-04-08, 2405987, 2405987, 176704, 2,2,2,2,2,2,11,251, 36969.625
Allen_Iverson, 1975-06-07, 2442571, 2442571, 179168, 2,2,2,2,2,11,509, 335376.5641
Andreas_Baader, 1943-05-06, 2430851, 2430851, 178384, 2,2,2,2,11149, 90078.57143
Ava_Gardner, 1922-12-24, 2423413, 2423413, 177888, 2,2,2,2,2,3,17,109, 150496.5385
Bettino_Craxi, 1934-02-24, 2427493, 2427493, 178160, 2,2,2,2,5,17,131, 45254.38462
Charles_Barkley, 1963-02-20, 2438081, 2438081, 178864, 2,2,2,2,7,1597, 210539.0256
Cory_Monteith, 1982-05-11, 2445101, 2445101, 179344, 2,2,2,2,11,1019, 629062.2857
Dido_(singer), 1971-12-25, 2441311, 2441311, 179088, 2,2,2,2,3,7,13,41, 30294.02222
Donald_Pleasence, 1919-10-05, 2422237, 2422237, 177808, 2,2,2,2,11113, 86501.25
Edgar_F._Codd, 1923-08-19, 2423651, 2423651, 177904, 2,2,2,2,11119, 25553.6875
Eleftherios_Venizelos, 1864-08-23, 2402107, 2402107, 176432, 2,2,2,2,11027, 31210.34286
Idriss_Carlos_Kameni, 1984-02-18, 2445749, 2445749, 179392, 2,2,2,2,2,2,2803, 33075.82143
Joseph_Kabila, 1971-06-04, 2441107, 2441107, 179072, 2,2,2,2,2,2,2,1399, 39644.4186
Mary_Pickford, 1892-04-08, 2412197, 2412197, 177104, 2,2,2,2,11069, 70099.46939
Mstislav_Rostropovich, 1927-03-27, 2424967, 2424967, 177984, 2,2,2,2,2,2,3,3,3,103, 29027.28
Otto_Hahn, 1879-03-08, 2407417, 2407417, 176800, 2,2,2,2,2,5,5,13,17, 30377.71667
Pope_John_Paul_II, 1920-05-18, 2422463, 2422463, 177824, 2,2,2,2,2,5557, 348813.2364
Rómulo_Gallegos, 1884-08-02, 2409391, 2409391, 176928, 2,2,2,2,2,3,19,97, 72747.85714
Samir_Nasri, 1987-06-26, 2446973, 2446973, 179472, 2,2,2,2,3,3739, 157970.5098
Sonia_Sotomayor, 1954-06-25, 2434919, 2434919, 178656, 2,2,2,2,2,3,1861, 189663.1538
Wilhelm_Canaris, 1887-01-01, 2410273, 2410273, 176976, 2,2,2,2,3,3,1229, 70050.54286
