Annette_Bening, 1958-05-29, 2436353, 2436353, 178755, 3,5,17,701, 133646.1
Ava_Gardner, 1922-12-24, 2423413, 2423413, 177888, 2,2,2,2,2,3,17,109, 150496.5385
Bettino_Craxi, 1934-02-24, 2427493, 2427493, 178160, 2,2,2,2,5,17,131, 45254.38462
Blanka_Vlašić, 1983-11-08, 2445647, 2445647, 179384, 2,2,2,17,1319, 53491.28125
Ernest_Borgnine, 1917-01-24, 2421253, 2421253, 177735, 3,5,17,17,41, 141962.0577
Federico_Macheda, 1991-08-22, 2448491, 2448491, 179571, 3,7,17,503, 99208.08824
Fergie_(singer), 1975-03-27, 2442499, 2442499, 179163, 3,3,17,1171, 186799.6444
Giuseppe_Meazza, 1910-08-23, 2418907, 2418907, 177582, 2,3,17,1741, 53608.40541
Gustavus_Adolphus_of_Sweden, 1594-12-09, 2303599, 2303599, 169762, 2,17,4993, 40406.57407
Hal_Holbrook, 1925-02-17, 2424199, 2424199, 177939, 3,3,17,1163, 85811.3
Isaac_Newton, 1642-12-25, 2321147, 2321147, 170935, 5,17,2011, 313659.9424
Jay-Jay_Okocha, 1973-08-14, 2441909, 2441909, 179129, 17,41,257, 93957.3
Jessica_Alba, 1981-04-28, 2444723, 2444723, 179316, 2,2,3,3,17,293, 513002.5672
Lil_Jon, 1971-01-17, 2440969, 2440969, 179061, 3,17,3511, 211942.8966
Manuel_Almunia, 1977-05-19, 2443283, 2443283, 179214, 2,3,7,17,251, 53956.52273
Metta_World_Peace, 1979-11-13, 2444191, 2444191, 179282, 2,17,5273, 170012.8929
Nicko_McBrain, 1952-06-05, 2434169, 2434169, 178602, 2,3,17,17,103, 78918.87097
Philip_Pullman, 1946-10-19, 2432113, 2432113, 178466, 2,17,29,181, 62190.97436
Rob_Zombie, 1965-01-12, 2438773, 2438773, 178908, 2,2,3,17,877, 375879.8276
Slaven_Bilić, 1968-09-11, 2440111, 2440111, 178993, 17,10529, 45867.9375
Suleiman_the_Magnificent, 1494-11-06, 2267051, 2267051, 167263, 17,9839, 235041.7126
