Anatole_France, 1844-04-16, 2394673, 2394673, 175932, 2,2,3,3,3,3,3,181, 31317.45714
B._R._Ambedkar, 1891-04-14, 2411837, 2411837, 177084, 2,2,3,3,4919, 114563.6216
Barbara_Stanwyck, 1907-07-16, 2417773, 2417773, 177498, 2,3,3,3,19,173, 116965.5429
Dave_Murray_(musician), 1956-12-23, 2435831, 2435831, 178722, 2,3,3,9929, 40886.51515
E._M._Forster, 1879-01-01, 2407351, 2407351, 176796, 2,2,3,3,3,1637, 50593.43902
Georges_Dumézil, 1898-03-04, 2414353, 2414353, 177264, 2,2,2,2,3,3,1231, 16236.59259
Giovanni_Verga, 1840-09-02, 2393351, 2393351, 175842, 2,3,3,9769, 81397.63333
Gisele_Bündchen, 1980-07-20, 2444441, 2444441, 179298, 2,3,3,7,1423, 317453.6154
Jane_Fonda, 1937-12-21, 2428889, 2428889, 178254, 2,3,3,3,3301, 202965.0175
Jean-Marc_Ayrault, 1950-01-25, 2433307, 2433307, 178542, 2,3,3,7,13,109, 39428.39535
Jessica_Alba, 1981-04-28, 2444723, 2444723, 179316, 2,2,3,3,17,293, 513002.5672
John_J._Pershing, 1860-09-13, 2400667, 2400667, 176346, 2,3,3,97,101, 93934.67742
Lev_Vygotsky, 1896-11-19, 2413883, 2413883, 177228, 2,2,3,3,3,3,547, 160853.4773
Michele_Alboreto, 1956-12-23, 2435831, 2435831, 178722, 2,3,3,9929, 43823.92308
Mstislav_Rostropovich, 1927-03-27, 2424967, 2424967, 177984, 2,2,2,2,2,2,3,3,3,103, 29027.28
Nancy_Reagan, 1921-07-06, 2422877, 2422877, 177858, 2,3,3,41,241, 148577.1892
Odysseas_Elytis, 1911-11-02, 2419343, 2419343, 177606, 2,3,3,3,11,13,23, 26103.53846
Paul_Morphy, 1837-06-22, 2392183, 2392183, 175770, 2,3,3,3,3,5,7,31, 18401.89744
R._Kelly, 1967-01-08, 2439499, 2439499, 178956, 2,2,3,3,3,1657, 434800.5667
Wilhelm_Canaris, 1887-01-01, 2410273, 2410273, 176976, 2,2,2,2,3,3,1229, 70050.54286
Willem_Dafoe, 1955-07-22, 2435311, 2435311, 178686, 2,3,3,3,3,1103, 235547.3
