Ayman_al-Zawahiri, 1951-06-19, 2433817, 2433817, 178575, 3,5,5,2381, 105545.7381
Camille_Flammarion, 1842-02-26, 2393893, 2393893, 175875, 3,5,5,5,7,67, 15876.48276
Elmer_Bernstein, 1922-04-04, 2423149, 2423149, 177875, 5,5,5,1423, 30958.66667
Francis_de_Sales, 1567-08-21, 2293637, 2293637, 169075, 5,5,6763, 38670.97297
Gherman_Titov, 1935-09-11, 2428057, 2428057, 178200, 2,2,2,3,3,3,3,5,5,11, 13282.11364
Ivica_Olić, 1979-09-14, 2444131, 2444131, 179275, 5,5,71,101, 57037.90698
Jared_Diamond, 1937-09-10, 2428787, 2428787, 178250, 2,5,5,5,23,31, 66932.05714
Jimmie_Johnson, 1975-09-17, 2442673, 2442673, 179175, 3,5,5,2389, 42929.54762
Kary_Mullis, 1944-12-28, 2431453, 2431453, 178425, 3,3,5,5,13,61, 29095.625
Kaspar_Capparoni, 1964-08-01, 2438609, 2438609, 178900, 2,2,5,5,1789, 12517.14583
Kateryna_Bondarenko, 1986-08-08, 2446651, 2446651, 179450, 2,5,5,37,97, 10711.51724
Mark_Cavendish, 1985-05-21, 2446207, 2446207, 179425, 5,5,7177, 91930.33333
Nestor_Makhno, 1888-10-26, 2410937, 2410937, 177025, 5,5,73,97, 22139.51163
Otto_Hahn, 1879-03-08, 2407417, 2407417, 176800, 2,2,2,2,2,5,5,13,17, 30377.71667
Ralph_Lauren, 1939-10-14, 2429551, 2429551, 178300, 2,2,5,5,1783, 230834.2143
Raoul_Wallenberg, 1912-08-04, 2419619, 2419619, 177625, 5,5,5,7,7,29, 68870.40541
Sharon_Tate, 1943-01-24, 2430749, 2430749, 178375, 5,5,5,1427, 405040.0333
Sophia_Loren, 1934-09-20, 2427701, 2427701, 178175, 5,5,7127, 204127.8429
Tom_Cruise, 1962-07-03, 2437849, 2437849, 178850, 2,5,5,7,7,73, 591604.5732
William_Stanley_Jevons, 1835-09-01, 2391523, 2391523, 175725, 3,3,5,5,11,71, 20616.14815
