Ashton_Kutcher, 1978-02-07, 2443547, 2443547, 179229, 3,59743, 705775.8269
Bill_Goldberg, 1966-12-27, 2439487, 2439487, 178953, 3,59651, 408627.3704
Bob_Dylan, 1941-05-24, 2430139, 2430139, 178335, 3,3,3,5,1321, 383274.3636
Charles_Bronson, 1921-11-03, 2422997, 2422997, 177864, 2,2,2,3,7411, 261214.6863
Gisele_Bündchen, 1980-07-20, 2444441, 2444441, 179298, 2,3,3,7,1423, 317453.6154
Haruki_Murakami, 1949-01-12, 2432929, 2432929, 178518, 2,3,29753, 270057.463
Jessica_Alba, 1981-04-28, 2444723, 2444723, 179316, 2,2,3,3,17,293, 513002.5672
Jimi_Hendrix, 1942-11-27, 2430691, 2430691, 178371, 3,3,19819, 475428.2892
John_Mayer, 1977-10-16, 2443433, 2443433, 179223, 3,11,5431, 505540.5143
Joseph_Gordon-Levitt, 1981-02-17, 2444653, 2444653, 179310, 2,3,5,43,139, 633562.8
Keira_Knightley, 1985-03-26, 2446151, 2446151, 179421, 3,11,5437, 429751.3333
Megan_Fox, 1986-05-16, 2446567, 2446567, 179445, 3,5,7,1709, 945945.3492
Mitt_Romney, 1947-03-12, 2432257, 2432257, 178476, 2,2,3,107,139, 315428.3803
Neil_Patrick_Harris, 1973-06-15, 2441849, 2441849, 179127, 3,3,13,1531, 834520.6341
Paris_Hilton, 1981-02-17, 2444653, 2444653, 179310, 2,3,5,43,139, 434445.1719
R._Kelly, 1967-01-08, 2439499, 2439499, 178956, 2,2,3,3,3,1657, 434800.5667
Rob_Zombie, 1965-01-12, 2438773, 2438773, 178908, 2,2,3,17,877, 375879.8276
Rosamund_Pike, 1979-01-27, 2443901, 2443901, 179256, 2,2,2,3,7,11,97, 285585.3103
Sandra_Bullock, 1964-07-26, 2438603, 2438603, 178899, 3,7,7,1217, 466678.2055
Thierry_Henry, 1977-08-17, 2443373, 2443373, 179217, 3,3,19913, 313923.6324
Til_Schweiger, 1963-12-19, 2438383, 2438383, 178881, 3,59627, 261590.0645
