Buster_Keaton, 1895-10-04, 2413471, 2413471, 177196, 2,2,31,1429, 103082.9455
Carl_Spitzweg, 1808-02-05, 2381453, 2381453, 175026, 2,3,31,941, 39091.69231
Charles_Hermite, 1822-12-24, 2386889, 2386889, 175398, 2,3,23,31,41, 12147.58621
Elena_Gheorghe, 1985-07-30, 2446277, 2446277, 179428, 2,2,31,1447, 20408.88889
Goodluck_Jonathan, 1957-11-20, 2436163, 2436163, 178746, 2,3,31,31,31, 47272.63636
Jack_Kirby, 1917-08-28, 2421469, 2421469, 177754, 2,31,47,61, 115857.8846
James_Watt, 1736-01-19, 2355139, 2355139, 173228, 2,2,11,31,127, 79824.57843
Jared_Diamond, 1937-09-10, 2428787, 2428787, 178250, 2,5,5,5,23,31, 66932.05714
Jean_Marais, 1913-12-11, 2420113, 2420113, 177661, 11,31,521, 54269.47059
John_Edwards_(producer), 1953-03-04, 2434441, 2434441, 178622, 2,31,43,67, 140393.2353
Jóhanna_Guðrún_Jónsdóttir, 1990-10-16, 2448181, 2448181, 179552, 2,2,2,2,2,31,181, 11027.2973
Kelly_Kelly, 1987-01-15, 2446811, 2446811, 179459, 7,31,827, 355629.7778
Mari_Kiviniemi, 1968-09-27, 2440127, 2440127, 178994, 2,31,2887, 10209.13333
Matthew_Arnold, 1822-12-24, 2386889, 2386889, 175398, 2,3,23,31,41, 39750.70968
Paul_Morphy, 1837-06-22, 2392183, 2392183, 175770, 2,3,3,3,3,5,7,31, 18401.89744
Richard_Sorge, 1895-10-04, 2413471, 2413471, 177196, 2,2,31,1429, 41042.78378
Stephen_Warnock, 1981-12-12, 2444951, 2444951, 179335, 5,13,31,89, 23678.83871
Sven-Göran_Eriksson, 1948-02-05, 2432587, 2432587, 178498, 2,31,2879, 81662.375
Tom_Wilkinson, 1948-02-05, 2432587, 2432587, 178498, 2,31,2879, 107554.1875
U_Thant, 1909-01-22, 2418329, 2418329, 177537, 3,23,31,83, 22276.44828
V._V._Giri, 1894-08-10, 2413051, 2413051, 177165, 3,3,5,31,127, 13537.10345
