Augusto_Pinochet, 1915-11-25, 2420827, 2420827, 177705, 3,3,5,11,359, 123154.7237
Cristian_Riveros, 1982-10-16, 2445259, 2445259, 179355, 3,5,11,1087, 19213.15385
Gherman_Titov, 1935-09-11, 2428057, 2428057, 178200, 2,2,2,3,3,3,3,5,5,11, 13282.11364
John_Mayer, 1977-10-16, 2443433, 2443433, 179223, 3,11,5431, 505540.5143
Joseph_L._Mankiewicz, 1909-02-11, 2418349, 2418349, 177540, 2,2,3,5,11,269, 23185.90909
Keira_Knightley, 1985-03-26, 2446151, 2446151, 179421, 3,11,5437, 429751.3333
Konstantinos_Stephanopoulos, 1926-08-15, 2424743, 2424743, 177969, 3,11,5393, 6399.941176
Odysseas_Elytis, 1911-11-02, 2419343, 2419343, 177606, 2,3,3,3,11,13,23, 26103.53846
Paavo_Nurmi, 1897-06-13, 2414089, 2414089, 177243, 3,11,41,131, 27156.22917
Riccardo_Giacconi, 1931-10-06, 2426621, 2426621, 178101, 3,3,7,11,257, 10916.88636
Roque_Santa_Cruz, 1981-08-16, 2444833, 2444833, 179322, 2,3,11,11,13,19, 102030.8889
Rosamund_Pike, 1979-01-27, 2443901, 2443901, 179256, 2,2,2,3,7,11,97, 285585.3103
William_Stanley_Jevons, 1835-09-01, 2391523, 2391523, 175725, 3,3,5,5,11,71, 20616.14815
