Anatole_France, 1844-04-16, 2394673, 2394673, 175932, 2,2,3,3,3,3,3,181, 31317.45714
António_Guterres, 1949-04-30, 2433037, 2433037, 178524, 2,2,3,3,3,3,19,29, 13717.18519
B._R._Ambedkar, 1891-04-14, 2411837, 2411837, 177084, 2,2,3,3,4919, 114563.6216
E._M._Forster, 1879-01-01, 2407351, 2407351, 176796, 2,2,3,3,3,1637, 50593.43902
Georges_Dumézil, 1898-03-04, 2414353, 2414353, 177264, 2,2,2,2,3,3,1231, 16236.59259
Gherman_Titov, 1935-09-11, 2428057, 2428057, 178200, 2,2,2,3,3,3,3,5,5,11, 13282.11364
Jessica_Alba, 1981-04-28, 2444723, 2444723, 179316, 2,2,3,3,17,293, 513002.5672
Lev_Vygotsky, 1896-11-19, 2413883, 2413883, 177228, 2,2,3,3,3,3,547, 160853.4773
Mstislav_Rostropovich, 1927-03-27, 2424967, 2424967, 177984, 2,2,2,2,2,2,3,3,3,103, 29027.28
R._Kelly, 1967-01-08, 2439499, 2439499, 178956, 2,2,3,3,3,1657, 434800.5667
Wilhelm_Canaris, 1887-01-01, 2410273, 2410273, 176976, 2,2,2,2,3,3,1229, 70050.54286
