António_Guterres, 1949-04-30, 2433037, 2433037, 178524, 2,2,3,3,3,3,19,29, 13717.18519
Barbara_Stanwyck, 1907-07-16, 2417773, 2417773, 177498, 2,3,3,3,19,173, 116965.5429
Carlos_Santana, 1947-07-20, 2432387, 2432387, 178486, 2,7,11,19,61, 248571.9412
Gerd_Binnig, 1947-07-20, 2432387, 2432387, 178486, 2,7,11,19,61, 10215.27778
Grant_Wood, 1891-02-13, 2411777, 2411777, 177080, 2,2,2,5,19,233, 41393.11538
Lena_Olin, 1955-03-22, 2435189, 2435189, 178676, 2,2,19,2351, 102281.2593
Peter_Medawar, 1915-02-28, 2420557, 2420557, 177688, 2,2,2,7,19,167, 11205.77143
Primo_Levi, 1919-07-31, 2422171, 2422171, 177802, 2,19,4679, 99273.81818
Roque_Santa_Cruz, 1981-08-16, 2444833, 2444833, 179322, 2,3,11,11,13,19, 102030.8889
Rómulo_Gallegos, 1884-08-02, 2409391, 2409391, 176928, 2,2,2,2,2,3,19,97, 72747.85714
Valdis_Zatlers, 1955-03-22, 2435189, 2435189, 178676, 2,2,19,2351, 9415.288889
Witold_Gombrowicz, 1904-08-04, 2416697, 2416697, 177422, 2,7,19,23,29, 41105.54839
