Allen_Iverson, 1975-06-07, 2442571, 2442571, 179168, 2,2,2,2,2,11,509, 335376.5641
Babe_Ruth, 1895-02-06, 2413231, 2413231, 177176, 2,2,2,22147, 344636.6111
Carl_Sagan, 1934-11-09, 2427751, 2427751, 178180, 2,2,5,59,151, 199644.4286
Charles_Barkley, 1963-02-20, 2438081, 2438081, 178864, 2,2,2,2,7,1597, 210539.0256
Charles_Bronson, 1921-11-03, 2422997, 2422997, 177864, 2,2,2,3,7411, 261214.6863
Cory_Monteith, 1982-05-11, 2445101, 2445101, 179344, 2,2,2,2,11,1019, 629062.2857
Farrah_Fawcett, 1947-02-02, 2432219, 2432219, 178472, 2,2,2,7,3187, 249691.6415
Frank_Abagnale, 1948-04-27, 2432669, 2432669, 178504, 2,2,2,53,421, 255323.5938
Fred_Durst, 1970-08-20, 2440819, 2440819, 179052, 2,2,3,43,347, 239138.3462
Jessica_Alba, 1981-04-28, 2444723, 2444723, 179316, 2,2,3,3,17,293, 513002.5672
Judi_Dench, 1934-12-09, 2427781, 2427781, 178184, 2,2,2,22273, 197975.3617
Mitt_Romney, 1947-03-12, 2432257, 2432257, 178476, 2,2,3,107,139, 315428.3803
Pamela_Anderson, 1967-07-01, 2439673, 2439673, 178964, 2,2,44741, 320536.2787
Pat_Morita, 1932-06-28, 2426887, 2426887, 178120, 2,2,2,5,61,73, 228295.5769
Pope_John_Paul_II, 1920-05-18, 2422463, 2422463, 177824, 2,2,2,2,2,5557, 348813.2364
R._Kelly, 1967-01-08, 2439499, 2439499, 178956, 2,2,3,3,3,1657, 434800.5667
Ralph_Lauren, 1939-10-14, 2429551, 2429551, 178300, 2,2,5,5,1783, 230834.2143
Rob_Zombie, 1965-01-12, 2438773, 2438773, 178908, 2,2,3,17,877, 375879.8276
Robbie_Coltrane, 1950-03-30, 2433371, 2433371, 178548, 2,2,3,14879, 201737.7241
Ronnie_James_Dio, 1942-07-10, 2430551, 2430551, 178360, 2,2,2,5,7,7,7,13, 297490
Rosamund_Pike, 1979-01-27, 2443901, 2443901, 179256, 2,2,2,3,7,11,97, 285585.3103
