Albert_II,_Prince_of_Monaco, 1958-03-14, 2436277, 2436277, 178751, 43,4157, 42862.6
Aleksandr_Anyukov, 1982-09-28, 2445241, 2445241, 179353, 43,43,97, 9503.864865
Fred_Durst, 1970-08-20, 2440819, 2440819, 179052, 2,2,3,43,347, 239138.3462
George_E._Smith, 1930-05-10, 2426107, 2426107, 178063, 41,43,101, 10519.34146
Jacobus_Arminius, 1560-10-10, 2291131, 2291131, 168904, 2,2,2,43,491, 15572.46154
John_Carmack, 1970-08-20, 2440819, 2440819, 179052, 2,2,3,43,347, 69517.36667
John_Edwards_(producer), 1953-03-04, 2434441, 2434441, 178622, 2,31,43,67, 140393.2353
Joseph_Gordon-Levitt, 1981-02-17, 2444653, 2444653, 179310, 2,3,5,43,139, 633562.8
Juan_Manuel_Santos, 1951-08-10, 2433869, 2433869, 178579, 43,4153, 49184.31111
Julius_Wagner-Jauregg, 1857-03-07, 2399381, 2399381, 176257, 43,4099, 8021.911765
Lionel_Barrymore, 1878-04-28, 2407103, 2407103, 176773, 43,4111, 60053.58621
Paris_Hilton, 1981-02-17, 2444653, 2444653, 179310, 2,3,5,43,139, 434445.1719
Pope_Clement_XI, 1649-07-23, 2323549, 2323549, 171097, 23,43,173, 14507.57895
Robert_Byrd, 1917-11-20, 2421553, 2421553, 177762, 2,3,13,43,53, 110810.931
