Albert_I_of_Belgium, 1875-04-08, 2405987, 2405987, 176704, 2,2,2,2,2,2,11,251, 36969.625
Allen_Iverson, 1975-06-07, 2442571, 2442571, 179168, 2,2,2,2,2,11,509, 335376.5641
Cory_Monteith, 1982-05-11, 2445101, 2445101, 179344, 2,2,2,2,11,1019, 629062.2857
Eliphas_Levi, 1810-02-08, 2382187, 2382187, 175076, 2,2,11,23,173, 41738.15385
Gherman_Titov, 1935-09-11, 2428057, 2428057, 178200, 2,2,2,3,3,3,3,5,5,11, 13282.11364
James_Watt, 1736-01-19, 2355139, 2355139, 173228, 2,2,11,31,127, 79824.57843
Johannes_Diderik_van_der_Waals, 1837-11-23, 2392337, 2392337, 175780, 2,2,5,11,17,47, 13856.96364
Joseph_L._Mankiewicz, 1909-02-11, 2418349, 2418349, 177540, 2,2,3,5,11,269, 23185.90909
Leopold_von_Sacher-Masoch, 1836-01-27, 2391671, 2391671, 175736, 2,2,2,11,1997, 39325.55882
Michael_Mann_(director), 1943-02-05, 2430761, 2430761, 178376, 2,2,2,11,2027, 36369.31034
Nevill_Francis_Mott, 1905-09-30, 2417119, 2417119, 177452, 2,2,11,37,109, 6819.625
Robert_Coleman_Richardson, 1937-06-26, 2428711, 2428711, 178244, 2,2,11,4051, 6478.341463
Rosamund_Pike, 1979-01-27, 2443901, 2443901, 179256, 2,2,2,3,7,11,97, 285585.3103
Warwick_Davis, 1970-02-03, 2440621, 2440621, 179036, 2,2,11,13,313, 175679.5758
