Augusto_Pinochet, 1915-11-25, 2420827, 2420827, 177705, 3,3,5,11,359, 123154.7237
Bob_Dylan, 1941-05-24, 2430139, 2430139, 178335, 3,3,3,5,1321, 383274.3636
Christian_Dior, 1905-01-21, 2416867, 2416867, 177435, 3,3,5,3943, 105656.8654
Ferdinand_I_of_Bulgaria, 1861-02-26, 2400833, 2400833, 176355, 3,3,5,3919, 23295.05556
Gherman_Titov, 1935-09-11, 2428057, 2428057, 178200, 2,2,2,3,3,3,3,5,5,11, 13282.11364
Harvey_Milk, 1930-05-22, 2426119, 2426119, 178065, 3,3,3,5,1319, 255690.4118
João_Bernardo_Vieira, 1939-04-27, 2429381, 2429381, 178290, 2,3,3,5,7,283, 13534.075
Kary_Mullis, 1944-12-28, 2431453, 2431453, 178425, 3,3,5,5,13,61, 29095.625
Nerva, 0030-11-08, 1732327, 1732327, 130365, 3,3,5,2897, 32870.48333
Norodom_Sihanouk, 1922-10-31, 2423359, 2423359, 177885, 3,3,5,59,67, 43843.59259
Paul_Morphy, 1837-06-22, 2392183, 2392183, 175770, 2,3,3,3,3,5,7,31, 18401.89744
Robert_Doisneau, 1912-04-14, 2419507, 2419507, 177615, 3,3,5,3947, 180956.1765
V._V._Giri, 1894-08-10, 2413051, 2413051, 177165, 3,3,5,31,127, 13537.10345
William_Stanley_Jevons, 1835-09-01, 2391523, 2391523, 175725, 3,3,5,5,11,71, 20616.14815
