Aaron_Klug, 1926-08-11, 2424739, 2424739, 177968, 2,2,2,2,7,7,227, 8982.384615
Akseli_Gallen-Kallela, 1865-04-26, 2402353, 2402353, 176449, 7,7,13,277, 23585.07407
David_Silva, 1986-01-08, 2446439, 2446439, 179438, 2,7,7,1831, 129365.5962
George_IV_of_the_United_Kingdom, 1762-08-12, 2364841, 2364841, 173901, 3,7,7,7,13,13, 91721.66071
John_Nance_Garner, 1868-11-22, 2403659, 2403659, 176547, 3,7,7,1201, 25381
Juan_Velasco_Alvarado, 1910-06-16, 2418839, 2418839, 177576, 2,2,2,3,7,7,151, 44711.51852
Karl_Renner, 1870-12-14, 2404411, 2404411, 176596, 2,2,7,7,17,53, 14666.64865
Raoul_Wallenberg, 1912-08-04, 2419619, 2419619, 177625, 5,5,5,7,7,29, 68870.40541
Ronnie_James_Dio, 1942-07-10, 2430551, 2430551, 178360, 2,2,2,5,7,7,7,13, 297490
Sandra_Bullock, 1964-07-26, 2438603, 2438603, 178899, 3,7,7,1217, 466678.2055
Tom_Cruise, 1962-07-03, 2437849, 2437849, 178850, 2,5,5,7,7,73, 591604.5732
