Bob_Dylan, 1941-05-24, 2430139, 2430139, 178335, 3,3,3,5,1321, 383274.3636
Carl_Sagan, 1934-11-09, 2427751, 2427751, 178180, 2,2,5,59,151, 199644.4286
Emily_Blunt, 1983-02-23, 2445389, 2445389, 179365, 5,29,1237, 428267.8684
Gregory_Peck, 1916-04-05, 2420959, 2420959, 177715, 5,35543, 147452.0167
Harvey_Milk, 1930-05-22, 2426119, 2426119, 178065, 3,3,3,5,1319, 255690.4118
Isaac_Newton, 1642-12-25, 2321147, 2321147, 170935, 5,17,2011, 313659.9424
Joseph_Gordon-Levitt, 1981-02-17, 2444653, 2444653, 179310, 2,3,5,43,139, 633562.8
Kim_Cattrall, 1956-08-21, 2435707, 2435707, 178710, 2,3,5,7,23,37, 253377.6286
Kirstie_Alley, 1951-01-12, 2433659, 2433659, 178565, 5,71,503, 267111.4828
Mary_Blair, 1911-10-21, 2419331, 2419331, 177605, 5,35521, 143812.5
Megan_Fox, 1986-05-16, 2446567, 2446567, 179445, 3,5,7,1709, 945945.3492
Paris_Hilton, 1981-02-17, 2444653, 2444653, 179310, 2,3,5,43,139, 434445.1719
Pat_Morita, 1932-06-28, 2426887, 2426887, 178120, 2,2,2,5,61,73, 228295.5769
Ralph_Lauren, 1939-10-14, 2429551, 2429551, 178300, 2,2,5,5,1783, 230834.2143
Robert_Doisneau, 1912-04-14, 2419507, 2419507, 177615, 3,3,5,3947, 180956.1765
Ronnie_James_Dio, 1942-07-10, 2430551, 2430551, 178360, 2,2,2,5,7,7,7,13, 297490
Rush_Limbaugh, 1951-01-12, 2433659, 2433659, 178565, 5,71,503, 231943.8889
Sharon_Tate, 1943-01-24, 2430749, 2430749, 178375, 5,5,5,1427, 405040.0333
Sophia_Loren, 1934-09-20, 2427701, 2427701, 178175, 5,5,7127, 204127.8429
Tom_Cruise, 1962-07-03, 2437849, 2437849, 178850, 2,5,5,7,7,73, 591604.5732
Warren_Buffett, 1930-08-30, 2426219, 2426219, 178070, 2,5,17807, 432397.3385
