Annette_Bening, 1958-05-29, 2436353, 2436353, 178755, 3,5,17,701, 133646.1
Ava_Gardner, 1922-12-24, 2423413, 2423413, 177888, 2,2,2,2,2,3,17,109, 150496.5385
Ernest_Borgnine, 1917-01-24, 2421253, 2421253, 177735, 3,5,17,17,41, 141962.0577
Federico_Macheda, 1991-08-22, 2448491, 2448491, 179571, 3,7,17,503, 99208.08824
Fergie_(singer), 1975-03-27, 2442499, 2442499, 179163, 3,3,17,1171, 186799.6444
Fouad_Mebazaa, 1933-06-15, 2427239, 2427239, 178143, 3,7,17,499, 13641.25
Frans_Eemil_Sillanpää, 1888-09-16, 2410897, 2410897, 177021, 3,3,13,17,89, 7487.781818
Giuseppe_Meazza, 1910-08-23, 2418907, 2418907, 177582, 2,3,17,1741, 53608.40541
Hal_Holbrook, 1925-02-17, 2424199, 2424199, 177939, 3,3,17,1163, 85811.3
Jessica_Alba, 1981-04-28, 2444723, 2444723, 179316, 2,2,3,3,17,293, 513002.5672
Lil_Jon, 1971-01-17, 2440969, 2440969, 179061, 3,17,3511, 211942.8966
Manuel_Almunia, 1977-05-19, 2443283, 2443283, 179214, 2,3,7,17,251, 53956.52273
Nicko_McBrain, 1952-06-05, 2434169, 2434169, 178602, 2,3,17,17,103, 78918.87097
Richard_Burns, 1971-01-17, 2440969, 2440969, 179061, 3,17,3511, 36973.14286
Rob_Zombie, 1965-01-12, 2438773, 2438773, 178908, 2,2,3,17,877, 375879.8276
