Anatole_France, 1844-04-16, 2394673, 2394673, 175932, 2,2,3,3,3,3,3,181, 31317.45714
António_Guterres, 1949-04-30, 2433037, 2433037, 178524, 2,2,3,3,3,3,19,29, 13717.18519
Barbara_Stanwyck, 1907-07-16, 2417773, 2417773, 177498, 2,3,3,3,19,173, 116965.5429
E._M._Forster, 1879-01-01, 2407351, 2407351, 176796, 2,2,3,3,3,1637, 50593.43902
Gherman_Titov, 1935-09-11, 2428057, 2428057, 178200, 2,2,2,3,3,3,3,5,5,11, 13282.11364
Jane_Fonda, 1937-12-21, 2428889, 2428889, 178254, 2,3,3,3,3301, 202965.0175
Lev_Vygotsky, 1896-11-19, 2413883, 2413883, 177228, 2,2,3,3,3,3,547, 160853.4773
Mstislav_Rostropovich, 1927-03-27, 2424967, 2424967, 177984, 2,2,2,2,2,2,3,3,3,103, 29027.28
Odysseas_Elytis, 1911-11-02, 2419343, 2419343, 177606, 2,3,3,3,11,13,23, 26103.53846
Paul_Morphy, 1837-06-22, 2392183, 2392183, 175770, 2,3,3,3,3,5,7,31, 18401.89744
R._Kelly, 1967-01-08, 2439499, 2439499, 178956, 2,2,3,3,3,1657, 434800.5667
Siméon_Denis_Poisson, 1781-06-21, 2371729, 2371729, 174366, 2,3,3,3,3229, 15310.4
Willem_Dafoe, 1955-07-22, 2435311, 2435311, 178686, 2,3,3,3,3,1103, 235547.3
