Aaron_Klug, 1926-08-11, 2424739, 2424739, 177968, 2,2,2,2,7,7,227, 8982.384615
Charles_Barkley, 1963-02-20, 2438081, 2438081, 178864, 2,2,2,2,7,1597, 210539.0256
Constantius_II, 0317-08-07, 1837061, 1837061, 137648, 2,2,2,2,7,1229, 23205.53846
Dido_(singer), 1971-12-25, 2441311, 2441311, 179088, 2,2,2,2,3,7,13,41, 30294.02222
Farrah_Fawcett, 1947-02-02, 2432219, 2432219, 178472, 2,2,2,7,3187, 249691.6415
Gerrit_Rietveld, 1888-06-24, 2410813, 2410813, 177016, 2,2,2,7,29,109, 48608
Juan_Velasco_Alvarado, 1910-06-16, 2418839, 2418839, 177576, 2,2,2,3,7,7,151, 44711.51852
Julie_Delpy, 1969-12-21, 2440577, 2440577, 179032, 2,2,2,7,23,139, 123955.9286
Peter_Medawar, 1915-02-28, 2420557, 2420557, 177688, 2,2,2,7,19,167, 11205.77143
Robert_Bresson, 1901-09-25, 2415653, 2415653, 177352, 2,2,2,7,3167, 46190.62963
Ronnie_James_Dio, 1942-07-10, 2430551, 2430551, 178360, 2,2,2,5,7,7,7,13, 297490
Rosamund_Pike, 1979-01-27, 2443901, 2443901, 179256, 2,2,2,3,7,11,97, 285585.3103
