Ava_Gardner, 1922-12-24, 2423413, 2423413, 177888, 2,2,2,2,2,3,17,109, 150496.5385
Bettino_Craxi, 1934-02-24, 2427493, 2427493, 178160, 2,2,2,2,5,17,131, 45254.38462
Bingu_wa_Mutharika, 1934-02-24, 2427493, 2427493, 178160, 2,2,2,2,5,17,131, 15358.47727
Blanka_Vlašić, 1983-11-08, 2445647, 2445647, 179384, 2,2,2,17,1319, 53491.28125
Hippolyte_Fizeau, 1819-09-23, 2385701, 2385701, 175304, 2,2,2,17,1289, 13363.42857
Jessica_Alba, 1981-04-28, 2444723, 2444723, 179316, 2,2,3,3,17,293, 513002.5672
Johannes_Diderik_van_der_Waals, 1837-11-23, 2392337, 2392337, 175780, 2,2,5,11,17,47, 13856.96364
Karl_Renner, 1870-12-14, 2404411, 2404411, 176596, 2,2,7,7,17,53, 14666.64865
Otto_Hahn, 1879-03-08, 2407417, 2407417, 176800, 2,2,2,2,2,5,5,13,17, 30377.71667
Pavel_Pogrebnyak, 1983-11-08, 2445647, 2445647, 179384, 2,2,2,17,1319, 37252.08571
Rob_Zombie, 1965-01-12, 2438773, 2438773, 178908, 2,2,3,17,877, 375879.8276
