Augusto_Pinochet, 1915-11-25, 2420827, 2420827, 177705, 3,3,5,11,359, 123154.7237
Bob_Dylan, 1941-05-24, 2430139, 2430139, 178335, 3,3,3,5,1321, 383274.3636
Evangeline_Lilly, 1979-08-03, 2444089, 2444089, 179271, 3,3,19919, 189669.5385
Fergie_(singer), 1975-03-27, 2442499, 2442499, 179163, 3,3,17,1171, 186799.6444
Gisele_Bündchen, 1980-07-20, 2444441, 2444441, 179298, 2,3,3,7,1423, 317453.6154
Harvey_Milk, 1930-05-22, 2426119, 2426119, 178065, 3,3,3,5,1319, 255690.4118
Jane_Fonda, 1937-12-21, 2428889, 2428889, 178254, 2,3,3,3,3301, 202965.0175
Jessica_Alba, 1981-04-28, 2444723, 2444723, 179316, 2,2,3,3,17,293, 513002.5672
Jimi_Hendrix, 1942-11-27, 2430691, 2430691, 178371, 3,3,19819, 475428.2892
Lev_Vygotsky, 1896-11-19, 2413883, 2413883, 177228, 2,2,3,3,3,3,547, 160853.4773
Martin_Luther_King,_Jr., 1929-01-15, 2425627, 2425627, 178029, 3,3,131,151, 248747.0086
Nancy_Reagan, 1921-07-06, 2422877, 2422877, 177858, 2,3,3,41,241, 148577.1892
Neil_Patrick_Harris, 1973-06-15, 2441849, 2441849, 179127, 3,3,13,1531, 834520.6341
Pixie_Lott, 1991-01-12, 2448269, 2448269, 179559, 3,3,71,281, 189931.7143
R._Kelly, 1967-01-08, 2439499, 2439499, 178956, 2,2,3,3,3,1657, 434800.5667
Robert_Doisneau, 1912-04-14, 2419507, 2419507, 177615, 3,3,5,3947, 180956.1765
Rosalind_Franklin, 1920-07-25, 2422531, 2422531, 177831, 3,3,19759, 183545.907
Tarja_Turunen, 1977-08-17, 2443373, 2443373, 179217, 3,3,19913, 155147.3182
Thierry_Henry, 1977-08-17, 2443373, 2443373, 179217, 3,3,19913, 313923.6324
Verne_Troyer, 1969-01-01, 2440223, 2440223, 179001, 3,3,19889, 140389.8667
Willem_Dafoe, 1955-07-22, 2435311, 2435311, 178686, 2,3,3,3,3,1103, 235547.3
