Afonso_II_of_Portugal, 1185-04-23, 2,2,2,19,37,383, 12430.96429
Bertil_Ohlin, 1899-04-23, 2,2,2,2,37,4079, 10251.46875
Carrie_Underwood, 1983-03-10, 2,2,13,31,37,41, 377294.7429
Ernesto_Zedillo, 1951-12-27, 2,2,2,3,37,2741, 51673.24138
Franklin_Pierce, 1804-11-23, 2,2,3,3,37,1787, 48260.7191
Ian_Thorpe, 1982-10-13, 2,2,2,11,37,751, 120937.4878
Jean_Racine, 1639-12-22, 2,2,2,2,37,3919, 65617.17241
Jennifer_Jones, 1919-03-02, 2,2,3,5,37,1091, 51117.575
John_McCarthy_(computer_scientist), 1927-09-04, 2,2,2,3,37,2731, 11950.45
Karl_Ziegler, 1898-11-26, 2,2,5,13,37,251, 7150.789474
Luciano_Pavarotti, 1935-10-12, 2,2,2,13,37,631, 123884.7949
Rafael_Alberti, 1902-12-16, 2,2,5,5,37,653, 64328.16667
Ralph_Nader, 1934-02-27, 2,2,2,37,59,139, 133519.2188
Roger_Guillemin, 1924-01-11, 2,2,3,37,53,103, 6075.53125
Ulysses_S._Grant, 1822-04-27, 2,2,2,11,37,733, 137247.9545
