Aaron_Eckhart, 1968-03-12, 2439928, 2,2,2,37,8243, 0, 0, 204075.0526
Alejandro_Amenábar, 1972-03-31, 2441408, 2,2,2,2,2,2,37,1031, 0, 0, 58675.96667
Alvar_Aalto, 1898-02-03, 2414324, 2,2,11,37,1483, 0, 0, 53048.45161
Carrie_Underwood, 1983-03-10, 2445404, 2,2,13,31,37,41, 0, 0, 377294.7429
Chris_Benoit, 1967-05-21, 2439632, 2,2,2,2,13,37,317, 0, 0, 274848.4146
Elizabeth_of_York, 1466-02-11, 2256556, 2,2,37,79,193, 0, 0, 86404.41176
Erich_Ludendorff, 1865-04-09, 2402336, 2,2,2,2,2,37,2029, 0, 0, 57164.22727
Ernesto_Zedillo, 1951-12-27, 2434008, 2,2,2,3,37,2741, 0, 0, 51673.24138
Ian_Thorpe, 1982-10-13, 2445256, 2,2,2,11,37,751, 0, 0, 120937.4878
Jean_Racine, 1639-12-22, 2320048, 2,2,2,2,37,3919, 0, 0, 65617.17241
Jim_Courier, 1970-08-17, 2440816, 2,2,2,2,7,19,31,37, 0, 0, 51740.05714
Joachim_Löw, 1960-02-03, 2436968, 2,2,2,37,8233, 0, 0, 102151.3023
Luciano_Pavarotti, 1935-10-12, 2428088, 2,2,2,13,37,631, 0, 0, 123884.7949
Lucrezia_Borgia, 1480-04-18, 2261736, 2,2,2,3,3,3,37,283, 0, 0, 226326.925
Miloš_Forman, 1932-02-18, 2426756, 2,2,19,37,863, 0, 0, 54411.30435
Patricia_Neal, 1926-01-20, 2424536, 2,2,2,37,8191, 0, 0, 61924.975
Preity_Zinta, 1975-01-31, 2442444, 2,2,3,37,5501, 0, 0, 197209.7619
Rafael_Alberti, 1902-12-16, 2416100, 2,2,5,5,37,653, 0, 0, 64328.16667
Ralph_Nader, 1934-02-27, 2427496, 2,2,2,37,59,139, 0, 0, 133519.2188
Talia_Shire, 1946-04-25, 2431936, 2,2,2,2,2,2,13,37,79, 0, 0, 208893.3571
Ulysses_S._Grant, 1822-04-27, 2386648, 2,2,2,11,37,733, 0, 0, 137247.9545
