Alicia_Silverstone, 1976-10-04, 2443056, 2,2,2,2,3,7,11,661, 0, 0, 265780.2703
Antonio_Machado, 1875-07-26, 2406096, 2,2,2,2,3,3,7,7,11,31, 0, 0, 140250.9032
Carl_Jung, 1875-07-26, 2406096, 2,2,2,2,3,3,7,7,11,31, 0, 0, 224846.8472
Emílio_Garrastazu_Médici, 1905-12-04, 2417184, 2,2,2,2,2,3,3,7,11,109, 0, 0, 32923.38462
Goran_Ivanišević, 1971-09-13, 2441208, 2,2,2,3,7,11,1321, 0, 0, 58302.22222
Mauro_Camoranesi, 1976-10-04, 2443056, 2,2,2,2,3,7,11,661, 0, 0, 73479.61538
Nani, 1986-11-17, 2446752, 2,2,2,2,2,3,7,11,331, 0, 0, 104851.4464
Pierre_Bayle, 1647-11-18, 2322936, 2,2,2,3,3,7,11,419, 0, 0, 19016.25
Tom_Hanks, 1956-07-09, 2435664, 2,2,2,2,3,7,11,659, 0, 0, 405936.5769
Viktor_Korchnoi, 1931-03-23, 2426424, 2,2,2,3,7,11,13,101, 0, 0, 16561.53333
Willem_Einthoven, 1860-05-21, 2400552, 2,2,2,3,3,7,11,433, 0, 0, 13841.83333
