Anna_Popplewell, 1988-12-16, 2447512, 2,2,2,31,71,139, 0, 0, 196293.9286
Antonio_Machado, 1875-07-26, 2406096, 2,2,2,2,3,3,7,7,11,31, 0, 0, 140250.9032
Bob_Hope, 1903-05-29, 2416264, 2,2,2,31,9743, 0, 0, 141220.3684
Cameron_Diaz, 1972-08-30, 2441560, 2,2,2,5,11,31,179, 0, 0, 442533.4559
Carl_Jung, 1875-07-26, 2406096, 2,2,2,2,3,3,7,7,11,31, 0, 0, 224846.8472
Carole_King, 1942-02-09, 2430400, 2,2,2,2,2,2,5,5,7,7,31, 0, 0, 184115.7037
George_Kennedy, 1925-02-18, 2424200, 2,2,2,5,5,17,23,31, 0, 0, 86832.03704
Hayden_Panettiere, 1989-08-21, 2447760, 2,2,2,2,3,5,7,31,47, 0, 0, 537846.0213
James_Cromwell, 1940-01-27, 2429656, 2,2,2,31,97,101, 0, 0, 172301.1538
Jared_Leto, 1971-12-26, 2441312, 2,2,2,2,2,23,31,107, 0, 0, 494313.6596
Jessica_Biel, 1982-03-03, 2445032, 2,2,2,31,9859, 0, 0, 439206.9804
Jonathan_dos_Santos, 1990-04-26, 2448008, 2,2,2,31,9871, 0, 0, 92428.46429
Katie_Leung, 1987-08-08, 2447016, 2,2,2,3,11,13,23,31, 0, 0, 82028.83871
Manuel_Castells, 1942-02-09, 2430400, 2,2,2,2,2,2,5,5,7,7,31, 0, 0, 58047.26923
Mats_Hummels, 1988-12-16, 2447512, 2,2,2,31,71,139, 0, 0, 101952.7714
Michael_Ballack, 1976-09-26, 2443048, 2,2,2,31,9851, 0, 0, 140899.1452
Nick_Cave, 1957-09-22, 2436104, 2,2,2,11,19,31,47, 0, 0, 181472.9737
Pavel_Nedvěd, 1972-08-30, 2441560, 2,2,2,5,11,31,179, 0, 0, 102004.7872
Regina_Spektor, 1980-02-18, 2444288, 2,2,2,2,2,2,2,2,2,2,7,11,31, 0, 0, 235701.1071
Sarah_Wayne_Callies, 1977-06-01, 2443296, 2,2,2,2,2,3,31,821, 0, 0, 179185.5128
Željko_Ražnatović, 1952-04-17, 2434120, 2,2,2,5,13,31,151, 0, 0, 66580.33333
