Amos_Oz, 1939-05-04, 2429388, 2,2,3,3,13,29,179, 0, 0, 38301.2973
Auguste_Piccard, 1884-01-28, 2409204, 2,2,3,7,23,29,43, 0, 0, 25905.83333
Charles_XIV_John_of_Sweden, 1763-01-26, 2365008, 2,2,2,2,3,29,1699, 0, 0, 37049.72
Christian_X_of_Denmark, 1870-09-26, 2404332, 2,2,3,3,7,7,29,47, 0, 0, 30199.13514
Daron_Malakian, 1975-07-18, 2442612, 2,2,3,29,7019, 0, 0, 155659.4324
David_Coverdale, 1951-09-22, 2433912, 2,2,2,3,13,29,269, 0, 0, 108785.5938
Hafez_al-Assad, 1930-10-06, 2426256, 2,2,2,2,3,3,7,29,83, 0, 0, 75907.44444
Jody_Williams, 1950-10-09, 2433564, 2,2,3,3,3,3,7,29,37, 0, 0, 16278.65625
John_Paul_Jones_(musician), 1946-01-03, 2431824, 2,2,2,2,3,29,1747, 0, 0, 36810.38462
Karl_May, 1842-02-25, 2393892, 2,2,3,3,29,2293, 0, 0, 72904.08333
Lisandro_López, 1983-03-02, 2445396, 2,2,3,29,7027, 0, 0, 83719.25
M.I.A._(rapper), 1975-07-18, 2442612, 2,2,3,29,7019, 0, 0, 89504.88889
Margrethe_II_of_Denmark, 1940-04-16, 2429736, 2,2,2,3,29,3491, 0, 0, 67910.67692
Nicolas_Léonard_Sadi_Carnot, 1796-06-01, 2377188, 2,2,3,3,3,3,11,23,29, 0, 0, 20451.72727
Samuel_Johnson, 1709-09-18, 2345520, 2,2,2,2,3,5,29,337, 0, 0, 84520.86364
Scatman_John, 1942-03-13, 2430432, 2,2,2,2,2,3,3,3,29,97, 0, 0, 150487.0645
Sergey_Brin, 1973-08-21, 2441916, 2,2,3,3,29,2339, 0, 0, 138490.322
Stanley_Milgram, 1933-08-15, 2427300, 2,2,3,3,3,5,5,29,31, 0, 0, 47217.96875
Wilhelm_Wundt, 1832-08-16, 2390412, 2,2,3,29,6869, 0, 0, 59776.09804
