Alexander_Radishchev, 1749-08-31, 2,2,2,2,3,49169, 7202.576923
Arne_Jacobsen, 1902-02-11, 2,2,2,2,3,50329, 44817.34615
Christina_Aguilera, 1980-12-18, 2,2,2,2,3,50929, 490432.5139
David_Cameron, 1966-10-09, 2,2,2,2,3,50821, 129780.3837
Emma_Stone, 1988-11-06, 2,2,2,2,3,50989, 934637.4474
Filippo_Inzaghi, 1973-08-09, 2,2,2,2,3,50873, 155846.9348
Glen_Johnson_(English_footballer), 1984-08-23, 2,2,2,2,3,50957, 11386.81395
Jerome_Isaac_Friedman, 1930-03-28, 2,2,2,2,3,50543, 8543.756098
Julian_Assange, 1971-07-03, 2,2,2,2,3,50857, 182914.8554
Leni_Riefenstahl, 1902-08-22, 2,2,2,2,3,50333, 75491.69492
Léon_Bourgeois, 1851-05-21, 2,2,2,2,3,49943, 8298.242424
Mahmoud_Abbas, 1935-03-26, 2,2,2,2,3,50581, 47877.86441
Max_von_Laue, 1879-10-09, 2,2,2,2,3,50159, 12429.78571
Phillip_Allen_Sharp, 1944-06-06, 2,2,2,2,3,50651, 7223.703704
Robert_Plant, 1948-08-20, 2,2,2,2,3,50683, 240030.1064
Stirling_Moss, 1929-09-17, 2,2,2,2,3,50539, 47965.16667
Traci_Lords, 1968-05-07, 2,2,2,2,3,50833, 426726.8889
Valentin_Serov, 1865-01-19, 2,2,2,2,3,50047, 13666.88462
