Akseli_Gallen-Kallela, 1865-04-26, 2,2,2,2,3,3,3,67,83
Alexei_Nikolaevich,_Tsarevich_of_Russia, 1904-08-12, 2,2,2,2,2,2,3,41,307
Amaury_Nolasco, 1970-12-24, 2,2,2,2,3,3,11,23,67
Barry_Gibb, 1946-09-01, 2,2,2,2,2,2,3,53,239
Charles_Greeley_Abbot, 1872-05-31, 2,2,2,2,3,3,3,19,293
Christina_Applegate, 1971-11-25, 2,2,2,2,2,2,3,5,2543
David_Wenham, 1965-09-21, 2,2,2,2,3,7,7,17,61
Ehud_Olmert, 1945-09-30, 2,2,2,2,3,3,3,13,433
Elbridge_Gerry, 1744-07-17, 2,2,2,2,2,3,5,17,289
Erica_Durance, 1978-06-21, 2,2,2,2,2,3,3,5,1697
Garret_Hobart, 1844-06-03, 2,2,2,2,2,3,3,5,1663
Geoff_Hurst, 1941-12-08, 2,2,2,2,2,2,2,3,6329
Hifikepunye_Pohamba, 1935-08-18, 2,2,2,2,2,2,2,3,6323
James_Callaghan, 1912-03-27, 2,2,2,2,2,3,3,31,271
Keanu_Reeves, 1964-09-02, 2,2,2,2,3,3,3,5,1129
Leo_Fender, 1909-08-10, 2,2,2,2,2,3,7,59,61
Léon_Degrelle, 1906-06-15, 2,2,2,2,2,3,13,13,149
Manmohan_Singh, 1932-09-26, 2,2,2,2,2,3,3,3,2809
Michael_Schumacher, 1969-01-03, 2,2,2,2,2,3,3,37,229
Miguel_Indurain, 1964-07-16, 2,2,2,2,2,2,3,13,977
Mike_Portnoy, 1967-04-20, 2,2,2,2,3,5,5,19,107
Mohammed_V_of_Morocco, 1909-08-10, 2,2,2,2,2,3,7,59,61
Nanni_Moretti, 1953-08-19, 2,2,2,2,3,3,11,29,53
Nelson_Mandela, 1918-07-18, 2,2,2,2,2,3,3,3,2803
Nino_Burjanadze, 1964-07-16, 2,2,2,2,2,2,3,13,977
Otto_von_Bismarck, 1815-04-01, 2,2,2,2,2,2,3,3,4139
Richard_Nixon, 1913-01-09, 2,2,2,2,2,2,3,3,4201
Roh_Moo-hyun, 1946-09-01, 2,2,2,2,2,2,3,53,239
Roque_Santa_Cruz, 1981-08-16, 2,2,2,2,2,3,3,13,653
Simon_Kuznets, 1901-04-30, 2,2,2,2,3,7,7,13,79
Stanisław_Lem, 1921-09-12, 2,2,2,2,2,3,3,47,179
Timo_Hildebrand, 1979-04-05, 2,2,2,2,2,2,3,3,4243
Torsten_Frings, 1976-11-22, 2,2,2,2,2,3,3,17,499
Toto_Cutugno, 1943-07-07, 2,2,2,2,2,2,3,11,1151
Ville_Valo, 1976-11-22, 2,2,2,2,2,3,3,17,499
