Brad_Renfro, 1982-07-25, 2445176, 2,2,2,23,97,137, 0, 0, 226666.0385
Danny_Glover, 1946-07-22, 2432024, 2,2,2,7,137,317, 0, 0, 163196.7632
Edmund_Hillary, 1919-07-20, 2422160, 2,2,2,2,5,13,17,137, 0, 0, 53212.875
Frantz_Fanon, 1925-07-20, 2424352, 2,2,2,2,2,7,79,137, 0, 0, 55098.13158
Gustav_Klimt, 1862-07-14, 2401336, 2,2,2,7,137,313, 0, 0, 211676.4571
Jacques_Delors, 1925-07-20, 2424352, 2,2,2,2,2,7,79,137, 0, 0, 40918.65625
Joseph_Joffre, 1852-01-12, 2397500, 2,2,5,5,5,5,7,137, 0, 0, 22736.94444
Lasse_Virén, 1949-07-22, 2433120, 2,2,2,2,2,3,5,37,137, 0, 0, 17062.75
Luis_Suárez, 1987-01-24, 2446820, 2,2,5,19,47,137, 0, 0, 138751.72
Martin_Gore, 1961-07-23, 2437504, 2,2,2,2,2,2,2,137,139, 0, 0, 79302.13793
Mireille_Mathieu, 1946-07-22, 2432024, 2,2,2,7,137,317, 0, 0, 79249.4
Santiago_Carrillo, 1915-01-18, 2420516, 2,2,7,137,631, 0, 0, 41976.84615
Stamford_Raffles, 1781-07-06, 2371744, 2,2,2,2,2,137,541, 0, 0, 26594.41176
Wilhelm_Wien, 1864-01-13, 2401884, 2,2,3,3,137,487, 0, 0, 10357.66038
Woody_Harrelson, 1961-07-23, 2437504, 2,2,2,2,2,2,2,137,139, 0, 0, 333259.2432
Yoichiro_Nambu, 1921-01-18, 2422708, 2,2,137,4421, 0, 0, 32845.41463
