Bernie_Ecclestone, 1930-10-28, 2426278, 2,157,7727, 0, 0, 142750.6389
Bixente_Lizarazu, 1969-12-09, 2440565, 5,157,3109, 0, 0, 88764.84375
Carlos_Bocanegra, 1979-05-25, 2444019, 3,157,5189, 0, 0, 60721.57143
Dmitri_Mendeleev, 1834-02-08, 2390953, 97,157,157, 0, 0, 75930.7156
Doda_(singer), 1984-02-15, 2445746, 2,157,7789, 0, 0, 59543.35135
Garret_Hobart, 1844-06-03, 2394721, 7,157,2179, 0, 0, 12811.66667
Gaston_Thorn, 1928-09-03, 2425493, 7,157,2207, 0, 0, 7931.172414
Giovanni_van_Bronckhorst, 1975-02-05, 2442449, 47,157,331, 0, 0, 51154.21739
Hans-Rudolf_Merz, 1942-11-10, 2430674, 2,157,7741, 0, 0, 14863.33333
Imre_Nagy, 1896-06-07, 2413718, 2,157,7687, 0, 0, 30727.97778
Kathleen_Turner, 1954-06-19, 2434913, 13,157,1193, 0, 0, 158538.8438
Kelly_Rowland, 1981-02-11, 2444647, 23,157,677, 0, 0, 271999.1
Kurt_Gödel, 1906-04-28, 2417329, 89,157,173, 0, 0, 46342.76389
Robert_F._Engle, 1942-11-10, 2430674, 2,157,7741, 0, 0, 10279.24138
Robert_S._Mulliken, 1896-06-07, 2413718, 2,157,7687, 0, 0, 7110.6
Teodoro_Obiang_Nguema_Mbasogo, 1942-06-06, 2430517, 113,137,157, 0, 0, 33200.28947
William_Howard_Stein, 1911-06-25, 2419213, 19,157,811, 0, 0, 5310.558824
