Alan_Lloyd_Hodgkin, 1914-02-05, 2420169, 3,43,73,257, 0, 0, 7885.756757
Anatoly_Karpov, 1951-05-23, 2433790, 2,5,257,947, 0, 0, 31800.29091
Antonis_Samaras, 1951-05-23, 2433790, 2,5,257,947, 0, 0, 24675.34211
Arthur_Schopenhauer, 1788-02-22, 2374166, 2,31,149,257, 0, 0, 147123.7975
Fabrizio_De_André, 1940-02-18, 2429678, 2,29,163,257, 0, 0, 153813.9615
Macky_Sall, 1961-12-11, 2437645, 5,7,257,271, 0, 0, 12747.75676
Pope_Pius_IX, 1792-05-13, 2375708, 2,2,257,2311, 0, 0, 59075.28788
Rosa_Luxemburg, 1871-03-05, 2404492, 2,2,257,2339, 0, 0, 59227.36082
Umberto_Giordano, 1867-08-28, 2403207, 3,3,257,1039, 0, 0, 13702.89286
William_S._Burroughs, 1914-02-05, 2420169, 3,43,73,257, 0, 0, 150601.525
