Alexander_Frei, 1979-07-15, 2444070, 2,3,5,257,317, 0, 0, 40208.28947
Anatoly_Karpov, 1951-05-23, 2433790, 2,5,257,947, 0, 0, 31800.29091
Annibale_Carracci, 1560-11-03, 2291155, 5,257,1783, 0, 0, 33822.9375
Antoni_Tàpies, 1923-12-13, 2423767, 257,9431, 0, 0, 39932.2069
Arthur_Schopenhauer, 1788-02-22, 2374166, 2,31,149,257, 0, 0, 147123.7975
Catherine_of_Valois, 1401-10-27, 2233073, 257,8689, 0, 0, 30958.33333
Chad_Michael_Murray, 1981-08-24, 2444841, 3,3,7,151,257, 0, 0, 362300.8611
Claire_Forlani, 1972-07-01, 2441500, 2,2,5,5,5,19,257, 0, 0, 215274.8621
Edward_II_of_England, 1284-04-25, 2190154, 2,257,4261, 0, 0, 105433.4423
Fabrizio_De_André, 1940-02-18, 2429678, 2,29,163,257, 0, 0, 153813.9615
Hermann_Ebbinghaus, 1850-01-24, 2396782, 2,257,4663, 0, 0, 37117.62963
John_Ruskin, 1819-02-08, 2385474, 2,3,7,13,17,257, 0, 0, 73597.11111
Joss_Stone, 1987-04-11, 2446897, 257,9521, 0, 0, 275088.2692
Kevin_Rudd, 1957-09-21, 2436103, 257,9479, 0, 0, 54698.89855
Leopold_I_of_Belgium, 1790-12-16, 2375194, 2,257,4621, 0, 0, 36191.05882
Naomi_Campbell, 1970-05-22, 2440729, 257,9497, 0, 0, 220815.0889
Nawaz_Sharif, 1949-12-25, 2433276, 2,2,3,3,257,263, 0, 0, 54492.41667
Pope_Pius_IX, 1792-05-13, 2375708, 2,2,257,2311, 0, 0, 59075.28788
Rosa_Luxemburg, 1871-03-05, 2404492, 2,2,257,2339, 0, 0, 59227.36082
Sissy_Spacek, 1949-12-25, 2433276, 2,2,3,3,257,263, 0, 0, 117780.9744
William_S._Burroughs, 1914-02-05, 2420169, 3,43,73,257, 0, 0, 150601.525
