Agnieszka_Radwańska, 1989-03-06, 2447592, 2,2,2,3,7,17,857, 0, 0, 88787.22222
Alexander_Herzen, 1812-04-06, 2382975, 3,3,5,5,7,17,89, 0, 0, 13161.75676
Andoni_Zubizarreta, 1961-10-23, 2437596, 2,2,3,3,7,17,569, 0, 0, 46454.70588
Barry_Levinson, 1942-04-06, 2430456, 2,2,2,3,7,17,23,37, 0, 0, 47865.37037
Christian_Slater, 1969-08-18, 2440452, 2,2,3,7,17,1709, 0, 0, 228277.9394
Călin_Popescu-Tăriceanu, 1952-01-14, 2434026, 2,3,7,7,17,487, 0, 0, 8978.363636
Eckhart_Tolle, 1948-02-16, 2432598, 2,3,7,17,3407, 0, 0, 151654.2222
Edward_James_Olmos, 1947-02-24, 2432241, 3,3,3,7,17,757, 0, 0, 142510.6364
Edward_Norton, 1969-08-18, 2440452, 2,2,3,7,17,1709, 0, 0, 359733.8596
Eric_Idle, 1943-03-29, 2430813, 3,7,11,17,619, 0, 0, 114131.2941
George_Berkeley, 1685-03-12, 2336565, 3,5,7,7,11,17,17, 0, 0, 45852.2459
Janeane_Garofalo, 1964-09-28, 2438667, 3,3,3,3,7,11,17,23, 0, 0, 156328.2222
John_Major, 1943-03-29, 2430813, 3,7,11,17,619, 0, 0, 65019.74576
John_Ruskin, 1819-02-08, 2385474, 2,3,7,13,17,257, 0, 0, 73597.11111
Ralf_Schumacher, 1975-06-30, 2442594, 2,3,7,11,17,311, 0, 0, 58244.29268
Richard_Clayderman, 1953-12-28, 2434740, 2,2,3,5,7,11,17,31, 0, 0, 82192.22581
Rudolph_Valentino, 1895-05-06, 2413320, 2,2,2,3,5,7,13,13,17, 0, 0, 103537.025
Sasha_Grey, 1988-03-14, 2447235, 3,3,5,7,17,457, 0, 0, 1061929.568
Stan_Laurel, 1890-06-16, 2411535, 3,5,7,7,17,193, 0, 0, 119604.7576
Théodore_Géricault, 1791-09-26, 2375478, 2,3,3,7,17,1109, 0, 0, 49257.25581
Vangelis, 1943-03-29, 2430813, 3,7,11,17,619, 0, 0, 135301.5217
