Adolfo_Bioy_Casares, 1914-09-15, 2420391, 3,19,42463, 0, 0, 38041.11111
André_Le_Nôtre, 1613-03-12, 2310267, 3,19,40531, 0, 0, 33970.83871
Anna_Lindh, 1957-06-19, 2436009, 3,19,42737, 0, 0, 34220.03226
Artturi_Ilmari_Virtanen, 1895-01-15, 2413209, 3,19,42337, 0, 0, 8613.722222
Edward_Hopper, 1882-07-22, 2408649, 3,19,42257, 0, 0, 177118.4118
Erich_Maria_Remarque, 1898-06-22, 2414463, 3,19,42359, 0, 0, 53740.57353
Gilberto_Gil, 1942-06-26, 2430537, 3,19,42641, 0, 0, 56242.0625
Joseph_Louis_Gay-Lussac, 1778-12-06, 2370801, 3,19,41593, 0, 0, 32183.59184
Marie_François_Sadi_Carnot, 1837-08-11, 2392233, 3,19,41969, 0, 0, 10936.11429
Mario_Götze, 1992-06-03, 2448777, 3,19,42961, 0, 0, 184353.0244
Maurice_Gibb, 1949-12-22, 2433273, 3,19,42689, 0, 0, 185795.8889
Robert_Gates, 1943-09-25, 2430993, 3,19,42649, 0, 0, 83464.05405
Robin_Gibb, 1949-12-22, 2433273, 3,19,42689, 0, 0, 160129.625
Rudolf_Diesel, 1858-03-18, 2399757, 3,19,42101, 0, 0, 45503.75758
Tom_Cleverley, 1989-08-12, 2447751, 3,19,42943, 0, 0, 71474.15625
