Amy_Adams, 1974-08-20, 3,7,19,6121, 400438.8085
Billy_Joel, 1949-05-09, 3,5,19,8537, 301556.5135
Bob_Dylan, 1941-05-24, 2,3,19,21317, 383274.3636
Charlene,_Princess_of_Monaco, 1978-01-25, 3,19,163,263, 30037.0303
Charles_Taze_Russell, 1852-02-16, 2,3,19,21031, 72477.67857
Colin_Greenwood, 1969-06-26, 2,3,19,21407, 42447.44444
Diego_Benaglio, 1983-09-08, 3,5,19,8581, 25972.70968
George_Lazenby, 1939-09-05, 3,7,19,6089, 164272.4444
Harold_Urey, 1893-04-29, 2,3,19,21163, 10256.34043
Joachim_Murat, 1767-03-25, 2,3,19,20759, 48703.18605
John_C._Calhoun, 1782-03-18, 2,3,19,20807, 84858.82857
Jordan_Rudess, 1956-11-04, 3,19,151,283, 56756.59259
Kwame_Nkrumah, 1909-09-18, 3,19,151,281, 25254.96512
Maurice_Sendak, 1928-06-10, 3,17,19,2503, 245024.2333
Nikolai_Andrianov, 1952-10-14, 3,7,19,6101, 12399.5
Peter_Fonda, 1940-02-23, 2,3,19,21313, 142183.3333
Rauf_Denktaş, 1924-01-27, 3,13,19,3271, 12813.15385
Robert_Kubica, 1984-12-07, 3,13,19,3301, 72155.65385
Ted_Hughes, 1930-08-17, 3,5,19,8513, 76461.87097
Thomas_Vermaelen, 1985-11-14, 3,19,167,257, 68454
