Charles_Albert_of_Sardinia, 1798-10-02, 2,2,2,3,5,7,19,149, 28819.40741
Flórián_Albert, 1941-09-15, 2,2,3,3,11,17,19,19, 14045.75
Ivo_Karlović, 1979-02-28, 2,2,3,3,3,3,19,397, 38198.14286
Makarios_III, 1913-08-13, 2,2,2,3,3,19,29,61, 20137.35294
Oliver_Smithies, 1925-06-23, 2,2,3,7,7,7,19,31, 9019.794118
Pope_Gregory_XV, 1554-01-09, 2,2,2,3,3,7,19,239, 12691.72727
Richard_Gere, 1949-08-31, 3,3,3,3,3,17,19,31, 308734.8704
Sébastien_Bourdais, 1979-02-28, 2,2,3,3,3,3,19,397, 26012.89189
Viktor_Zubkov, 1941-09-15, 2,2,3,3,11,17,19,19, 14881.5
Vilfredo_Pareto, 1848-07-15, 3,3,3,3,3,3,19,173, 45544
Yitzhak_Ben-Zvi, 1884-11-24, 2,2,2,2,2,3,19,1321, 12284.68966
