Alexis_de_Tocqueville, 1805-07-29, 2,2,7,11,59,131, 94980.58696
Andy_Roddick, 1982-08-30, 2,2,7,11,17,467, 164783
Billy_Joel, 1949-05-09, 2,7,7,11,37,61, 301556.5135
Enrico_Berlinguer, 1922-05-15, 2,3,5,7,11,1049, 252491.1852
Fabio_Quagliarella, 1983-01-31, 2,3,7,11,67,79, 78678.25
George_Habash, 1926-08-02, 2,5,7,11,47,67, 22428.07143
John_Cale, 1942-03-09, 2,2,7,11,13,607, 71608.2973
Josef_Albers, 1888-03-19, 2,2,3,7,11,2609, 43066.96154
Keke_Rosberg, 1948-12-06, 2,2,3,7,11,2633, 51518.06452
Mihai_Ghimpu, 1951-11-19, 2,5,7,11,29,109, 8293
Ralf_Schumacher, 1975-06-30, 2,3,7,11,17,311, 58244.29268
Robert_Koch, 1843-12-11, 2,3,7,11,71,73, 56331.39506
Shannen_Doherty, 1971-04-12, 2,7,11,11,11,131, 305461.5143
William_H._Macy, 1950-03-13, 2,3,7,11,23,229, 161777.1
