Akira_Toriyama, 1955-04-05, 2,3,3,7,7,11,251, 298591.871
Alyssa_Milano, 1972-12-19, 2,3,5,7,7,11,151, 391663.175
André_Citroën, 1878-02-05, 2,2,3,5,7,11,521, 24604.67742
Carlos_Filipe_Ximenes_Belo, 1948-02-03, 2,2,2,7,11,11,359, 9715.472222
Charles_Fourier, 1772-04-07, 2,7,7,11,13,13,13, 47063.35714
Dean_Acheson, 1893-04-11, 2,2,3,7,7,11,373, 30438.22222
Dirk_Kuyt, 1980-07-22, 2,3,7,11,11,13,37, 106860.8511
Henning_Mankell, 1948-02-03, 2,2,2,7,11,11,359, 91384.29412
Ivan_VI_of_Russia, 1740-08-23, 2,2,2,2,7,11,1913, 32371.26667
Johnny_Hallyday, 1943-06-15, 2,5,7,7,11,11,41, 158154.5405
Kate_Ryan, 1980-07-22, 2,3,7,11,11,13,37, 63870.28205
Pat_Morita, 1932-06-28, 2,3,3,7,11,17,103, 228295.5769
Patti_Page, 1927-11-08, 2,2,2,7,11,31,127, 43562.20588
Poul_Nyrup_Rasmussen, 1943-06-15, 2,5,7,7,11,11,41, 15207.57692
Sotiris_Ninis, 1990-04-03, 2,2,2,2,7,11,1987, 39070.53846
Tom_Felton, 1987-09-22, 2,2,5,7,7,11,227, 313715.5
Yohan_Cabaye, 1986-01-14, 2,2,7,11,13,13,47, 59900.06667
Zdravko_Kuzmanović, 1987-09-22, 2,2,5,7,7,11,227, 43871.40741
