Alicia_Silverstone, 1976-10-04, 2443056, 2,2,2,2,3,7,11,661, 0, 0, 265780.2703
Andy_Roddick, 1982-08-30, 2445212, 2,2,7,11,17,467, 0, 0, 164783
Antonio_Machado, 1875-07-26, 2406096, 2,2,2,2,3,3,7,7,11,31, 0, 0, 140250.9032
Benny_Hill, 1924-01-21, 2423806, 2,7,11,15739, 0, 0, 119168.3
Billy_Joel, 1949-05-09, 2433046, 2,7,7,11,37,61, 0, 0, 301556.5135
Carl_Jung, 1875-07-26, 2406096, 2,2,2,2,3,3,7,7,11,31, 0, 0, 224846.8472
Chris_Jericho, 1970-11-09, 2440900, 2,2,5,5,7,11,317, 0, 0, 424251.5
Enrico_Berlinguer, 1922-05-15, 2423190, 2,3,5,7,11,1049, 0, 0, 252491.1852
Fernando_Muslera, 1986-06-16, 2446598, 2,7,11,15887, 0, 0, 122150.5143
Flo_Rida, 1979-09-17, 2444134, 2,7,11,59,269, 0, 0, 356150.0541
Gabrielle_Giffords, 1970-06-08, 2440746, 2,3,3,3,7,11,587, 0, 0, 131759.1892
Gennaro_Gattuso, 1978-01-09, 2443518, 2,3,3,7,11,41,43, 0, 0, 116553.5
Ichiro_Suzuki, 1973-10-22, 2441978, 2,7,11,101,157, 0, 0, 296709.6
Josh_Hutcherson, 1992-10-12, 2448908, 2,2,7,11,7951, 0, 0, 583363.4412
Madeleine_Stowe, 1958-08-18, 2436434, 2,7,11,13,1217, 0, 0, 163111
Nani, 1986-11-17, 2446752, 2,2,2,2,2,3,7,11,331, 0, 0, 104851.4464
Regina_Spektor, 1980-02-18, 2444288, 2,2,2,2,2,2,2,2,2,2,7,11,31, 0, 0, 235701.1071
Shannen_Doherty, 1971-04-12, 2441054, 2,7,11,11,11,131, 0, 0, 305461.5143
Tom_Hanks, 1956-07-09, 2435664, 2,2,2,2,3,7,11,659, 0, 0, 405936.5769
Trent_Reznor, 1965-05-17, 2438898, 2,3,7,11,5279, 0, 0, 224082.3871
William_H._Macy, 1950-03-13, 2433354, 2,3,7,11,23,229, 0, 0, 161777.1
