Alfred_Radcliffe-Brown, 1881-01-17, 2408098, 2,7,11,19,823, 0, 0, 17455.88889
Andrés_Palop, 1973-10-22, 2441978, 2,7,11,101,157, 0, 0, 24992.93333
Daniel_Kahneman, 1934-03-05, 2427502, 2,7,11,11,1433, 0, 0, 55580.52778
Ferid_Murad, 1936-09-14, 2428426, 2,7,11,13,1213, 0, 0, 11925.24138
Flo_Rida, 1979-09-17, 2444134, 2,7,11,59,269, 0, 0, 356150.0541
Ichiro_Suzuki, 1973-10-22, 2441978, 2,7,11,101,157, 0, 0, 296709.6
Jaap_Stam, 1972-07-17, 2441516, 2,2,7,11,7927, 0, 0, 73204.73529
John_I_of_France, 1316-11-15, 2202046, 2,7,11,79,181, 0, 0, 14652.06977
Josh_Hutcherson, 1992-10-12, 2448908, 2,2,7,11,7951, 0, 0, 583363.4412
Luigi_Galvani, 1737-09-09, 2355738, 2,3,7,11,5099, 0, 0, 44220.95745
Madeleine_Stowe, 1958-08-18, 2436434, 2,7,11,13,1217, 0, 0, 163111
Roberto_Donadoni, 1963-09-09, 2438282, 2,7,11,71,223, 0, 0, 49401.35714
Trent_Reznor, 1965-05-17, 2438898, 2,3,7,11,5279, 0, 0, 224082.3871
Werner_Forssmann, 1904-08-29, 2416722, 2,3,7,11,5231, 0, 0, 10981.75
