Alcide_De_Gasperi, 1881-04-03, 2408174, 2,19,127,499, 0, 0, 34880.21951
Anne_Rice, 1941-10-04, 2430272, 2,2,2,2,2,2,13,23,127, 0, 0, 139508
Carl_von_Clausewitz, 1780-06-01, 2371344, 2,2,2,2,3,127,389, 0, 0, 70128.02128
Chris_Evert, 1954-12-21, 2435098, 2,127,9587, 0, 0, 87199.82609
Christian_III_of_Denmark, 1503-08-12, 2270252, 2,2,41,109,127, 0, 0, 15773.03571
Edward,_the_Black_Prince, 1330-06-15, 2207006, 2,127,8689, 0, 0, 29036.5122
Frank_McCourt, 1930-08-19, 2426208, 2,2,2,2,2,3,127,199, 0, 0, 65707.65625
Frederick_William_I_of_Prussia, 1688-08-14, 2337816, 2,2,2,3,13,59,127, 0, 0, 32930.53659
Jane_Lynch, 1960-07-14, 2437130, 2,5,19,101,127, 0, 0, 388854.2414
Jet_Li, 1963-04-26, 2438146, 2,29,127,331, 0, 0, 420854.8333
Kyle_MacLachlan, 1959-02-22, 2436622, 2,53,127,181, 0, 0, 141768.6176
Leo_Baekeland, 1863-11-14, 2401824, 2,2,2,2,2,3,127,197, 0, 0, 16239.25806
Marc_Chagall, 1887-07-07, 2410460, 2,2,5,13,73,127, 0, 0, 163803.3559
Morgan_Tsvangirai, 1952-03-10, 2434082, 2,7,37,37,127, 0, 0, 26147.97778
Pat_Cash, 1965-05-27, 2438908, 2,2,127,4801, 0, 0, 32640.61538
Paul_Celan, 1920-11-23, 2422652, 2,2,19,127,251, 0, 0, 42914.13514
Pope_Paul_IV, 1476-06-28, 2260346, 2,11,127,809, 0, 0, 16652.22222
Robert_Fico, 1964-09-15, 2438654, 2,127,9601, 0, 0, 17744.57895
Sam_Shepard, 1943-11-05, 2431034, 2,17,127,563, 0, 0, 136055.8966
Władysław_Reymont, 1867-05-07, 2403094, 2,127,9461, 0, 0, 22567.63793
İsmet_İnönü, 1884-09-24, 2409444, 2,2,3,3,17,31,127, 0, 0, 51190.11364
