Carlos_Alberto_Torres, 1944-07-17, 2,2,2,127,2393, 38887.66667
Dan_Shechtman, 1941-01-24, 2,3,3,127,1063, 12917.56818
Douglas_Adams, 1952-03-11, 2,7,37,37,127, 204047.7895
Harrison_Schmitt, 1935-07-03, 2,11,11,79,127, 30183.27586
Jorge_Larrionda, 1968-03-09, 2,2,3,127,1601, 8674.192308
Mary_I_of_England, 1516-02-18, 2,2,2,127,2239, 280028.0328
Neil_Diamond, 1941-01-24, 2,3,3,127,1063, 236475.7586
Peter_II_of_Yugoslavia, 1923-09-06, 2,2,13,127,367, 28452.125
Ricardo_Martinelli, 1952-03-11, 2,7,37,37,127, 21014.73529
Władysław_IV_Vasa, 1595-06-09, 2,2,5,127,907, 36045.18421
Youri_Djorkaeff, 1968-03-09, 2,2,3,127,1601, 58190.9375
