Jeanne_Moreau, 1928-01-23, 2,2,227,2671, 77665.13514
Margaret_Mead, 1901-12-16, 2,17,227,313, 64016.8
Michael_Keaton, 1951-09-05, 2,3,227,1787, 242593.875
Nikolai_Fyodorovich_Vatutin, 1901-12-16, 2,17,227,313, 10568.92308
Oliver_Stone, 1946-09-15, 2,11,227,487, 182876.0889
Paul_Breitner, 1951-09-05, 2,3,227,1787, 39699.02632
Quentin_Bryce, 1942-12-23, 2,2,227,2677, 38945.11538
Ron_Howard, 1954-03-01, 2,31,173,227, 216547.2093
Tommy_Lee_Jones, 1946-09-15, 2,11,227,487, 267926.04
Tyson_Chandler, 1982-10-02, 2,2,227,2693, 101392.1154
Virginia_Woolf, 1882-01-25, 2,5,227,1061, 162005.0676
Václav_Havel, 1936-10-05, 2,3,227,1783, 53379.43373
