Ajay_Devgan, 1969-04-02, 2,3,3,3,45191, 142721.8148
Bjørnstjerne_Bjørnson, 1832-12-08, 2,3,3,3,44269, 18709.12308
Galileo_Galilei, 1564-02-15, 2,3,3,3,42451, 330508.8973
Harry_Harrison_(writer), 1925-03-12, 2,3,3,3,44893, 36793.46667
Kevin_Michael_Richardson, 1964-10-25, 2,3,3,3,45161, 63498.61765
Leo_Esaki, 1925-03-12, 2,3,3,3,44893, 21080.08889
Leopold_I,_Holy_Roman_Emperor, 1640-06-09, 2,3,3,3,42967, 16281.6087
Michael_Cimino, 1939-02-03, 2,3,3,3,44987, 60626.76923
Paul_Wesley, 1982-07-23, 2,3,3,3,45281, 408123.129
Petar_Stoyanov, 1952-05-25, 2,3,3,3,45077, 8450.653846
Yelena_Bonner, 1923-02-15, 2,3,3,3,44879, 8643.62963
Zoltán_Gera, 1979-04-22, 2,3,3,3,45259, 21059.77778
