Alan_Parker, 1944-02-14, 2,3,3,3,3,43,349, 54429.5
Anna_Freud, 1895-12-03, 2,3,3,3,5,7,1277, 55279.75758
Ariel_Sharon, 1928-02-26, 2,3,3,3,3,11,1361, 132964.6923
Ava_Gardner, 1922-12-24, 2,2,3,3,3,19,1181, 150496.5385
Ayn_Rand, 1905-02-02, 2,3,3,3,3,3,4973, 258331.2364
Billy_Zane, 1966-02-24, 2,2,3,3,3,5,4517, 186424.9722
Connie_Francis, 1938-12-12, 2,2,3,3,3,83,271, 105616.1481
Eduardo_da_Silva, 1983-02-25, 2,3,3,3,3,5,3019, 92684.13636
Emma_Bunton, 1976-01-21, 2,3,3,3,3,17,887, 175696.625
Fats_Domino, 1928-02-26, 2,3,3,3,3,11,1361, 99342.73333
Jack_Kirby, 1917-08-28, 2,2,3,3,3,7,3203, 115857.8846
Kamui_Kobayashi, 1986-09-13, 2,3,3,3,3,11,1373, 71458.30303
Kangxi_Emperor, 1654-05-04, 2,3,3,3,17,17,149, 98053.94444
Kate_Bosworth, 1983-01-02, 2,2,2,3,3,3,11321, 275558.0938
Kate_Winslet, 1975-10-05, 2,3,3,3,5,83,109, 378422.6712
Mary_Lynn_Rajskub, 1971-06-22, 2,2,3,3,3,7,3229, 99592.62963
Mike_Epps, 1970-11-18, 2,2,3,3,3,97,233, 122447.6
Reinhold_Messner, 1944-09-17, 2,3,3,3,5,5,1801, 94154.12195
Shakira, 1977-02-02, 2,2,2,3,3,3,11311, 586653.4516
Slash_(musician), 1965-07-23, 2,2,3,3,3,11,2053, 174043.2391
Yossi_Benayoun, 1980-05-05, 2,2,3,3,3,13,1741, 92866.475
