Ahmed_Shafik, 1941-11-25, 2,2,3,3,3,3,13,577, 40889
Alessandro_Manzoni, 1785-03-07, 2,2,3,3,3,7,43,73, 72838.91489
Alexander_Rodchenko, 1891-12-05, 2,2,2,3,3,3,13,859, 41601.69231
Andrey_Kolmogorov, 1903-04-25, 2,3,3,3,3,5,19,157, 21115
Aníbal_Cavaco_Silva, 1939-07-15, 2,2,3,3,3,5,11,409, 21954
Armin_Mueller-Stahl, 1930-12-17, 2,2,2,3,3,3,47,239, 57167.86667
BoA, 1986-11-05, 2,2,3,3,3,5,23,197, 244977.5588
Edith_Stein, 1891-10-12, 2,3,3,3,3,3,7,709, 52454.79487
Frederick_Forsyth, 1938-08-25, 2,2,2,2,3,3,3,5623, 71719.65517
Ian_Curtis, 1956-07-15, 2,3,3,3,3,5,31,97, 209369.3429
Jimmy_Carter, 1924-10-01, 2,2,3,3,3,5,67,67, 201643.7596
Joe_Satriani, 1956-07-15, 2,3,3,3,3,5,31,97, 240564.2703
Josh_Radnor, 1974-07-29, 2,3,3,3,7,7,13,71, 339447.7097
José_Ortega_y_Gasset, 1883-05-09, 2,2,3,3,3,3,5,1487, 75256.16667
Kasper_Schmeichel, 1986-11-05, 2,2,3,3,3,5,23,197, 72307.81481
Lucrezia_Borgia, 1480-04-18, 2,2,2,3,3,3,37,283, 226326.925
Matthew_McConaughey, 1969-11-04, 2,3,3,3,3,5,23,131, 413178.9167
Sean_Combs, 1969-11-04, 2,3,3,3,3,5,23,131, 492898.4412
Shirley_Bassey, 1937-01-08, 2,3,3,3,3,3,19,263, 131828.2258
Thomas_Bernhard, 1931-02-09, 2,3,3,3,7,7,7,131, 54797.08333
Willie_Nelson, 1933-04-29, 2,2,2,3,3,3,17,661, 244650.2647
