Amanda_Bynes, 1986-04-03, 2446524, 2,2,3,3,3,3,3,3,839, 0, 0, 624594.7027
Ashley_Greene, 1987-02-21, 2446848, 2,2,2,2,2,2,2,2,2,3,3,3,3,59, 0, 0, 445138.6857
Bill_Clinton, 1946-08-19, 2432052, 2,2,3,3,3,7,3217, 0, 0, 263930.3983
BoA, 1986-11-05, 2446740, 2,2,3,3,3,5,23,197, 0, 0, 244977.5588
Courtney_Love, 1964-07-09, 2438586, 2,3,3,3,3,15053, 0, 0, 332528.7273
Ellen_Page, 1987-02-21, 2446848, 2,2,2,2,2,2,2,2,2,3,3,3,3,59, 0, 0, 452879.2553
Galileo_Galilei, 1564-02-15, 2292354, 2,3,3,3,42451, 0, 0, 330508.8973
Hayao_Miyazaki, 1941-01-05, 2430000, 2,2,2,2,3,3,3,3,3,5,5,5,5, 0, 0, 414062.75
Josh_Radnor, 1974-07-29, 2442258, 2,3,3,3,7,7,13,71, 0, 0, 339447.7097
Justin_Long, 1978-06-02, 2443662, 2,3,3,3,13,59,59, 0, 0, 350527.7037
Les_Paul, 1915-06-09, 2420658, 2,3,3,3,23,1949, 0, 0, 308494.4082
Lily_Collins, 1989-03-18, 2447604, 2,2,3,3,3,131,173, 0, 0, 363962.1852
Mark_David_Chapman, 1955-05-10, 2435238, 2,3,3,3,13,3469, 0, 0, 306672.8684
Matthew_McConaughey, 1969-11-04, 2440530, 2,3,3,3,3,5,23,131, 0, 0, 413178.9167
Paul_Wesley, 1982-07-23, 2445174, 2,3,3,3,45281, 0, 0, 408123.129
Sean_Combs, 1969-11-04, 2440530, 2,3,3,3,3,5,23,131, 0, 0, 492898.4412
Shawn_Michaels, 1965-07-22, 2438964, 2,2,3,3,3,11,2053, 0, 0, 554633.9706
Taylor_Swift, 1989-12-13, 2447874, 2,3,3,3,11,13,317, 0, 0, 863062.3971
Terence_Hill, 1939-03-29, 2429352, 2,2,2,3,3,3,3,23,163, 0, 0, 317292.125
Willie_Nelson, 1933-04-29, 2427192, 2,2,2,3,3,3,17,661, 0, 0, 244650.2647
Zooey_Deschanel, 1980-01-17, 2444256, 2,2,2,2,2,3,3,3,3,23,41, 0, 0, 851459.7436
