Amos_Oz, 1939-05-04, 2429388, 2,2,3,3,13,29,179, 0, 0, 38301.2973
Babrak_Karmal, 1929-01-06, 2425618, 2,13,29,3217, 0, 0, 21769.07692
Bear_Grylls, 1974-06-07, 2442206, 2,13,29,41,79, 0, 0, 458488.6
Bella_Akhmadulina, 1937-04-10, 2428634, 2,13,29,3221, 0, 0, 6703.296296
David_Coverdale, 1951-09-22, 2433912, 2,2,2,3,13,29,269, 0, 0, 108785.5938
Hans-Georg_Gadamer, 1900-02-11, 2415062, 2,13,29,3203, 0, 0, 38515.5
Jim_Carrey, 1962-01-17, 2437682, 2,13,29,53,61, 0, 0, 489841.2027
Mahesh_Bhupathi, 1974-06-07, 2442206, 2,13,29,41,79, 0, 0, 52912.68966
Marion_Bartoli, 1984-10-02, 2445976, 2,2,2,13,29,811, 0, 0, 77813.78378
Sophie_Germain, 1776-04-01, 2369822, 2,7,13,29,449, 0, 0, 27903.63636
Victor_Moses, 1990-12-12, 2448238, 2,13,17,29,191, 0, 0, 85301.75862
