Adam_Sandler, 1966-09-09, 2439378, 2,3,3,53,2557, 0, 0, 637335.9643
André_Ooijer, 1974-07-11, 2442240, 2,2,2,2,2,2,2,2,2,2,3,3,5,53, 0, 0, 22548.5
Felix_Baumgartner, 1969-04-20, 2440332, 2,2,3,3,53,1279, 0, 0, 127650.8947
Frank_Lloyd_Wright, 1867-06-08, 2403126, 2,3,3,11,53,229, 0, 0, 136058.9579
Gianluca_Zambrotta, 1977-02-19, 2443194, 2,3,3,13,53,197, 0, 0, 70723.48837
Hans_Fallada, 1893-07-21, 2412666, 2,3,3,3,3,53,281, 0, 0, 33409.66667
Janet_Leigh, 1927-07-06, 2425068, 2,2,3,3,31,41,53, 0, 0, 136405.1429
Joseph_Schumpeter, 1883-02-08, 2408850, 2,3,3,5,5,53,101, 0, 0, 87888.2381
Ludwig_Beck, 1880-06-29, 2407896, 2,2,2,3,3,53,631, 0, 0, 46002.36667
Lynn_Redgrave, 1943-03-08, 2430792, 2,2,2,3,3,7,7,13,53, 0, 0, 75009.74074
Pina_Bausch, 1940-07-27, 2429838, 2,3,3,3,3,53,283, 0, 0, 97821.23333
