Eminem, 1972-10-17, 2441608, 2,2,2,13,17,1381, 0, 0, 1312695.181
John_Hume, 1937-01-18, 2428552, 2,2,2,7,17,2551, 0, 0, 15396.92105
John_Lennon, 1940-10-09, 2429912, 2,2,2,17,17,1051, 0, 0, 575654.3465
Lakshmi_Mittal, 1950-06-15, 2433448, 2,2,2,17,29,617, 0, 0, 149781.5854
Marc_Bartra, 1991-01-15, 2448272, 2,2,2,2,17,9001, 0, 0, 45612.84615
Milan_Stanković, 1987-09-09, 2447048, 2,2,2,17,19,947, 0, 0, 12777.54839
Peter_Mandelson, 1953-10-21, 2434672, 2,2,2,2,17,8951, 0, 0, 59559.46154
Ronald_Ross, 1857-05-13, 2399448, 2,2,2,3,17,5881, 0, 0, 9740.877193
Septimius_Severus, 0145-04-11, 1774120, 2,2,2,5,17,2609, 0, 0, 48825.13115
Tarkan_(singer), 1972-10-17, 2441608, 2,2,2,13,17,1381, 0, 0, 75961
Willy_Brandt, 1913-12-18, 2420120, 2,2,2,5,17,3559, 0, 0, 88754.5942
Woodrow_Wilson, 1856-12-28, 2399312, 2,2,2,2,17,8821, 0, 0, 154442.957
