Abdullah_Gül, 1950-10-29, 2433584, 2,2,2,2,17,23,389, 0, 0, 37440.98551
Agnieszka_Radwańska, 1989-03-06, 2447592, 2,2,2,3,7,17,857, 0, 0, 88787.22222
Ayumi_Hamasaki, 1978-10-02, 2443784, 2,2,2,7,17,17,151, 0, 0, 304254.439
Ben_Johnson_(sprinter), 1961-12-30, 2437664, 2,2,2,2,2,17,4481, 0, 0, 15110.55172
Charles_Aznavour, 1924-05-22, 2423928, 2,2,2,3,13,17,457, 0, 0, 131114.234
David_Schwimmer, 1966-11-02, 2439432, 2,2,2,3,3,17,1993, 0, 0, 254211.1707
Ella_Fitzgerald, 1917-04-25, 2421344, 2,2,2,2,2,17,4451, 0, 0, 200284.2667
Erich_von_Manstein, 1887-11-24, 2410600, 2,2,2,5,5,17,709, 0, 0, 90219.05263
Ferhat_Abbas, 1899-10-24, 2414952, 2,2,2,3,3,17,1973, 0, 0, 15585.27273
Friedrich_Wilhelm_Joseph_Schelling, 1775-01-27, 2369392, 2,2,2,2,17,31,281, 0, 0, 35759.17778
Henri_Barbusse, 1873-05-17, 2405296, 2,2,2,2,17,37,239, 0, 0, 14954.48571
Ja'far_al-Sadiq, 0702-04-23, 1977576, 2,2,2,3,17,37,131, 0, 0, 37563.65517
Jack_Brabham, 1926-04-02, 2424608, 2,2,2,2,2,17,4457, 0, 0, 25549.30556
John_Searle, 1932-07-31, 2426920, 2,2,2,5,17,43,83, 0, 0, 54174.17857
Michael_Cera, 1988-06-07, 2447320, 2,2,2,5,17,59,61, 0, 0, 487260.037
Michael_Ventris, 1922-07-12, 2423248, 2,2,2,2,17,59,151, 0, 0, 10444.65385
Oleg_Salenko, 1969-10-25, 2440520, 2,2,2,5,17,37,97, 0, 0, 23304.51852
Olga_Kurylenko, 1979-11-14, 2444192, 2,2,2,2,2,17,4493, 0, 0, 286350
Paul-Henri_Spaak, 1899-01-25, 2414680, 2,2,2,5,17,53,67, 0, 0, 19102.58065
Ronald_Fisher, 1890-02-17, 2411416, 2,2,2,7,17,17,149, 0, 0, 31694.82857
Thomas_Huckle_Weller, 1915-06-15, 2420664, 2,2,2,3,17,17,349, 0, 0, 5808.535714
