Ayumi_Hamasaki, 1978-10-02, 2443784, 2,2,2,7,17,17,151, 0, 0, 304254.439
Charles_Aznavour, 1924-05-22, 2423928, 2,2,2,3,13,17,457, 0, 0, 131114.234
David_Schwimmer, 1966-11-02, 2439432, 2,2,2,3,3,17,1993, 0, 0, 254211.1707
Ella_Fitzgerald, 1917-04-25, 2421344, 2,2,2,2,2,17,4451, 0, 0, 200284.2667
Eminem, 1972-10-17, 2441608, 2,2,2,13,17,1381, 0, 0, 1312695.181
Erich_von_Manstein, 1887-11-24, 2410600, 2,2,2,5,5,17,709, 0, 0, 90219.05263
Isaac_Hayes, 1942-08-20, 2430592, 2,2,2,2,2,2,2,17,1117, 0, 0, 190313.7059
Jamie_Bell, 1986-03-14, 2446504, 2,2,2,17,17989, 0, 0, 277332.3103
Jamie_Oliver, 1975-05-27, 2442560, 2,2,2,2,2,2,5,17,449, 0, 0, 208293.7647
Jim_Jarmusch, 1953-01-22, 2434400, 2,2,2,2,2,5,5,17,179, 0, 0, 110784.1081
Johannes_Vermeer, 1632-10-31, 2317440, 2,2,2,2,2,2,2,3,5,17,71, 0, 0, 130381.7838
John_Lennon, 1940-10-09, 2429912, 2,2,2,17,17,1051, 0, 0, 575654.3465
Katie_Melua, 1984-09-16, 2445960, 2,2,2,3,5,11,17,109, 0, 0, 127300.8333
Lakshmi_Mittal, 1950-06-15, 2433448, 2,2,2,17,29,617, 0, 0, 149781.5854
Michael_Cera, 1988-06-07, 2447320, 2,2,2,5,17,59,61, 0, 0, 487260.037
Olga_Kurylenko, 1979-11-14, 2444192, 2,2,2,2,2,17,4493, 0, 0, 286350
Rock_Hudson, 1925-11-17, 2424472, 2,2,2,17,17827, 0, 0, 178601.0465
Rudolph_Valentino, 1895-05-06, 2413320, 2,2,2,3,5,7,13,13,17, 0, 0, 103537.025
Ryan_Giggs, 1973-11-29, 2442016, 2,2,2,2,2,17,67,67, 0, 0, 233076.4098
Willie_Nelson, 1933-04-29, 2427192, 2,2,2,3,3,3,17,661, 0, 0, 244650.2647
Woodrow_Wilson, 1856-12-28, 2399312, 2,2,2,2,17,8821, 0, 0, 154442.957
