Alan_J._Pakula, 1928-04-07, 2425344, 2,2,2,2,2,2,2,2,2,3,1579, 0, 0, 23444.07143
Alfonso_Cuarón, 1961-11-28, 2437632, 2,2,2,2,2,2,2,2,2,3,3,23,23, 0, 0, 89554.37931
André_Ooijer, 1974-07-11, 2442240, 2,2,2,2,2,2,2,2,2,2,3,3,5,53, 0, 0, 22548.5
Ashley_Greene, 1987-02-21, 2446848, 2,2,2,2,2,2,2,2,2,3,3,3,3,59, 0, 0, 445138.6857
Ellen_Page, 1987-02-21, 2446848, 2,2,2,2,2,2,2,2,2,3,3,3,3,59, 0, 0, 452879.2553
Hamit_Altıntop, 1982-12-08, 2445312, 2,2,2,2,2,2,2,2,2,2,2,2,3,199, 0, 0, 95185.09302
Jadranka_Kosor, 1953-07-01, 2434560, 2,2,2,2,2,2,2,2,2,3,5,317, 0, 0, 12684.29545
James_Garner, 1928-04-07, 2425344, 2,2,2,2,2,2,2,2,2,3,1579, 0, 0, 223019.2414
Lawrence_Gonzi, 1953-07-01, 2434560, 2,2,2,2,2,2,2,2,2,3,5,317, 0, 0, 12021.16129
Nicki_Minaj, 1982-12-08, 2445312, 2,2,2,2,2,2,2,2,2,2,2,2,3,199, 0, 0, 1115701.245
