Alexis_de_Tocqueville, 1805-07-29, 2,2,7,11,59,131, 94980.58696
Alfred_Russel_Wallace, 1823-01-08, 2,2,2,13,59,389, 60085
Elizabeth_Gaskell, 1810-09-29, 2,2,3,5,59,673, 47487.86667
Isabella_II_of_Spain, 1830-10-10, 2,2,2,59,61,83, 71567.27907
Józef_Gosławski_(sculptor), 1908-04-24, 2,2,2,47,59,109, 3382.826087
Kellan_Lutz, 1985-03-15, 2,2,3,5,59,691, 340049.3333
Liev_Schreiber, 1967-10-04, 2,2,2,3,59,1723, 335520.7037
Mikhail_Lomonosov, 1711-11-19, 2,2,2,3,59,1657, 21829.67241
Pastora_Soler, 1978-09-28, 2,2,5,19,59,109, 20111.25926
Ralph_Nader, 1934-02-27, 2,2,2,37,59,139, 133519.2188
Richard_Gere, 1949-08-31, 2,2,2,5,59,1031, 308734.8704
Richard_III_of_England, 1452-10-02, 2,2,7,29,47,59, 172495.0877
Sabine_Lisicki, 1989-09-22, 2,2,2,2,59,2593, 94137.03333
Stewart_Downing, 1984-07-22, 2,2,2,2,59,2591, 60624.77778
Walter_Gilbert, 1932-03-21, 2,2,7,13,59,113, 9952.171429
