50_Cent, 1975-07-06, 2442600, 2,2,2,3,3,5,5,23,59, 0, 0, 632055.6716
Alexis_de_Tocqueville, 1805-07-29, 2380532, 2,2,7,11,59,131, 0, 0, 94980.58696
Ashley_Greene, 1987-02-21, 2446848, 2,2,2,2,2,2,2,2,2,3,3,3,3,59, 0, 0, 445138.6857
Caster_Semenya, 1991-01-07, 2448264, 2,2,2,3,7,13,19,59, 0, 0, 113576.6071
D._H._Lawrence, 1885-09-11, 2409796, 2,2,59,10211, 0, 0, 81502.68627
Eden_Hazard, 1991-01-07, 2448264, 2,2,2,3,7,13,19,59, 0, 0, 240831.7568
Ellen_Page, 1987-02-21, 2446848, 2,2,2,2,2,2,2,2,2,3,3,3,3,59, 0, 0, 452879.2553
Franck_Ribéry, 1983-04-07, 2445432, 2,2,2,3,11,59,157, 0, 0, 236676.5574
Isabella_II_of_Spain, 1830-10-10, 2389736, 2,2,2,59,61,83, 0, 0, 71567.27907
Joni_Mitchell, 1943-11-07, 2431036, 2,2,59,10301, 0, 0, 184939.1818
Kellan_Lutz, 1985-03-15, 2446140, 2,2,3,5,59,691, 0, 0, 340049.3333
Laura_Dern, 1967-02-10, 2439532, 2,2,59,10337, 0, 0, 174793.8387
Liev_Schreiber, 1967-10-04, 2439768, 2,2,2,3,59,1723, 0, 0, 335520.7037
Maggie_Q, 1979-05-22, 2444016, 2,2,2,2,3,59,863, 0, 0, 339764.1429
Michael_Cera, 1988-06-07, 2447320, 2,2,2,5,17,59,61, 0, 0, 487260.037
Peter_Schmeichel, 1963-11-18, 2438352, 2,2,2,2,3,3,7,41,59, 0, 0, 109452.093
Ralph_Nader, 1934-02-27, 2427496, 2,2,2,37,59,139, 0, 0, 133519.2188
Richard_Gere, 1949-08-31, 2433160, 2,2,2,5,59,1031, 0, 0, 308734.8704
Richard_III_of_England, 1452-10-02, 2251676, 2,2,7,29,47,59, 0, 0, 172495.0877
Roy_Lichtenstein, 1923-10-27, 2423720, 2,2,2,5,13,59,79, 0, 0, 199549.0833
Sabine_Lisicki, 1989-09-22, 2447792, 2,2,2,2,59,2593, 0, 0, 94137.03333
