Alicia_Silverstone, 1976-10-04, 2443056, 2,2,2,2,3,7,11,661, 0, 0, 265780.2703
Antonio_Machado, 1875-07-26, 2406096, 2,2,2,2,3,3,7,7,11,31, 0, 0, 140250.9032
Boris_Gelfand, 1968-06-24, 2440032, 2,2,2,2,2,3,7,3631, 0, 0, 12753.91667
Carl_Jung, 1875-07-26, 2406096, 2,2,2,2,3,3,7,7,11,31, 0, 0, 224846.8472
Emílio_Garrastazu_Médici, 1905-12-04, 2417184, 2,2,2,2,2,3,3,7,11,109, 0, 0, 32923.38462
Giovanni_Battista_Tiepolo, 1696-03-05, 2340576, 2,2,2,2,2,3,3,3,3,3,7,43, 0, 0, 29500.7381
Grand_Duchess_Maria_Nikolaevna_of_Russia_(1899–1918), 1899-06-26, 2414832, 2,2,2,2,3,7,7187, 0, 0, 9097.269231
Hafez_al-Assad, 1930-10-06, 2426256, 2,2,2,2,3,3,7,29,83, 0, 0, 75907.44444
Harold_E._Varmus, 1939-12-18, 2429616, 2,2,2,2,3,7,7,1033, 0, 0, 8553.965517
Hayden_Panettiere, 1989-08-21, 2447760, 2,2,2,2,3,5,7,31,47, 0, 0, 537846.0213
Indira_Gandhi, 1917-11-19, 2421552, 2,2,2,2,3,7,7207, 0, 0, 119306.4388
Irving_Langmuir, 1881-01-31, 2408112, 2,2,2,2,3,3,7,2389, 0, 0, 14873.79545
Jean-Baptiste_Say, 1767-01-05, 2366448, 2,2,2,2,3,7,7043, 0, 0, 33673.93333
Jim_Cummings, 1952-11-03, 2434320, 2,2,2,2,3,3,3,5,7,7,23, 0, 0, 120277.8846
Kenneth_Kaunda, 1924-04-28, 2423904, 2,2,2,2,2,3,7,3607, 0, 0, 15520.39024
Mauro_Camoranesi, 1976-10-04, 2443056, 2,2,2,2,3,7,11,661, 0, 0, 73479.61538
Nani, 1986-11-17, 2446752, 2,2,2,2,2,3,7,11,331, 0, 0, 104851.4464
Peter_Schmeichel, 1963-11-18, 2438352, 2,2,2,2,3,3,7,41,59, 0, 0, 109452.093
Sejanus, -0020-06-03, 1714272, 2,2,2,2,2,3,7,2551, 0, 0, 24050.39286
Tom_Hanks, 1956-07-09, 2435664, 2,2,2,2,3,7,11,659, 0, 0, 405936.5769
