Anders_Lindegaard, 1984-04-13, 2,2,3,3,67939, 52290.54839
Andriy_Voronin, 1979-07-21, 2,2,3,3,67891, 49056.61765
Angela_Davis, 1944-01-26, 2,2,3,3,67531, 137669.8276
Christian_Doppler, 1803-11-29, 2,2,3,3,66109, 14924.84314
Danielle_Steel, 1947-08-14, 2,2,3,3,67567, 100828.1379
David_Niven, 1910-03-01, 2,2,3,3,67187, 124420.0789
Georgie_Henley, 1995-07-09, 2,2,3,3,68053, 188230.8621
Gustav_I_of_Sweden, 1496-05-12, 2,2,3,3,62989, 46466.58696
Hugo_von_Hofmannsthal, 1874-02-01, 2,2,3,3,66821, 41749.51613
Ioannis_Kapodistrias, 1776-02-11, 2,2,3,3,65827, 25210.77419
Jean-Marie_Pfaff, 1953-12-04, 2,2,3,3,67631, 36260.73077
Jérémy_Toulalan, 1983-09-10, 2,2,3,3,67933, 61258.05882
Khalid_of_Saudi_Arabia, 1913-02-13, 2,2,3,3,67217, 43338.5
Michael_Vartan, 1968-11-27, 2,2,3,3,67783, 110079.6
Míchel_Salgado, 1975-10-22, 2,2,3,3,67853, 48186.06061
Sam_Cooke, 1931-01-22, 2,2,3,3,67399, 211164.4138
Sean_Penn, 1960-08-17, 2,2,3,3,67699, 347506.9474
Sinéad_O'Connor, 1966-12-08, 2,2,3,3,67763, 199159.175
Svetlana_Savitskaya, 1948-08-08, 2,2,3,3,67577, 13437.07692
Sylvia_Kristel, 1952-09-28, 2,2,3,3,67619, 122396.4857
Vince_McMahon, 1945-08-24, 2,2,3,3,67547, 363273.2059
