Bill_Clinton, 1946-08-19, 2,2,3,3,3,7,3217, 263930.3983
Cillian_Murphy, 1976-05-25, 2,2,3,3,11,31,199, 270884.6316
David_Schwimmer, 1966-11-02, 2,2,2,3,3,17,1993, 254211.1707
Elliott_Smith, 1969-08-06, 2,2,2,3,3,5,6779, 205500.2414
Gabriella_Cilmi, 1991-10-10, 2,2,3,3,5,61,223, 133658.9231
Gilbert_Arenas, 1982-01-06, 2,2,2,2,3,3,16979, 132246.7692
Herman_Melville, 1819-08-01, 2,2,2,2,3,3,16567, 125500.6875
Janet_Leigh, 1927-07-06, 2,2,3,3,31,41,53, 136405.1429
John_Petrucci, 1967-07-12, 2,2,3,3,13,13,401, 128044.9688
Julia_Roberts, 1967-10-28, 2,2,2,2,3,3,16943, 364397.0921
Lamar_Odom, 1979-11-06, 2,2,2,3,3,83,409, 363214.0357
Lily_Collins, 1989-03-18, 2,2,3,3,3,131,173, 363962.1852
Marc_Anthony, 1968-09-16, 2,2,3,3,7,23,421, 342956.3636
Natalie_Wood, 1938-07-20, 2,2,3,3,5,5,2699, 247223.7111
Paul_Stanley, 1952-01-20, 2,2,2,2,3,3,16903, 211612.6786
Paz_Vega, 1976-01-02, 2,2,3,3,5,41,331, 131161.2333
Rocky_Marciano, 1923-09-01, 2,2,2,2,3,3,16831, 191149.6486
Shawn_Michaels, 1965-07-22, 2,2,3,3,3,11,2053, 554633.9706
Steve_Vai, 1960-06-06, 2,2,3,3,7,19,509, 213699.7632
Timothy_Leary, 1920-10-22, 2,2,3,3,5,43,313, 185760.3636
Xherdan_Shaqiri, 1991-10-10, 2,2,3,3,5,61,223, 125993.7037
