Alexandra_Maria_Lara, 1978-11-12, 2,2,2,2,3,3,3,5657, 107671.7308
Ayman_al-Zawahiri, 1951-06-19, 2,2,2,3,3,7,11,439, 105545.7381
Bill_Russell, 1934-02-12, 2,2,2,3,3,5,11,613, 159493.9355
Britney_Spears, 1981-12-02, 2,2,3,3,5,17,17,47, 622072.4043
Chet_Baker, 1929-12-23, 2,2,2,2,3,3,17,991, 93618
Donna_Summer, 1948-12-31, 2,2,3,3,3,3,3,2503, 148056.2833
Gianluigi_Buffon, 1978-01-28, 2,2,2,2,3,3,71,239, 178751.254
Golda_Meir, 1898-05-03, 2,2,3,3,7,11,13,67, 72860.85507
Greer_Garson, 1904-09-29, 2,2,2,2,3,3,13,1291, 45759.12121
Ivo_Karlović, 1979-02-28, 2,2,3,3,3,3,19,397, 38198.14286
Jamie_Carragher, 1978-01-28, 2,2,2,2,3,3,71,239, 62949.17021
Jiang_Zemin, 1926-08-17, 2,2,2,3,3,7,17,283, 113336.9348
Jupp_Heynckes, 1945-05-09, 2,2,2,2,2,3,3,8443, 122083.5
Marcus_Aurelius, 0121-04-26, 2,2,2,3,3,3,11,743, 162190.0959
Paul_Wolfowitz, 1943-12-22, 2,2,2,3,3,3,5,2251, 50237.94118
Shay_Given, 1976-04-20, 2,2,2,3,3,7,37,131, 63804.64706
Susilo_Bambang_Yudhoyono, 1949-09-09, 2,2,2,2,3,3,61,277, 68722.10345
Tite_Kubo, 1977-06-26, 2,2,2,3,3,5,11,617, 100239.7857
Tom_Cruise, 1962-07-03, 2,2,2,3,3,7,7,691, 591604.5732
Warwick_Davis, 1970-02-03, 2,2,3,3,5,7,13,149, 175679.5758
Wilhelm_Canaris, 1887-01-01, 2,2,2,2,2,3,3,8369, 70050.54286
