Alfonso_Cuarón, 1961-11-28, 2437632, 2,2,2,2,2,2,2,2,2,3,3,23,23, 0, 0, 89554.37931
Andre_Iguodala, 1984-01-28, 2445728, 2,2,2,2,2,23,3323, 0, 0, 76413.57143
Anne_Rice, 1941-10-04, 2430272, 2,2,2,2,2,2,13,23,127, 0, 0, 139508
Carlo_Collodi, 1826-11-24, 2388320, 2,2,2,2,2,5,11,23,59, 0, 0, 34591.8125
Emile_Heskey, 1978-01-11, 2443520, 2,2,2,2,2,2,2,2,5,23,83, 0, 0, 102361.275
Fabricio_Coloccini, 1982-01-22, 2444992, 2,2,2,2,2,2,11,23,151, 0, 0, 47127.38235
Gemma_Arterton, 1986-02-02, 2446464, 2,2,2,2,2,2,2,3,23,277, 0, 0, 481014.3103
Jared_Leto, 1971-12-26, 2441312, 2,2,2,2,2,23,31,107, 0, 0, 494313.6596
John_Dillinger, 1903-06-22, 2416288, 2,2,2,2,2,7,7,23,67, 0, 0, 521797.3438
Lajos_Kossuth, 1802-09-19, 2379488, 2,2,2,2,2,23,53,61, 0, 0, 36778.56757
Zooey_Deschanel, 1980-01-17, 2444256, 2,2,2,2,2,3,3,3,3,23,41, 0, 0, 851459.7436
