Alexander_Rodchenko, 1891-12-05, 2412072, 2,2,2,3,3,3,13,859, 0, 0, 41601.69231
Alfred_Hitchcock, 1899-08-13, 2414880, 2,2,2,2,2,3,3,3,5,13,43, 0, 0, 232167.01
Amedeo_Avogadro, 1776-08-09, 2369952, 2,2,2,2,2,3,3,3,13,211, 0, 0, 35850.27941
Eazy-E, 1963-09-07, 2438280, 2,2,2,3,3,5,13,521, 0, 0, 402529.2258
George_Abela, 1948-04-22, 2432664, 2,2,2,3,3,13,23,113, 0, 0, 10515.68966
Jasper_Johns, 1930-05-15, 2426112, 2,2,2,2,2,2,2,2,3,3,3,3,3,3,13, 0, 0, 114247.1538
Lynn_Redgrave, 1943-03-08, 2430792, 2,2,2,3,3,7,7,13,53, 0, 0, 75009.74074
Nicole_Vaidišová, 1989-04-23, 2447640, 2,2,2,3,3,5,13,523, 0, 0, 26897.93548
Olivier_Giroud, 1986-09-30, 2446704, 2,2,2,2,3,3,13,1307, 0, 0, 124776.1818
Shaggy_(musician), 1968-10-22, 2440152, 2,2,2,3,3,3,11,13,79, 0, 0, 50700.73333
