Ai_Weiwei, 1957-08-28, 2436079, 43,181,313, 0, 0, 131251.2188
Alain_Delon, 1935-11-08, 2428115, 5,181,2683, 0, 0, 184545.2453
Alberto_Contador, 1982-12-06, 2445310, 2,5,7,181,193, 0, 0, 92185.2037
Amanda_Peet, 1972-01-11, 2441328, 2,2,2,2,3,181,281, 0, 0, 128232.4545
Armin_van_Buuren, 1976-12-25, 2443138, 2,17,181,397, 0, 0, 168300.8605
Bruce_Springsteen, 1949-09-23, 2433183, 3,181,4481, 0, 0, 330141.6364
Buffalo_Bill, 1846-02-26, 2395354, 2,13,181,509, 0, 0, 145263.0278
Eiichiro_Oda, 1975-01-01, 2442414, 2,3,13,173,181, 0, 0, 211854.3103
Erica_Durance, 1978-06-21, 2443681, 23,181,587, 0, 0, 174457.8148
Henry_VI_of_England, 1421-12-06, 2240418, 2,3,181,2063, 0, 0, 77384.98077
John_Entwistle, 1944-10-09, 2431373, 7,19,101,181, 0, 0, 131610.8148
John_Turturro, 1957-02-28, 2435898, 2,3,181,2243, 0, 0, 185145.2903
Josh_Holloway, 1969-07-20, 2440423, 97,139,181, 0, 0, 165153.8485
Kyle_MacLachlan, 1959-02-22, 2436622, 2,53,127,181, 0, 0, 141768.6176
Lolo_Ferrari, 1963-02-09, 2438070, 2,3,5,181,449, 0, 0, 208142.1154
Max_Ernst, 1891-04-02, 2411825, 5,5,13,41,181, 0, 0, 93538.28846
Michael_Emerson, 1954-09-07, 2434993, 11,181,1223, 0, 0, 133007.0345
Olivia_Newton-John, 1948-09-26, 2432821, 181,13441, 0, 0, 242900.0952
Tim_Burton, 1958-08-25, 2436441, 3,7,181,641, 0, 0, 511070.9153
Trajan, 0053-09-18, 1740677, 59,163,181, 0, 0, 87497.51389
Whitney_Houston, 1963-08-09, 2438251, 19,181,709, 0, 0, 409562.6211
