Albert_Fert, 1938-03-07, 2,2,281,2161, 13182.95652
David_Baltimore, 1938-03-07, 2,2,281,2161, 15832.47059
Isadora_Duncan, 1877-05-26, 3,5,281,571, 78061.25926
John_Cockcroft, 1897-05-27, 11,11,71,281, 7941.808511
John_Grisham, 1955-02-08, 2,7,281,619, 135173.3261
Keith_Moon, 1946-08-23, 3,5,281,577, 253604.069
Kwame_Nkrumah, 1909-09-18, 3,19,151,281, 25254.96512
Paul-Henri_Mathieu, 1982-01-12, 7,11,113,281, 22166.15385
Sarah_Wayne_Callies, 1977-06-01, 5,37,47,281, 179185.5128
Vladimir_Stojković, 1983-07-28, 3,3,281,967, 24013.11111
Éamon_de_Valera, 1882-10-14, 2,2,281,2143, 38910.97872
