Alberto_Santos-Dumont, 1873-07-20, 2405360, 2,2,2,2,5,107,281, 0, 0, 99835.5
Aleksandr_Solzhenitsyn, 1918-12-11, 2421939, 3,13,13,17,281, 0, 0, 49846.02198
Amanda_Peet, 1972-01-11, 2441328, 2,2,2,2,3,181,281, 0, 0, 128232.4545
Bob_Marley, 1945-02-06, 2431493, 17,281,509, 0, 0, 665908.1319
Catherine_I_of_Russia, 1684-04-15, 2336234, 2,281,4157, 0, 0, 56119.18519
Chris_Rock, 1965-02-07, 2438799, 3,11,263,281, 0, 0, 400509.6176
Connie_Francis, 1938-12-12, 2429245, 5,7,13,19,281, 0, 0, 105616.1481
Friedrich_Wilhelm_Joseph_Schelling, 1775-01-27, 2369392, 2,2,2,2,17,31,281, 0, 0, 35759.17778
Fritz_Kreisler, 1875-02-02, 2405922, 2,3,281,1427, 0, 0, 30119.43333
Georg_Simmel, 1858-03-01, 2399740, 2,2,5,7,61,281, 0, 0, 64252.28947
Goran_Pandev, 1983-07-27, 2445543, 3,3,281,967, 0, 0, 88844.16129
Hans_Fallada, 1893-07-21, 2412666, 2,3,3,3,3,53,281, 0, 0, 33409.66667
Hussein_of_Jordan, 1935-11-14, 2428121, 281,8641, 0, 0, 72326.65909
Jason_Derulo, 1989-09-21, 2447791, 31,281,281, 0, 0, 215868.0667
Kate_Beckinsale, 1973-07-26, 2441890, 2,5,11,79,281, 0, 0, 498613.9565
Moses_Mendelssohn, 1729-09-06, 2352813, 3,281,2791, 0, 0, 32284.16129
Richard_Dunne, 1979-09-21, 2444138, 2,281,4349, 0, 0, 33654.64516
Twiggy, 1949-09-19, 2433179, 7,281,1237, 0, 0, 227879.4643
Ulugh_Beg, 1394-03-22, 2230297, 281,7937, 0, 0, 23661.78049
Vanessa_Hudgens, 1988-12-14, 2447510, 2,5,13,67,281, 0, 0, 576795.339
Wilt_Chamberlain, 1936-08-21, 2428402, 2,29,149,281, 0, 0, 241572.2727
