Daniel_Bernoulli, 1700-02-08, 2342011, 7,29,83,139, 0, 0, 40671.55357
Einar_Gerhardsen, 1897-05-10, 2414055, 3,5,7,83,277, 0, 0, 13217.84615
Hafez_al-Assad, 1930-10-06, 2426256, 2,2,2,2,3,3,7,29,83, 0, 0, 75907.44444
James_Cameron, 1954-08-16, 2434971, 3,7,11,83,127, 0, 0, 290244.2571
Klaus_von_Klitzing, 1943-06-28, 2430904, 2,2,2,7,83,523, 0, 0, 9541.857143
Kurt_Angle, 1968-12-09, 2440200, 2,2,2,3,5,5,7,7,83, 0, 0, 324973.8889
Milton_Obote, 1925-12-28, 2424513, 3,7,13,83,107, 0, 0, 29274.33333
Nick_Carter_(musician), 1980-01-28, 2444267, 7,7,83,601, 0, 0, 66513.42857
Patrick_Pearse, 1879-11-10, 2407664, 2,2,2,2,7,7,37,83, 0, 0, 22122.53333
Paul_Kruger, 1825-10-10, 2387910, 2,3,5,7,83,137, 0, 0, 33392.74194
Pete_Best, 1941-11-24, 2430323, 7,47,83,89, 0, 0, 117583.3235
Tom_Selleck, 1945-01-29, 2431485, 3,3,3,5,7,31,83, 0, 0, 277634.5278
Torsten_Frings, 1976-11-22, 2443105, 5,7,29,29,83, 0, 0, 44018.41026
Ville_Valo, 1976-11-22, 2443105, 5,7,29,29,83, 0, 0, 124567.1944
Walt_Whitman, 1819-05-31, 2385586, 2,7,83,2053, 0, 0, 134698.7937
William_Cavendish-Bentinck,_3rd_Duke_of_Portland, 1738-04-14, 2355955, 5,7,83,811, 0, 0, 2208.392857
Wolfgang_Ketterle, 1957-10-21, 2436133, 7,7,83,599, 0, 0, 9785.333333
Yegor_Gaidar, 1956-03-19, 2435552, 2,2,2,2,2,7,83,131, 0, 0, 12491.20513
