Anton_Rubinstein, 1829-11-28, 3,3,3,3,3,9833, 19952.39474
Dale_Carnegie, 1888-11-24, 3,3,3,3,5,5953, 99411.52632
David_H._Hubel, 1926-02-27, 3,3,3,3,37,809, 10610.77419
El_Lissitzky, 1890-11-23, 2,3,3,3,3,14887, 38337.66667
Henri_Barbusse, 1873-05-17, 3,3,3,3,5,5939, 14954.48571
James_Tobin, 1918-03-05, 3,3,3,3,7,4271, 21134.81081
Mahamadou_Diarra, 1981-05-18, 2,3,3,3,3,15091, 87104.71875
Mihai_Ghimpu, 1951-11-19, 3,3,3,3,151,199, 8293
Niels_Ryberg_Finsen, 1860-12-15, 3,3,3,3,107,277, 6751.363636
Nikolai_Yezhov, 1895-05-01, 2,3,3,3,3,14897, 56015.26471
Prosper_Mérimée, 1803-09-28, 3,3,3,3,11,2671, 30427.88462
Ruslana, 1973-05-24, 2,3,3,3,3,15073, 28089.55357
Walter_Cronkite, 1916-11-04, 3,3,3,3,71,421, 104453.2647
Wayne_Rooney, 1985-10-24, 2,3,3,3,3,15101, 312626.4583
Woody_Allen, 1935-12-01, 3,3,3,3,31,967, 351917.4805
