Abdullah_II_of_Jordan, 1962-01-30, 3,3,3,3,5,13,463, 78509.71429
Andrea_Pirlo, 1979-05-19, 3,3,3,3,11,13,211, 186067.6842
David_Hilbert, 1862-01-23, 2,2,3,3,3,3,7411, 40647.29577
Diego_Forlán, 1979-05-19, 3,3,3,3,11,13,211, 198126.9259
Emmy_Rossum, 1986-09-12, 2,3,3,3,3,11,1373, 112408.7381
Frank_Rijkaard, 1962-09-30, 2,3,3,3,3,101,149, 110788.4286
Giovani_dos_Santos, 1989-05-11, 2,3,3,3,3,29,521, 181366.0541
Ian_Somerhalder, 1978-12-08, 3,3,3,3,3,89,113, 547220.2667
Keri_Hilson, 1982-12-05, 3,3,3,3,3,29,347, 290769.3333
Melanie_Klein, 1882-03-30, 3,3,3,3,5,19,313, 60860.07692
Michael_Bloomberg, 1942-02-14, 3,3,3,3,5,17,353, 167242.7273
Nancy_Ajram, 1983-05-16, 3,3,3,3,7,19,227, 102775.75
Peter_O'Toole, 1932-08-02, 2,3,3,3,3,71,211, 162080.3778
Peter_Stormare, 1953-08-27, 3,3,3,3,3,43,233, 174557.4643
Philip_II_of_Spain, 1527-05-21, 3,3,3,3,5,17,331, 142874.2344
Pina_Bausch, 1940-07-27, 2,3,3,3,3,53,283, 97821.23333
Slavoj_Žižek, 1949-03-21, 3,3,3,3,7,7,613, 98222.34884
Victoria_Azarenka, 1989-07-31, 3,3,3,3,3,7,1439, 106898
William-Adolphe_Bouguereau, 1825-11-30, 3,3,3,3,3,31,317, 62041.91489
Yitzhak_Rabin, 1922-03-01, 3,3,3,3,5,31,193, 92744.10938
Yuto_Nagatomo, 1986-09-12, 2,3,3,3,3,11,1373, 197370.2308
