Amanda_Bynes, 1986-04-03, 2446524, 2,2,3,3,3,3,3,3,839, 0, 0, 624594.7027
Ashley_Greene, 1987-02-21, 2446848, 2,2,2,2,2,2,2,2,2,3,3,3,3,59, 0, 0, 445138.6857
Benito_Mussolini, 1883-07-29, 2409021, 3,3,3,3,29741, 0, 0, 287420.2952
Christoph_Waltz, 1956-10-04, 2435751, 3,3,3,3,30071, 0, 0, 334802
Courtney_Love, 1964-07-09, 2438586, 2,3,3,3,3,15053, 0, 0, 332528.7273
Diego_Forlán, 1979-05-19, 2444013, 3,3,3,3,11,13,211, 0, 0, 198126.9259
Ellen_Page, 1987-02-21, 2446848, 2,2,2,2,2,2,2,2,2,3,3,3,3,59, 0, 0, 452879.2553
Hayao_Miyazaki, 1941-01-05, 2430000, 2,2,2,2,3,3,3,3,3,5,5,5,5, 0, 0, 414062.75
Ian_Curtis, 1956-07-15, 2435670, 2,3,3,3,3,5,31,97, 0, 0, 209369.3429
Ian_Somerhalder, 1978-12-08, 2443851, 3,3,3,3,3,89,113, 0, 0, 547220.2667
Joe_Satriani, 1956-07-15, 2435670, 2,3,3,3,3,5,31,97, 0, 0, 240564.2703
Keri_Hilson, 1982-12-05, 2445309, 3,3,3,3,3,29,347, 0, 0, 290769.3333
Ludwig_Mies_van_der_Rohe, 1886-03-27, 2409993, 3,3,3,3,29753, 0, 0, 216255.9825
Matthew_McConaughey, 1969-11-04, 2440530, 2,3,3,3,3,5,23,131, 0, 0, 413178.9167
Nicole_Scherzinger, 1978-06-29, 2443689, 3,3,3,3,30169, 0, 0, 596214.1429
Sean_Combs, 1969-11-04, 2440530, 2,3,3,3,3,5,23,131, 0, 0, 492898.4412
Stephen_Fry, 1957-08-24, 2436075, 3,3,3,3,3,5,5,401, 0, 0, 357339.3421
Ted_Kennedy, 1932-02-22, 2426760, 2,2,2,3,3,3,3,5,7,107, 0, 0, 206382.3585
Terence_Hill, 1939-03-29, 2429352, 2,2,2,3,3,3,3,23,163, 0, 0, 317292.125
Will_Smith, 1968-09-25, 2440125, 3,3,3,3,5,5,5,241, 0, 0, 752834.4595
Zooey_Deschanel, 1980-01-17, 2444256, 2,2,2,2,2,3,3,3,3,23,41, 0, 0, 851459.7436
