Christopher_Paolini, 1983-11-17, 2445656, 2,2,2,347,881, 0, 0, 96356.25
Daniel_Barenboim, 1942-11-15, 2430679, 31,89,881, 0, 0, 71620.29412
François_Quesnay, 1694-06-04, 2339936, 2,2,2,2,2,83,881, 0, 0, 36391.45455
George_Akerlof, 1940-06-17, 2429798, 2,7,197,881, 0, 0, 24406.35484
Jack_Kevorkian, 1928-05-26, 2425393, 881,2753, 0, 0, 192995.9677
Jackie_Joyner-Kersee, 1962-03-03, 2437727, 881,2767, 0, 0, 49187.96667
Jean-Antoine_Watteau, 1684-10-10, 2336412, 2,2,3,13,17,881, 0, 0, 40980.72093
Michel_Piccoli, 1925-12-27, 2424512, 2,2,2,2,2,2,43,881, 0, 0, 46022.58065
Paul_di_Resta, 1986-04-16, 2446537, 881,2777, 0, 0, 34261.86667
Philip_Zimbardo, 1933-03-23, 2427155, 5,19,29,881, 0, 0, 62860.21429
Ritchie_Blackmore, 1945-04-14, 2431560, 2,2,2,3,5,23,881, 0, 0, 145133
Shinji_Okazaki, 1986-04-16, 2446537, 881,2777, 0, 0, 75529.80769
