Al_Capone, 1899-01-17, 2414672, 2,2,2,2,13,13,19,47, 0, 0, 491181.2097
Ashley_Young, 1985-07-09, 2446256, 2,2,2,2,47,3253, 0, 0, 79130.8
Bryan_Cranston, 1956-03-07, 2435540, 2,2,5,47,2591, 0, 0, 586023.4615
Gabriela_Mistral, 1889-04-07, 2411100, 2,2,3,3,3,5,5,19,47, 0, 0, 77513.51613
Hayden_Panettiere, 1989-08-21, 2447760, 2,2,2,2,3,5,7,31,47, 0, 0, 537846.0213
Heather_Graham, 1970-01-29, 2440616, 2,2,2,47,6491, 0, 0, 285918.6563
Isiah_Thomas, 1961-04-30, 2437420, 2,2,5,47,2593, 0, 0, 127405.7407
Jesse_Jackson, 1941-10-08, 2430276, 2,2,3,31,47,139, 0, 0, 191652.3704
Johan_Elmander, 1981-05-27, 2444752, 2,2,2,2,47,3251, 0, 0, 82531.46667
John_Rhys-Davies, 1944-05-05, 2431216, 2,2,2,2,47,53,61, 0, 0, 192904.5161
Luis_Suárez, 1987-01-24, 2446820, 2,2,5,19,47,137, 0, 0, 138751.72
Massimo_Moratti, 1945-05-16, 2431592, 2,2,2,29,47,223, 0, 0, 71733.82143
Matthew_Morrison, 1978-10-30, 2443812, 2,2,3,7,47,619, 0, 0, 289266.9286
Nick_Cave, 1957-09-22, 2436104, 2,2,2,11,19,31,47, 0, 0, 181472.9737
Paul_Ryan, 1970-01-29, 2440616, 2,2,2,47,6491, 0, 0, 169359.1143
Rasheed_Wallace, 1974-09-17, 2442308, 2,2,11,47,1181, 0, 0, 90631.32258
Raymond_Domenech, 1952-01-24, 2434036, 2,2,11,11,47,107, 0, 0, 72593.13514
Richard_III_of_England, 1452-10-02, 2251676, 2,2,7,29,47,59, 0, 0, 172495.0877
Sarah_Michelle_Gellar, 1977-04-14, 2443248, 2,2,2,2,3,3,19,19,47, 0, 0, 424751
Sun_Myung_Moon, 1920-02-25, 2422380, 2,2,3,5,47,859, 0, 0, 110619.1071
Vincent_Price, 1911-05-27, 2419184, 2,2,2,2,47,3217, 0, 0, 196147.8788
