Andriy_Pyatov, 1984-06-28, 2445880, 2,2,2,5,47,1301, 0, 0, 9595.964286
Aribert_Heim, 1914-06-28, 2420312, 2,2,2,41,47,157, 0, 0, 71607.73333
Ashley_Young, 1985-07-09, 2446256, 2,2,2,2,47,3253, 0, 0, 79130.8
Henry_III_of_England, 1207-10-01, 2162188, 2,2,7,31,47,53, 0, 0, 60239.63462
Hubert_Humphrey, 1911-05-27, 2419184, 2,2,2,2,47,3217, 0, 0, 66045.14706
Jan_Łukasiewicz, 1878-12-21, 2407340, 2,2,5,13,47,197, 0, 0, 11242.10714
Jesse_Jackson, 1941-10-08, 2430276, 2,2,3,31,47,139, 0, 0, 191652.3704
Johan_Elmander, 1981-05-27, 2444752, 2,2,2,2,47,3251, 0, 0, 82531.46667
Józef_Gosławski_(sculptor), 1908-04-24, 2418056, 2,2,2,47,59,109, 0, 0, 3382.826087
Luis_Suárez, 1987-01-24, 2446820, 2,2,5,19,47,137, 0, 0, 138751.72
Massimo_Moratti, 1945-05-16, 2431592, 2,2,2,29,47,223, 0, 0, 71733.82143
Matthew_Morrison, 1978-10-30, 2443812, 2,2,3,7,47,619, 0, 0, 289266.9286
Niels_Ryberg_Finsen, 1860-12-15, 2400760, 2,2,2,5,47,1277, 0, 0, 6751.363636
Raymond_Domenech, 1952-01-24, 2434036, 2,2,11,11,47,107, 0, 0, 72593.13514
Richard_III_of_England, 1452-10-02, 2251676, 2,2,7,29,47,59, 0, 0, 172495.0877
Sun_Myung_Moon, 1920-02-25, 2422380, 2,2,3,5,47,859, 0, 0, 110619.1071
Vincent_Price, 1911-05-27, 2419184, 2,2,2,2,47,3217, 0, 0, 196147.8788
