Bruce_McLaren, 1937-08-30, 2428776, 2,2,2,3,3,7,61,79, 0, 0, 39614.39286
Carl_Friedrich_Gauss, 1777-04-30, 2370216, 2,2,2,3,61,1619, 0, 0, 92773.60185
Carolina_Klüft, 1983-02-02, 2445368, 2,2,2,61,5011, 0, 0, 28876.7
Darren_Criss, 1987-02-05, 2446832, 2,2,2,2,23,61,109, 0, 0, 340967.7143
Frederick_IV_of_Denmark, 1671-10-11, 2331664, 2,2,2,2,61,2389, 0, 0, 14230.25
Isabella_II_of_Spain, 1830-10-10, 2389736, 2,2,2,59,61,83, 0, 0, 71567.27907
Jacques_Maritain, 1882-11-18, 2408768, 2,2,2,2,2,2,61,617, 0, 0, 27367.27586
John_Churchill,_1st_Duke_of_Marlborough, 1650-05-26, 2323856, 2,2,2,2,61,2381, 0, 0, 4655.944444
John_Rhys-Davies, 1944-05-05, 2431216, 2,2,2,2,47,53,61, 0, 0, 192904.5161
Lajos_Kossuth, 1802-09-19, 2379488, 2,2,2,2,2,23,53,61, 0, 0, 36778.56757
Maggie_Smith, 1934-12-28, 2427800, 2,2,2,5,5,61,199, 0, 0, 217273.4681
Michael_Cera, 1988-06-07, 2447320, 2,2,2,5,17,59,61, 0, 0, 487260.037
Michael_Smith_(chemist), 1932-04-26, 2426824, 2,2,2,61,4973, 0, 0, 2307.72973
Rutherford_B._Hayes, 1822-10-04, 2386808, 2,2,2,61,67,73, 0, 0, 46857.84884
Shirley_Temple, 1928-04-23, 2425360, 2,2,2,2,5,7,61,71, 0, 0, 340979.1111
Shohreh_Aghdashloo, 1952-05-11, 2434144, 2,2,2,2,2,29,43,61, 0, 0, 59829.30769
Yasser_Arafat, 1929-08-24, 2425848, 2,2,2,3,61,1657, 0, 0, 114414.3936
Zubin_Mehta, 1936-04-29, 2428288, 2,2,2,2,2,2,2,61,311, 0, 0, 48123.57143
Óscar_Romero, 1917-08-15, 2421456, 2,2,2,2,3,61,827, 0, 0, 95163.2069
