Augustin-Jean_Fresnel, 1788-05-10, 2374244, 2,2,23,131,197, 0, 0, 16025.26829
BoA, 1986-11-05, 2446740, 2,2,3,3,3,5,23,197, 0, 0, 244977.5588
Empress_Elisabeth_of_Austria, 1837-12-24, 2392368, 2,2,2,2,3,11,23,197, 0, 0, 208457.3111
Gerardus_Mercator, 1512-03-05, 2273380, 2,2,5,197,577, 0, 0, 31906.76596
Jan_Łukasiewicz, 1878-12-21, 2407340, 2,2,5,13,47,197, 0, 0, 11242.10714
Joan_Fontaine, 1917-10-22, 2421524, 2,2,7,197,439, 0, 0, 103268.7632
Kasper_Schmeichel, 1986-11-05, 2446740, 2,2,3,3,3,5,23,197, 0, 0, 72307.81481
Leo_Baekeland, 1863-11-14, 2401824, 2,2,2,2,2,3,127,197, 0, 0, 16239.25806
Louis_Blériot, 1872-07-01, 2404976, 2,2,2,2,7,109,197, 0, 0, 31437.90625
Michael_Ondaatje, 1943-09-12, 2430980, 2,2,5,197,617, 0, 0, 39170.07407
Paul_Giamatti, 1967-06-06, 2439648, 2,2,2,2,2,3,3,43,197, 0, 0, 171443.7576
Raymond_Barre, 1924-04-12, 2423888, 2,2,2,2,197,769, 0, 0, 25492
Vitaly_Petrov, 1984-09-08, 2445952, 2,2,2,2,2,2,2,97,197, 0, 0, 27975.33333
