Abraham_de_Moivre, 1667-05-26, 2,2,2,2,3,3,11,1471
Agnetha_Fältskog, 1950-04-05, 2,2,2,2,2,11,31,223
Ayman_al-Zawahiri, 1951-06-19, 2,2,2,3,3,7,11,439
Bill_Russell, 1934-02-12, 2,2,2,3,3,5,11,613
Friedrich_Gottlieb_Klopstock, 1724-07-02, 2,2,2,3,5,11,13,137
George_Stevens, 1904-12-18, 2,2,2,2,2,2,11,3433
John_Philip_Sousa, 1854-11-06, 2,2,2,2,2,2,11,3407
Jonás_Gutiérrez, 1983-07-05, 2,2,2,2,5,7,11,397
Luis_Buñuel, 1900-02-22, 2,2,2,2,2,3,11,2287
Nihat_Kahveci, 1979-11-23, 2,2,2,5,5,11,11,101
Predrag_Mijatović, 1969-01-19, 2,2,2,2,5,11,47,59
Priyanka_Chopra, 1982-07-18, 2,2,2,2,3,11,11,421
Ramzan_Kadyrov, 1976-10-05, 2,2,2,2,3,7,11,661
Tite_Kubo, 1977-06-26, 2,2,2,3,3,5,11,617
William_Faulkner, 1897-09-25, 2,2,2,2,11,11,29,43
Zheng_Jie, 1983-07-05, 2,2,2,2,5,7,11,397
