Adriana_Lima, 1981-06-12, 2444768, 2,2,2,2,2,19,4021, 0, 0, 400258.5106
Al_Capone, 1899-01-17, 2414672, 2,2,2,2,13,13,19,47, 0, 0, 491181.2097
Andrés_Iniesta, 1984-05-11, 2445832, 2,2,2,19,16091, 0, 0, 175989.6812
Caster_Semenya, 1991-01-07, 2448264, 2,2,2,3,7,13,19,59, 0, 0, 113576.6071
Eden_Hazard, 1991-01-07, 2448264, 2,2,2,3,7,13,19,59, 0, 0, 240831.7568
Fiona_Apple, 1977-09-13, 2443400, 2,2,2,5,5,19,643, 0, 0, 201736.5926
Gough_Whitlam, 1916-07-11, 2421056, 2,2,2,2,2,2,11,19,181, 0, 0, 54667.77778
Ian_McShane, 1942-09-29, 2430632, 2,2,2,19,15991, 0, 0, 183328.4706
James_K._Polk, 1795-11-02, 2376976, 2,2,2,2,7,19,1117, 0, 0, 54555.22989
Laura_Pausini, 1974-05-16, 2442184, 2,2,2,19,16067, 0, 0, 157724.25
Manu_Chao, 1961-06-21, 2437472, 2,2,2,2,2,19,19,211, 0, 0, 214663
Meat_Loaf, 1947-09-27, 2432456, 2,2,2,13,19,1231, 0, 0, 322372.4839
Mike_Huckabee, 1955-08-24, 2435344, 2,2,2,2,19,8011, 0, 0, 88897.8
Nick_Cave, 1957-09-22, 2436104, 2,2,2,11,19,31,47, 0, 0, 181472.9737
Paulina_Rubio, 1971-06-17, 2441120, 2,2,2,2,2,5,11,19,73, 0, 0, 129890
Queen_Latifah, 1970-03-18, 2440664, 2,2,2,19,16057, 0, 0, 305108.7714
Sarah_Michelle_Gellar, 1977-04-14, 2443248, 2,2,2,2,3,3,19,19,47, 0, 0, 424751
Seal_(musician), 1963-02-19, 2438080, 2,2,2,2,2,2,5,19,401, 0, 0, 132704.6061
Sienna_Guillory, 1975-03-16, 2442488, 2,2,2,19,16069, 0, 0, 200468.2143
Thelonious_Monk, 1917-10-10, 2421512, 2,2,2,19,89,179, 0, 0, 100906.9444
Wyclef_Jean, 1969-10-17, 2440512, 2,2,2,2,2,2,3,3,19,223, 0, 0, 163833.3056
