Afonso_II_of_Portugal, 1185-04-23, 2153992, 2,2,2,19,37,383, 0, 0, 12430.96429
Arturo_Pérez-Reverte, 1951-11-25, 2433976, 2,2,2,19,67,239, 0, 0, 50282.93939
Dick_Advocaat, 1947-09-27, 2432456, 2,2,2,13,19,1231, 0, 0, 41790.66667
Meat_Loaf, 1947-09-27, 2432456, 2,2,2,13,19,1231, 0, 0, 322372.4839
Mickaël_Landreau, 1979-05-14, 2444008, 2,2,2,7,19,2297, 0, 0, 33406.03846
Mike_Huckabee, 1955-08-24, 2435344, 2,2,2,2,19,8011, 0, 0, 88897.8
Milan_Stanković, 1987-09-09, 2447048, 2,2,2,17,19,947, 0, 0, 12777.54839
Pyotr_Nikolayevich_Wrangel, 1878-08-27, 2407224, 2,2,2,3,19,5279, 0, 0, 15690.42424
Roberto_Rosetti, 1967-09-18, 2439752, 2,2,2,7,19,2293, 0, 0, 20967.7037
Thelonious_Monk, 1917-10-10, 2421512, 2,2,2,19,89,179, 0, 0, 100906.9444
Trygve_Haavelmo, 1911-12-13, 2419384, 2,2,2,11,19,1447, 0, 0, 6989.96875
Wenceslaus_III_of_Bohemia, 1289-10-06, 2192144, 2,2,2,2,19,7211, 0, 0, 19917.38462
