Anastacia, 1968-09-17, 2,2,3,3,7,23,421, 64813.9011
Antonio_Nocerino, 1985-04-09, 2,2,3,3,7,17,571, 47533.55263
Giulio_Andreotti, 1919-01-14, 2,2,3,3,7,7,1373, 101507.1282
Hans_Kelsen, 1881-10-11, 2,2,3,3,7,19,503, 75101.93548
Jack_Kirby, 1917-08-28, 2,2,3,3,3,7,3203, 115857.8846
Jim_Broadbent, 1949-05-24, 2,2,3,3,5,7,1931, 127398.4545
Joseph_Gordon-Levitt, 1981-02-17, 2,2,3,3,7,89,109, 633562.8
Laurent_Fabius, 1946-08-20, 2,2,3,3,3,7,3217, 48444.02941
Mary_Lynn_Rajskub, 1971-06-22, 2,2,3,3,3,7,3229, 99592.62963
Paris_Hilton, 1981-02-17, 2,2,3,3,7,89,109, 434445.1719
Wes_Montgomery, 1923-03-06, 2,2,3,3,7,59,163, 58230.81481
