Alexander_II_of_Russia, 1818-04-29, 2,2,13,45869, 109018.2258
August_von_Mackensen, 1849-12-06, 2,2,13,46091, 25804.43333
Ferdinand_de_Saussure, 1857-11-26, 2,2,13,46147, 70551.4697
Frederick_Chiluba, 1943-04-30, 2,2,13,46747, 9478.37931
Fritz_Walter, 1920-10-31, 2,2,13,46589, 26104
Henryk_Górecki, 1933-12-06, 2,2,13,46681, 33478.36667
Jason_Kidd, 1973-03-23, 2,2,13,46957, 215482.4688
Jerzy_Dudek, 1973-03-23, 2,2,13,46957, 70494
Lúcio, 1978-05-08, 2,2,13,46993, 80839.4878
Martín_Torrijos, 1963-07-18, 2,2,13,46889, 11396.62963
Nelly_Furtado, 1978-12-02, 2,2,13,46997, 217296.7097
Nâzım_Hikmet, 1902-01-15, 2,2,13,46457, 68682.825
Pope_Clement_X, 1590-07-13, 2,2,13,44269, 12369.57692
Saud_of_Saudi_Arabia, 1902-01-15, 2,2,13,46457, 58837.84848
Yousaf_Raza_Gillani, 1952-06-09, 2,2,13,46811, 23666.64444
Zhang_Yimou, 1951-11-14, 2,2,13,46807, 73821.17143
