Alfonso_XIII_of_Spain, 1886-05-17, 2,2,3,7,13,2207, 60057.09434
Alfred_Russel_Wallace, 1823-01-08, 2,2,2,13,59,389, 60085
Andy_García, 1956-04-12, 2,2,2,11,13,2129, 136039.925
Asamoah_Gyan, 1985-11-22, 2,2,2,3,13,7841, 81747.10256
Carrie_Underwood, 1983-03-10, 2,2,13,31,37,41, 377294.7429
Colin_Firth, 1960-09-10, 2,2,3,13,17,919, 280620.9216
Eddy_Merckx, 1945-06-17, 2,2,2,13,103,227, 67092.55769
Eminem, 1972-10-17, 2,2,2,13,17,1381, 1312695.181
Gackt, 1973-07-04, 2,2,3,11,13,1423, 304094.2857
Hugo_Chávez, 1954-07-28, 2,2,2,13,13,1801, 213734.4632
John_Cale, 1942-03-09, 2,2,7,11,13,607, 71608.2973
John_McEnroe, 1959-02-16, 2,2,2,7,13,3347, 149544.7872
Joseph_McCarthy, 1908-11-14, 2,2,5,13,71,131, 164039.8293
Li_Peng, 1928-10-20, 2,2,5,13,19,491, 88356.85185
Luciano_Pavarotti, 1935-10-12, 2,2,2,13,37,631, 123884.7949
Marc_Chagall, 1887-07-07, 2,2,5,13,73,127, 163803.3559
Marion_Bartoli, 1984-10-02, 2,2,2,13,29,811, 77813.78378
Meat_Loaf, 1947-09-27, 2,2,2,13,19,1231, 322372.4839
Paolo_Borsellino, 1940-01-19, 2,2,2,2,13,11681, 85839.32143
Steve_Morse, 1954-07-28, 2,2,2,13,13,1801, 65069.4
Tarkan_(singer), 1972-10-17, 2,2,2,13,17,1381, 75961
