Alain_Bernard, 1983-05-01, 2445456, 2,2,2,2,3,13,3919, 0, 0, 48289.2963
Amos_Oz, 1939-05-04, 2429388, 2,2,3,3,13,29,179, 0, 0, 38301.2973
Billy_Connolly, 1942-11-24, 2430688, 2,2,2,2,2,13,5843, 0, 0, 159010.25
Charles_Aznavour, 1924-05-22, 2423928, 2,2,2,3,13,17,457, 0, 0, 131114.234
Chris_Benoit, 1967-05-21, 2439632, 2,2,2,2,13,37,317, 0, 0, 274848.4146
David_Coverdale, 1951-09-22, 2433912, 2,2,2,3,13,29,269, 0, 0, 108785.5938
Frederick_William_I_of_Prussia, 1688-08-14, 2337816, 2,2,2,3,13,59,127, 0, 0, 32930.53659
John_Petrucci, 1967-07-12, 2439684, 2,2,3,3,13,13,401, 0, 0, 128044.9688
Kajsa_Bergqvist, 1976-10-12, 2443064, 2,2,2,13,13,13,139, 0, 0, 18995.61538
Kieran_Gibbs, 1989-09-26, 2447796, 2,2,3,13,13,17,71, 0, 0, 50196.78788
Kim_Il-sung, 1912-04-15, 2419508, 2,2,7,13,17,17,23, 0, 0, 146347.3289
Louis_XI_of_France, 1423-07-03, 2240992, 2,2,2,2,2,13,5387, 0, 0, 39068.69231
Michael_C._Hall, 1971-02-01, 2440984, 2,2,2,7,7,13,479, 0, 0, 383879.4571
Norman_Schwarzkopf,_Jr., 1934-08-22, 2427672, 2,2,2,3,13,31,251, 0, 0, 21450.0303
Richard_Gasquet, 1986-06-18, 2446600, 2,2,2,5,5,13,941, 0, 0, 55620
Roy_Lichtenstein, 1923-10-27, 2423720, 2,2,2,5,13,59,79, 0, 0, 199549.0833
Steve_McQueen, 1930-03-24, 2426060, 2,2,5,7,13,31,43, 0, 0, 281928.4259
Thora_Birch, 1982-03-11, 2445040, 2,2,2,2,5,13,2351, 0, 0, 195103.6667
Zita_of_Bourbon-Parma, 1892-05-09, 2412228, 2,2,3,7,13,47,47, 0, 0, 53554.73333
Zlatko_Zahovič, 1971-02-01, 2440984, 2,2,2,7,7,13,479, 0, 0, 19408.30769
Željko_Ražnatović, 1952-04-17, 2434120, 2,2,2,5,13,31,151, 0, 0, 66580.33333
