ATB, 1973-02-26, 2441740, 2,2,5,7,107,163, 0, 0, 62744.15625
André_the_Giant, 1946-05-19, 2431960, 2,2,2,5,163,373, 0, 0, 369799.8333
Camilo_Cienfuegos, 1932-02-06, 2426744, 2,2,2,163,1861, 0, 0, 51722.09677
Charles_VI,_Holy_Roman_Emperor, 1685-10-01, 2336768, 2,2,2,2,2,2,2,2,2,2,2,7,163, 0, 0, 20537.54167
Elias_James_Corey, 1928-07-12, 2425440, 2,2,2,2,2,3,5,31,163, 0, 0, 12611.68571
Joan_Baez, 1941-01-09, 2430004, 2,2,163,3727, 0, 0, 131972.4182
Larry_King, 1933-11-19, 2427396, 2,2,3,17,73,163, 0, 0, 169079.4722
Michael_Crichton, 1942-10-23, 2430656, 2,2,2,2,2,2,163,233, 0, 0, 156785.5532
Ole_Gunnar_Solskjær, 1973-02-26, 2441740, 2,2,5,7,107,163, 0, 0, 82381.24324
Philip_V_of_Spain, 1683-12-19, 2336116, 2,2,163,3583, 0, 0, 73015.10417
Terence_Hill, 1939-03-29, 2429352, 2,2,2,3,3,3,3,23,163, 0, 0, 317292.125
