Aaron_Ciechanover, 1947-10-01, 2432460, 2,2,3,5,71,571, 0, 0, 10856.65714
Johannes_Vermeer, 1632-10-31, 2317440, 2,2,2,2,2,2,2,3,5,17,71, 0, 0, 130381.7838
John_Gurdon, 1933-10-02, 2427348, 2,2,3,7,11,37,71, 0, 0, 12947.89744
Julia_Gillard, 1961-09-29, 2437572, 2,2,3,71,2861, 0, 0, 71735.47887
Kieran_Gibbs, 1989-09-26, 2447796, 2,2,3,13,13,17,71, 0, 0, 50196.78788
Lil_Wayne, 1982-09-27, 2445240, 2,2,2,3,5,7,41,71, 0, 0, 1401836.674
Markus_Rosenberg, 1982-09-27, 2445240, 2,2,2,3,5,7,41,71, 0, 0, 35385.89655
Mika_Häkkinen, 1968-09-28, 2440128, 2,2,2,2,2,2,3,71,179, 0, 0, 71184.91304
Naomi_Watts, 1968-09-28, 2440128, 2,2,2,2,2,2,3,71,179, 0, 0, 273029.2407
Osman_II, 1604-11-03, 2307216, 2,2,2,2,3,71,677, 0, 0, 26679.58333
Raúl_Castro, 1931-06-03, 2426496, 2,2,2,2,2,2,2,3,71,89, 0, 0, 66641.33824
Rudolf_Virchow, 1821-10-13, 2386452, 2,2,3,71,2801, 0, 0, 55168.54545
Thomas_Häßler, 1966-05-30, 2439276, 2,2,3,7,71,409, 0, 0, 31074.24138
Torsten_Wiesel, 1924-06-03, 2423940, 2,2,3,5,71,569, 0, 0, 8874.09375
