Carlo_Goldoni, 1707-02-25, 2344584, 2,2,2,3,11,83,107, 0, 0, 39076.36538
Christiaan_Eijkman, 1858-08-11, 2399903, 11,107,2039, 0, 0, 7103.75
Erwin_Schrödinger, 1887-08-12, 2410496, 2,2,2,2,2,2,2,2,2,2,2,11,107, 0, 0, 95208.1413
Gordon_Bajnai, 1968-03-05, 2439921, 3,11,107,691, 0, 0, 16765.97222
Matt_Stone, 1971-05-26, 2441098, 2,11,17,61,107, 0, 0, 159636.5
Raymond_Domenech, 1952-01-24, 2434036, 2,2,11,11,47,107, 0, 0, 72593.13514
Robert_E._Lee, 1807-01-19, 2381071, 7,11,17,17,107, 0, 0, 206202.2453
Steve_Martin, 1945-08-14, 2431682, 2,11,107,1033, 0, 0, 257673.1818
Tancredo_Neves, 1910-03-04, 2418735, 3,5,11,107,137, 0, 0, 46399.43333
Wim_Wenders, 1945-08-14, 2431682, 2,11,107,1033, 0, 0, 81731.58537
