Abdülmecid_II, 1868-05-30, 2403483, 3,37,59,367, 0, 0, 26320.72973
Adolf_Eichmann, 1906-03-19, 2417289, 3,7,59,1951, 0, 0, 198098
Akechi_Mitsuhide, 1528-03-10, 2279229, 3,59,79,163, 0, 0, 166920.1154
Aung_San_Suu_Kyi, 1945-06-19, 2431626, 2,3,59,6869, 0, 0, 137039.2892
Billy_Mays, 1958-07-20, 2436405, 3,5,59,2753, 0, 0, 217374.9375
Bruno_Kreisky, 1911-01-22, 2419059, 3,59,79,173, 0, 0, 23535
Christopher_Reeve, 1952-09-25, 2434281, 3,17,59,809, 0, 0, 267999.4783
Claudio_López_(footballer), 1974-07-17, 2442246, 2,3,59,6899, 0, 0, 30188.62963
Gilad_Shalit, 1986-08-28, 2446671, 3,23,59,601, 0, 0, 73431.5
Henry_David_Thoreau, 1817-07-12, 2384898, 2,3,59,6737, 0, 0, 154374.6441
Herman_Cain, 1945-12-13, 2431803, 3,11,59,1249, 0, 0, 137061.871
Juan_Ramón_Jiménez, 1881-12-24, 2408439, 3,11,59,1237, 0, 0, 52741.05357
Luiz_Felipe_Scolari, 1948-11-09, 2432865, 3,5,59,2749, 0, 0, 83181.15385
Mirko_Vučinić, 1983-10-01, 2445609, 3,41,59,337, 0, 0, 77145.41026
Pedro_de_la_Rosa, 1971-02-24, 2441007, 3,3,59,4597, 0, 0, 26747.34211
Radovan_Karadžić, 1945-06-19, 2431626, 2,3,59,6869, 0, 0, 58871.89831
Stephen_Colbert, 1964-05-13, 2438529, 3,23,59,599, 0, 0, 230111.6579
Tiger_Woods, 1975-12-30, 2442777, 3,37,59,373, 0, 0, 362075.0714
Virgilijus_Alekna, 1972-02-13, 2441361, 3,13,59,1061, 0, 0, 11169.13333
Zahi_Hawass, 1947-05-28, 2432334, 2,3,59,6871, 0, 0, 43538.96774
