Alvin_E._Roth, 1951-12-18, 3,29,101,277, 10250.2
Antonín_Novotný, 1904-12-10, 5,5,277,349, 15636.59259
Christian_Karembeu, 1970-12-03, 2,2,277,2203, 66029.34615
Edgar_Davids, 1973-03-13, 5,41,43,277, 171887.8095
Elizabeth_Báthory, 1560-08-07, 3,3,277,919, 206251.3191
Emily_Greene_Balch, 1867-01-08, 5,5,277,347, 7364.777778
Henry_Campbell-Bannerman, 1836-09-07, 5,11,157,277, 12416.82857
Ledley_King, 1980-10-12, 5,5,277,353, 39588.90909
Leland_H._Hartwell, 1939-10-30, 7,7,179,277, 7968.821429
Paracelsus, 1493-11-11, 7,7,167,277, 87993.47541
Vicente_Rodríguez, 1981-07-16, 2,3,277,1471, 42730.07407
