Ahmed_Shafik, 1941-11-25, 2430324, 2,2,3,3,3,3,13,577, 0, 0, 40889
Alexander_von_Humboldt, 1769-09-14, 2367431, 11,373,577, 0, 0, 79015.54167
Andreas_Brehme, 1960-11-09, 2437248, 2,2,2,2,2,2,2,3,11,577, 0, 0, 29412.06061
Carlos_Moyá, 1976-08-27, 2443018, 2,29,73,577, 0, 0, 25231.02703
Daryl_Sabara, 1992-06-14, 2448788, 2,2,577,1061, 0, 0, 117050.2
David_Robinson_(basketball), 1965-08-06, 2438979, 3,577,1409, 0, 0, 31225.65625
Francisco_Franco, 1892-12-04, 2412437, 37,113,577, 0, 0, 204477.122
Frederick_Reines, 1918-03-16, 2421669, 3,577,1399, 0, 0, 8315.210526
Fredric_March, 1897-08-31, 2414168, 2,2,2,523,577, 0, 0, 29760.70588
Gerardus_Mercator, 1512-03-05, 2273380, 2,2,5,197,577, 0, 0, 31906.76596
Hans_Zimmer, 1957-09-12, 2436094, 2,577,2111, 0, 0, 227271
John_Tyler, 1790-03-29, 2374932, 2,2,3,7,7,7,577, 0, 0, 50866.2967
Jules_Grévy, 1807-08-15, 2381279, 577,4127, 0, 0, 14544.17241
Mark_Webber, 1976-08-27, 2443018, 2,29,73,577, 0, 0, 84643.04255
Nicolas_Cage, 1964-01-07, 2438402, 2,577,2113, 0, 0, 529383.6232
Thomas_Edison, 1847-02-11, 2395704, 2,2,2,3,173,577, 0, 0, 306600.6905
