Corry_Brokken, 1932-12-03, 2427045, 3,5,239,677, 0, 0, 9504.7
David_Cook_(singer), 1982-12-20, 2445324, 2,2,3,7,43,677, 0, 0, 57651.76923
Fabio_Cannavaro, 1973-09-13, 2441939, 677,3607, 0, 0, 135544.3455
Gustav_Heinemann, 1899-07-23, 2414859, 3,29,41,677, 0, 0, 24123.36842
Kelly_Rowland, 1981-02-11, 2444647, 23,157,677, 0, 0, 271999.1
Massimo_Ambrosini, 1977-05-29, 2443293, 3,3,401,677, 0, 0, 53573.05
Osman_II, 1604-11-03, 2307216, 2,2,2,2,3,71,677, 0, 0, 26679.58333
Robert_Redford, 1936-08-18, 2428399, 17,211,677, 0, 0, 254917.3725
Wesley_Snipes, 1962-07-31, 2437877, 13,277,677, 0, 0, 337400.025
Woody_Guthrie, 1912-07-14, 2419598, 2,677,1787, 0, 0, 115457.2368
