Alexander_I_of_Serbia, 1876-08-14, 2406481, 7,11,31253, 0, 0, 18238.17857
Alfred_Gusenbauer, 1960-02-08, 2436973, 7,11,31649, 0, 0, 13744.02857
Alfred_von_Tirpitz, 1849-03-19, 2396471, 7,11,31123, 0, 0, 26497.82143
Benedict_Cumberbatch, 1976-07-19, 2442979, 7,11,31727, 0, 0, 429918.6129
Bob_Hoskins, 1942-10-26, 2430659, 7,11,31567, 0, 0, 115085.0313
Cardinal_Richelieu, 1585-09-09, 2300221, 7,11,29873, 0, 0, 71242.15873
Clara_Schumann, 1819-09-13, 2385691, 7,11,30983, 0, 0, 196221.6818
Edward_III_of_England, 1312-11-13, 2200583, 7,11,28579, 0, 0, 92028.82456
Eric_Prydz, 1976-07-19, 2442979, 7,11,31727, 0, 0, 87300.84615
Greta_Garbo, 1905-09-18, 2417107, 7,11,31391, 0, 0, 139387.661
Hakeem_Olajuwon, 1963-01-21, 2438051, 7,11,31663, 0, 0, 159545.625
Josh_Brolin, 1968-02-12, 2439899, 7,11,31687, 0, 0, 430843.5
José_Ramos-Horta, 1949-12-26, 2433277, 7,11,31601, 0, 0, 15285.79167
Robert_Duvall, 1931-01-05, 2426347, 7,11,31511, 0, 0, 179721.5102
Roberto_Soldado, 1985-05-27, 2446213, 7,11,31769, 0, 0, 93375.9375
William_Pitt_the_Younger, 1759-05-28, 2363669, 7,11,30697, 0, 0, 47875.74419
