Alfred_Wegener, 1880-11-01, 2408021, 7,11,11,2843, 0, 0, 80201.05556
Benny_Hill, 1924-01-21, 2423806, 2,7,11,15739, 0, 0, 119168.3
Charles_IV_of_Spain, 1748-11-11, 2359819, 7,11,19,1613, 0, 0, 47636.72093
Fernando_Muslera, 1986-06-16, 2446598, 2,7,11,15887, 0, 0, 122150.5143
Fritz_Zwicky, 1898-02-14, 2414335, 5,7,11,6271, 0, 0, 14110.33333
Gerard_Piqué, 1987-02-02, 2446829, 7,11,43,739, 0, 0, 262678.4035
Herbert_Kitchener,_1st_Earl_Kitchener, 1850-06-24, 2396933, 7,7,11,4447, 0, 0, 11310.02857
Ivan_Turgenev, 1818-11-09, 2385383, 7,11,13,2383, 0, 0, 29827.18841
Jafar_Panahi, 1960-07-11, 2437127, 7,11,31,1021, 0, 0, 21769.12903
Javier_Pérez_de_Cuéllar, 1920-01-19, 2422343, 7,11,163,193, 0, 0, 20609.76
Jeanne_Moreau, 1928-01-23, 2425269, 3,7,11,10499, 0, 0, 77665.13514
John_II_of_Portugal, 1455-03-03, 2252558, 2,7,11,14627, 0, 0, 23611.24242
L._Ron_Hubbard, 1911-03-13, 2419109, 7,11,89,353, 0, 0, 256989.0294
Luca_Badoer, 1971-01-25, 2440977, 3,7,11,10567, 0, 0, 27899.9
Léon_Gambetta, 1838-04-02, 2392467, 3,7,11,10357, 0, 0, 29359.37931
Michel_Debré, 1912-01-15, 2419417, 7,11,13,2417, 0, 0, 22336.73333
Peyo, 1928-06-25, 2425423, 7,11,13,2423, 0, 0, 43534.85714
Rachel_Carson, 1907-05-27, 2417723, 7,11,17,1847, 0, 0, 44377.56897
Thibaut_Courtois, 1992-05-11, 2448754, 2,7,11,15901, 0, 0, 80372.11111
Urby_Emanuelson, 1986-06-16, 2446598, 2,7,11,15887, 0, 0, 68356.88889
Walter_Gargano, 1984-07-23, 2445905, 5,7,11,6353, 0, 0, 35648.42424
