Akira_Toriyama, 1955-04-05, 2,3,3,7,7,11,251
Alyssa_Milano, 1972-12-19, 2,3,5,7,7,11,151
André_Citroën, 1878-02-05, 2,2,3,5,7,11,521
Carlos_Filipe_Ximenes_Belo, 1948-02-03, 2,2,2,7,11,11,359
Dean_Acheson, 1893-04-11, 2,2,3,7,7,11,373
Dirk_Kuyt, 1980-07-22, 2,3,7,11,11,13,37
Henning_Mankell, 1948-02-03, 2,2,2,7,11,11,359
Ivan_VI_of_Russia, 1740-08-23, 2,2,2,2,7,11,1913
John_Candy, 1950-10-31, 3,5,7,7,7,11,43
Johnny_Hallyday, 1943-06-15, 2,5,7,7,11,11,41
Kate_Ryan, 1980-07-22, 2,3,7,11,11,13,37
Kevin_Costner, 1955-01-18, 5,5,5,7,11,11,23
Neil_Armstrong, 1930-08-05, 3,3,3,3,7,11,389
Pat_Morita, 1932-06-28, 2,3,3,7,11,17,103
Patti_Page, 1927-11-08, 2,2,2,7,11,31,127
Poul_Nyrup_Rasmussen, 1943-06-15, 2,5,7,7,11,11,41
Sotiris_Ninis, 1990-04-03, 2,2,2,2,7,11,1987
Tom_Felton, 1987-09-22, 2,2,5,7,7,11,227
Yohan_Cabaye, 1986-01-14, 2,2,7,11,13,13,47
Zaha_Hadid, 1950-10-31, 3,5,7,7,7,11,43
Zdravko_Kuzmanović, 1987-09-22, 2,2,5,7,7,11,227
