André_Ooijer, 1974-07-11, 2442240, 2,2,2,2,2,2,2,2,2,2,3,3,5,53, 0, 0, 22548.5
Antonio_José_de_Sucre, 1795-02-03, 2376704, 2,2,2,2,2,2,2,2,2,2,11,211, 0, 0, 71808.4
Charles_VI,_Holy_Roman_Emperor, 1685-10-01, 2336768, 2,2,2,2,2,2,2,2,2,2,2,7,163, 0, 0, 20537.54167
Erwin_Schrödinger, 1887-08-12, 2410496, 2,2,2,2,2,2,2,2,2,2,2,11,107, 0, 0, 95208.1413
François_Tombalbaye, 1918-06-15, 2421760, 2,2,2,2,2,2,2,2,2,2,5,11,43, 0, 0, 6404.357143
Hamit_Altıntop, 1982-12-08, 2445312, 2,2,2,2,2,2,2,2,2,2,2,2,3,199, 0, 0, 95185.09302
Marguerite_de_Navarre, 1492-04-11, 2266112, 2,2,2,2,2,2,2,2,2,2,2213, 0, 0, 15739.57143
Nicki_Minaj, 1982-12-08, 2445312, 2,2,2,2,2,2,2,2,2,2,2,2,3,199, 0, 0, 1115701.245
Regina_Spektor, 1980-02-18, 2444288, 2,2,2,2,2,2,2,2,2,2,7,11,31, 0, 0, 235701.1071
Roland_Ratzenberger, 1960-07-04, 2437120, 2,2,2,2,2,2,2,2,2,2,2,2,5,7,17, 0, 0, 73821.15152
