Bob_Hope, 1903-05-29, 2416264, 2,2,2,31,9743, 0, 0, 141220.3684
Bojan_Krkić, 1990-08-28, 2448132, 2,2,3,31,6581, 0, 0, 192750.8409
Carlo_Cudicini, 1973-09-06, 2441932, 2,2,31,47,419, 0, 0, 49293.20588
Elena_Vesnina, 1986-08-01, 2446644, 2,2,3,31,6577, 0, 0, 18942.39286
Gennady_Zyuganov, 1944-06-26, 2431268, 2,2,7,31,2801, 0, 0, 14137.7
Gonzalo_Higuaín, 1987-12-10, 2447140, 2,2,5,31,3947, 0, 0, 191531.3654
Harri_Holkeri, 1937-01-06, 2428540, 2,2,5,31,3917, 0, 0, 7308.333333
J._Hans_D._Jensen, 1907-06-25, 2417752, 2,2,2,31,9749, 0, 0, 6254.85
James_I_of_Aragon, 1208-02-02, 2162312, 2,2,2,31,8719, 0, 0, 50226.90625
James_Spader, 1960-02-07, 2436972, 2,2,3,31,6551, 0, 0, 245452.1429
Jessica_Biel, 1982-03-03, 2445032, 2,2,2,31,9859, 0, 0, 439206.9804
Jonathan_dos_Santos, 1990-04-26, 2448008, 2,2,2,31,9871, 0, 0, 92428.46429
Joseph_Wright_of_Derby, 1734-09-03, 2354636, 2,2,17,31,1117, 0, 0, 15591.66667
Kimi_Räikkönen, 1979-10-17, 2444164, 2,2,23,31,857, 0, 0, 109559.1912
Lleyton_Hewitt, 1981-02-24, 2444660, 2,2,5,31,3943, 0, 0, 108257.7111
Marin_Mersenne, 1588-09-08, 2301316, 2,2,31,67,277, 0, 0, 12962.5641
Michael_Ballack, 1976-09-26, 2443048, 2,2,2,31,9851, 0, 0, 140899.1452
Stjepan_Mesić, 1934-12-24, 2427796, 2,2,7,31,2797, 0, 0, 15612.84444
