Alfonso_García_Robles, 1911-03-20, 2,2,3,7,31,929, 16455.25714
Anna_Popplewell, 1988-12-16, 2,2,2,31,71,139, 196293.9286
Bettina_von_Arnim, 1785-04-04, 2,2,2,7,31,1367, 22486.48276
Carrie_Underwood, 1983-03-10, 2,2,13,31,37,41, 377294.7429
Catherine_Deneuve, 1943-10-22, 2,2,3,5,31,1307, 144374.7115
Celeste_Holm, 1917-04-29, 2,2,3,23,31,283, 36565.64516
Henry_III_of_England, 1207-10-01, 2,2,7,31,47,53, 60239.63462
James_Cromwell, 1940-01-27, 2,2,2,31,97,101, 172301.1538
James_V_of_Scotland, 1512-04-10, 2,2,2,31,89,103, 38922.78947
Jesse_Jackson, 1941-10-08, 2,2,3,31,47,139, 191652.3704
Mats_Hummels, 1988-12-16, 2,2,2,31,71,139, 101952.7714
Pablo_Escobar, 1949-12-01, 2,2,3,31,31,211, 596928.3953
Sebastián_Piñera, 1949-12-01, 2,2,3,31,31,211, 48829.67857
Simón_Bolívar, 1783-07-24, 2,2,19,19,31,53, 171110.4821
Sophia_of_Hanover, 1630-10-14, 2,2,7,17,31,157, 46061.73077
Takuma_Sato, 1977-01-28, 2,2,17,19,31,61, 50278.44118
Ulf_von_Euler, 1905-02-07, 2,2,3,31,73,89, 6411.78125
W._H._Auden, 1907-02-21, 2,2,3,31,67,97, 68436
William_Friedkin, 1935-08-29, 2,2,3,31,61,107, 65834.19231
