Brooke_Shields, 1965-05-31, 2438912, 2,2,2,2,2,2,2,2,7,1361, 0, 0, 360427.55
Carole_King, 1942-02-09, 2430400, 2,2,2,2,2,2,5,5,7,7,31, 0, 0, 184115.7037
Frantz_Fanon, 1925-07-20, 2424352, 2,2,2,2,2,7,79,137, 0, 0, 55098.13158
Hank_Williams, 1923-09-17, 2423680, 2,2,2,2,2,2,2,5,7,541, 0, 0, 151554.9412
Heather_Locklear, 1961-09-25, 2437568, 2,2,2,2,2,2,7,5441, 0, 0, 283616.4138
Hélder_Postiga, 1982-08-02, 2445184, 2,2,2,2,2,2,2,7,2729, 0, 0, 42539.28571
Jacques_Delors, 1925-07-20, 2424352, 2,2,2,2,2,7,79,137, 0, 0, 40918.65625
Jean-Léon_Gérôme, 1824-05-10, 2387392, 2,2,2,2,2,2,7,73,73, 0, 0, 43071.81818
John_Dillinger, 1903-06-22, 2416288, 2,2,2,2,2,7,7,23,67, 0, 0, 521797.3438
Juhi_Chawla, 1967-11-13, 2439808, 2,2,2,2,2,2,2,7,7,389, 0, 0, 128468
Juliette_Binoche, 1964-03-09, 2438464, 2,2,2,2,2,2,7,5443, 0, 0, 135998.3696
Lionel_Richie, 1949-06-20, 2433088, 2,2,2,2,2,2,7,5431, 0, 0, 222790.4146
Manuel_Castells, 1942-02-09, 2430400, 2,2,2,2,2,2,5,5,7,7,31, 0, 0, 58047.26923
Massimo_Oddo, 1976-06-14, 2442944, 2,2,2,2,2,2,7,7,19,41, 0, 0, 42181.78378
Nani, 1986-11-17, 2446752, 2,2,2,2,2,3,7,11,331, 0, 0, 104851.4464
Odilon_Redon, 1840-04-20, 2393216, 2,2,2,2,2,2,2,7,2671, 0, 0, 49060.34375
Regina_Spektor, 1980-02-18, 2444288, 2,2,2,2,2,2,2,2,2,2,7,11,31, 0, 0, 235701.1071
Roland_Ratzenberger, 1960-07-04, 2437120, 2,2,2,2,2,2,2,2,2,2,2,2,5,7,17, 0, 0, 73821.15152
Steve_Zahn, 1967-11-13, 2439808, 2,2,2,2,2,2,2,7,7,389, 0, 0, 131170.8966
Vitali_Klitschko, 1971-07-19, 2441152, 2,2,2,2,2,2,7,5449, 0, 0, 446598.2759
Zachary_Levi, 1980-09-29, 2444512, 2,2,2,2,2,7,7,1559, 0, 0, 275708.2593
