Boris_Gelfand, 1968-06-24, 2,2,2,2,2,3,7,3631, 12753.91667
Frantz_Fanon, 1925-07-20, 2,2,2,2,2,7,79,137, 55098.13158
Heather_Locklear, 1961-09-25, 2,2,2,2,2,2,7,5441, 283616.4138
Jacques_Delors, 1925-07-20, 2,2,2,2,2,7,79,137, 40918.65625
Juliette_Binoche, 1964-03-09, 2,2,2,2,2,2,7,5443, 135998.3696
Kenneth_Kaunda, 1924-04-28, 2,2,2,2,2,3,7,3607, 15520.39024
Lionel_Richie, 1949-06-20, 2,2,2,2,2,2,7,5431, 222790.4146
Otto_Jespersen, 1860-07-16, 2,2,2,2,2,7,7,1531, 9536.433333
Sejanus, -0020-06-03, 2,2,2,2,2,3,7,2551, 24050.39286
Vitali_Klitschko, 1971-07-19, 2,2,2,2,2,2,7,5449, 446598.2759
Yegor_Gaidar, 1956-03-19, 2,2,2,2,2,7,83,131, 12491.20513
Zachary_Levi, 1980-09-29, 2,2,2,2,2,7,7,1559, 275708.2593
