Alessandro_Volta, 1745-02-18, 2,2,2,3,98269, 93150.15068
Anne_Brontë, 1820-01-17, 2,2,2,3,99409, 28826.26
Benny_Goodman, 1909-05-30, 2,2,2,3,100769, 65421.76087
Berti_Vogts, 1946-12-30, 2,2,2,3,101341, 41072.03571
Christian_Panucci, 1973-04-12, 2,2,2,3,101741, 40140.42857
Dmitri_Mendeleev, 1834-02-08, 2,2,2,3,99623, 75930.7156
Edgar_Cayce, 1877-03-18, 2,2,2,3,100279, 129744.5357
Evangeline_Lilly, 1979-08-03, 2,2,2,3,101837, 189669.5385
Ferdinand_I_of_Romania, 1865-08-24, 2,2,2,3,100103, 18548.14706
Fritz_Sauckel, 1894-10-27, 2,2,2,3,100547, 39936.21429
Heinrich_Schliemann, 1822-01-06, 2,2,2,3,99439, 53767.4375
Lars_Jacobsen, 1979-09-20, 2,2,2,3,101839, 16123.82143
Malcolm_McDowell, 1943-06-13, 2,2,2,3,101287, 228129.973
Maria_II_of_Portugal, 1819-04-04, 2,2,2,3,99397, 28402.19355
Mary,_Crown_Princess_of_Denmark, 1972-02-05, 2,2,2,3,101723, 28696.03125
Pamela_Anderson, 1967-07-01, 2,2,2,3,101653, 320536.2787
Patti_Smith, 1946-12-30, 2,2,2,3,101341, 205034.119
Paul_di_Resta, 1986-04-16, 2,2,2,3,101939, 34261.86667
Shinji_Okazaki, 1986-04-16, 2,2,2,3,101939, 75529.80769
Zhao_Ziyang, 1919-10-17, 2,2,2,3,100927, 80005.09375
Émile_Durkheim, 1858-04-15, 2,2,2,3,99991, 174449.8143
