Christina_Aguilera, 1980-12-18, 2,2,2,2,3,50929, 490432.5139
Daryl_Hannah, 1960-12-03, 2,2,2,3,3,33851, 217024.9143
David_Cameron, 1966-10-09, 2,2,2,2,3,50821, 129780.3837
Devon_Aoki, 1982-08-10, 2,2,2,3,3,33961, 198491.1071
Diana_Ross, 1944-03-26, 2,2,2,3,11,9209, 246066.5217
Dionne_Warwick, 1940-12-12, 2,2,2,3,103,983, 157779
Emma_Stone, 1988-11-06, 2,2,2,2,3,50989, 934637.4474
Filippo_Inzaghi, 1973-08-09, 2,2,2,2,3,50873, 155846.9348
J._D._Salinger, 1919-01-01, 2,2,2,3,5,20183, 143019.2656
Julian_Assange, 1971-07-03, 2,2,2,2,3,50857, 182914.8554
Julianne_Moore, 1960-12-03, 2,2,2,3,3,33851, 275829.7903
Larry_Ellison, 1944-08-17, 2,2,2,3,5,20261, 207032.069
Liev_Schreiber, 1967-10-04, 2,2,2,3,59,1723, 335520.7037
Maggie_Gyllenhaal, 1977-11-16, 2,2,2,3,3,33937, 320363.8889
Masashi_Kishimoto, 1974-11-08, 2,2,2,3,5,20353, 136862.6744
Richard_Chamberlain, 1934-03-31, 2,2,2,3,41,2467, 118327.2857
Robert_Plant, 1948-08-20, 2,2,2,2,3,50683, 240030.1064
Thomas_Edison, 1847-02-11, 2,2,2,3,173,577, 306600.6905
Traci_Lords, 1968-05-07, 2,2,2,2,3,50833, 426726.8889
Yasser_Arafat, 1929-08-24, 2,2,2,3,61,1657, 114414.3936
Zico, 1953-03-03, 2,2,2,3,5,20287, 127777.2045
