Amanda_Peet, 1972-01-11, 2441328, 2,2,2,2,3,181,281, 0, 0, 128232.4545
Arthur_Rimbaud, 1854-10-20, 2398512, 2,2,2,2,3,107,467, 0, 0, 133604.7361
B._F._Skinner, 1904-03-20, 2416560, 2,2,2,2,3,5,10069, 0, 0, 176265.8378
Charles_Aznavour, 1924-05-22, 2423928, 2,2,2,3,13,17,457, 0, 0, 131114.234
David_Schwimmer, 1966-11-02, 2439432, 2,2,2,3,3,17,1993, 0, 0, 254211.1707
Ellen_Pompeo, 1969-11-10, 2440536, 2,2,2,3,7,73,199, 0, 0, 252505.697
Elliott_Smith, 1969-08-06, 2440440, 2,2,2,3,3,5,6779, 0, 0, 205500.2414
Franck_Ribéry, 1983-04-07, 2445432, 2,2,2,3,11,59,157, 0, 0, 236676.5574
George_A._Romero, 1940-02-04, 2429664, 2,2,2,2,2,3,25309, 0, 0, 169989.8333
Gilbert_Arenas, 1982-01-06, 2444976, 2,2,2,2,3,3,16979, 0, 0, 132246.7692
Herman_Melville, 1819-08-01, 2385648, 2,2,2,2,3,3,16567, 0, 0, 125500.6875
Indira_Gandhi, 1917-11-19, 2421552, 2,2,2,2,3,7,7207, 0, 0, 119306.4388
Julia_Roberts, 1967-10-28, 2439792, 2,2,2,2,3,3,16943, 0, 0, 364397.0921
Lamar_Odom, 1979-11-06, 2444184, 2,2,2,3,3,83,409, 0, 0, 363214.0357
Lisa_Marie_Presley, 1968-02-01, 2439888, 2,2,2,2,3,11,4621, 0, 0, 424263.2857
Madonna_(entertainer), 1958-08-16, 2436432, 2,2,2,2,3,193,263, 0, 0, 212726.0638
Maggie_Q, 1979-05-22, 2444016, 2,2,2,2,3,59,863, 0, 0, 339764.1429
Mickey_Rourke, 1952-09-16, 2434272, 2,2,2,2,2,3,25357, 0, 0, 443698.7556
Paul_Stanley, 1952-01-20, 2434032, 2,2,2,2,3,3,16903, 0, 0, 211612.6786
Ritchie_Blackmore, 1945-04-14, 2431560, 2,2,2,3,5,23,881, 0, 0, 145133
Rocky_Marciano, 1923-09-01, 2423664, 2,2,2,2,3,3,16831, 0, 0, 191149.6486
