Bill_Russell, 1934-02-12, 2,2,2,3,3,5,11,613, 159493.9355
Eddie_Murphy, 1961-04-03, 2,2,2,2,3,17,29,103, 325598.4925
Ellen_Barkin, 1954-04-16, 2,2,2,2,2,3,13,1951, 173750.7308
Ennio_Morricone, 1928-11-10, 2,2,2,3,5,17,29,41, 139189.4444
Ethan_Hawke, 1970-11-06, 2,2,2,2,2,2,3,12713, 246699.9318
Fred_Astaire, 1899-05-10, 2,2,2,2,2,2,3,12577, 141825.5763
Gianluigi_Buffon, 1978-01-28, 2,2,2,2,3,3,71,239, 178751.254
Jiang_Zemin, 1926-08-17, 2,2,2,3,3,7,17,283, 113336.9348
Jupp_Heynckes, 1945-05-09, 2,2,2,2,2,3,3,8443, 122083.5
Kajol, 1974-08-05, 2,2,2,3,11,11,29,29, 244413.45
Liam_Hemsworth, 1990-01-13, 2,2,2,2,2,3,43,593, 745343.1724
Marcus_Aurelius, 0121-04-26, 2,2,2,3,3,3,11,743, 162190.0959
Matt_LeBlanc, 1967-07-25, 2,2,2,2,3,7,53,137, 282462.3333
Paul_McCartney, 1942-06-18, 2,2,2,2,2,2,3,12659, 383630.1136
Priyanka_Chopra, 1982-07-18, 2,2,2,2,3,11,11,421, 275068.898
Roger_Ebert, 1942-06-18, 2,2,2,2,2,2,3,12659, 274734.1212
Tom_Cruise, 1962-07-03, 2,2,2,3,3,7,7,691, 591604.5732
Valentino_Rossi, 1979-02-16, 2,2,2,2,3,5,17,599, 214974.2245
Whoopi_Goldberg, 1955-11-13, 2,2,2,2,2,3,23,1103, 250719.5172
Zachary_Quinto, 1977-06-02, 2,2,2,2,2,3,31,821, 283763.5
Zlatan_Ibrahimović, 1981-10-03, 2,2,2,2,3,5,61,167, 461235.1791
