Amedeo_Avogadro, 1776-08-09, 2369952, 2,2,2,2,2,3,3,3,13,211, 0, 0, 35850.27941
Andreas_Brehme, 1960-11-09, 2437248, 2,2,2,2,2,2,2,3,11,577, 0, 0, 29412.06061
Andrei_Grechko, 1903-10-04, 2416392, 2,2,2,3,3,3,3,3,11,113, 0, 0, 8287.785714
Antonio_Machado, 1875-07-26, 2406096, 2,2,2,2,3,3,7,7,11,31, 0, 0, 140250.9032
Arthur_Evans, 1851-07-08, 2397312, 2,2,2,2,2,2,2,3,3,2081, 0, 0, 17376.8
Carl_Jung, 1875-07-26, 2406096, 2,2,2,2,3,3,7,7,11,31, 0, 0, 224846.8472
Elizabeth_Barrett_Browning, 1806-03-06, 2380752, 2,2,2,2,3,3,3,3,11,167, 0, 0, 52032.55556
Emílio_Garrastazu_Médici, 1905-12-04, 2417184, 2,2,2,2,2,3,3,7,11,109, 0, 0, 32923.38462
Ernst_Kaltenbrunner, 1903-10-04, 2416392, 2,2,2,3,3,3,3,3,11,113, 0, 0, 65302.60976
François_Bayrou, 1951-05-25, 2433792, 2,2,2,2,2,2,2,2,3,3169, 0, 0, 36110.8125
Gemma_Arterton, 1986-02-02, 2446464, 2,2,2,2,2,2,2,3,23,277, 0, 0, 481014.3103
Jean_Nouvel, 1945-08-12, 2431680, 2,2,2,2,2,2,3,5,17,149, 0, 0, 55852.30556
José_Carreras, 1946-12-05, 2432160, 2,2,2,2,2,3,3,3,5,563, 0, 0, 49192.69767
Percival_Lowell, 1855-03-13, 2398656, 2,2,2,2,2,2,3,13,31,31, 0, 0, 19600
Raúl_Castro, 1931-06-03, 2426496, 2,2,2,2,2,2,2,3,71,89, 0, 0, 66641.33824
Scatman_John, 1942-03-13, 2430432, 2,2,2,2,2,3,3,3,29,97, 0, 0, 150487.0645
Ted_Kennedy, 1932-02-22, 2426760, 2,2,2,3,3,3,3,5,7,107, 0, 0, 206382.3585
Wyclef_Jean, 1969-10-17, 2440512, 2,2,2,2,2,2,3,3,19,223, 0, 0, 163833.3056
