André_Ooijer, 1974-07-11, 2442240, 2,2,2,2,2,2,2,2,2,2,3,3,5,53, 0, 0, 22548.5
Bruno_Bauer, 1809-09-06, 2382032, 2,2,2,2,53,53,53, 0, 0, 11194.51613
Clint_Eastwood, 1930-05-31, 2426128, 2,2,2,2,53,2861, 0, 0, 508947.76
Guntis_Ulmanis, 1939-09-13, 2429520, 2,2,2,2,3,5,53,191, 0, 0, 5736.666667
Helena_Bonham_Carter, 1966-05-26, 2439272, 2,2,2,11,53,523, 0, 0, 499967.7872
Jacques_Santer, 1937-05-18, 2428672, 2,2,2,2,2,2,2,2,53,179, 0, 0, 11366.76667
Jean-François_Lyotard, 1924-08-10, 2424008, 2,2,2,53,5717, 0, 0, 40360.68571
John_Goodman, 1952-06-20, 2434184, 2,2,2,53,5741, 0, 0, 272947.4571
John_Logie_Baird, 1888-08-14, 2410864, 2,2,2,2,53,2843, 0, 0, 48682.83019
John_Rhys-Davies, 1944-05-05, 2431216, 2,2,2,2,47,53,61, 0, 0, 192904.5161
Lajos_Kossuth, 1802-09-19, 2379488, 2,2,2,2,2,23,53,61, 0, 0, 36778.56757
Ludwig_Beck, 1880-06-29, 2407896, 2,2,2,3,3,53,631, 0, 0, 46002.36667
Lynn_Redgrave, 1943-03-08, 2430792, 2,2,2,3,3,7,7,13,53, 0, 0, 75009.74074
Mark_Hoppus, 1972-03-15, 2441392, 2,2,2,2,53,2879, 0, 0, 154555.8788
Paul-Henri_Spaak, 1899-01-25, 2414680, 2,2,2,5,17,53,67, 0, 0, 19102.58065
Peter_II_of_Portugal, 1648-04-26, 2323096, 2,2,2,53,5479, 0, 0, 15008.88889
Richard_Dreyfuss, 1947-10-29, 2432488, 2,2,2,53,5737, 0, 0, 144676.2308
Rosie_Huntington-Whiteley, 1987-04-18, 2446904, 2,2,2,29,53,199, 0, 0, 503105.9688
Stephen_Hawking, 1942-01-08, 2430368, 2,2,2,2,2,53,1433, 0, 0, 581601.7738
Tomáš_Necid, 1989-08-13, 2447752, 2,2,2,23,53,251, 0, 0, 20432.88889
