Alexander_Prokhorov, 1916-07-11, 2421056, 2,2,2,2,2,2,11,19,181, 0, 0, 5875.130435
Amanda_Peet, 1972-01-11, 2441328, 2,2,2,2,3,181,281, 0, 0, 128232.4545
David_Ben-Gurion, 1886-10-16, 2410196, 2,2,181,3329, 0, 0, 52114.86076
Ezer_Weizman, 1924-06-15, 2423952, 2,2,2,2,3,3,3,31,181, 0, 0, 19709.64516
Gino_Bartali, 1914-07-18, 2420332, 2,2,181,3343, 0, 0, 29833.66667
Gough_Whitlam, 1916-07-11, 2421056, 2,2,2,2,2,2,11,19,181, 0, 0, 54667.77778
Jean_Giraudoux, 1882-10-29, 2408748, 2,2,3,181,1109, 0, 0, 30351.03846
Jochen_Rindt, 1942-04-18, 2430468, 2,2,3,3,181,373, 0, 0, 55726.65517
John_Russell_Hind, 1823-05-12, 2387028, 2,2,3,7,157,181, 0, 0, 3228.107143
Mardy_Fish, 1981-12-09, 2444948, 2,2,11,181,307, 0, 0, 41382.6875
Nikolai_Bukharin, 1888-10-09, 2410920, 2,2,2,3,3,5,37,181, 0, 0, 30570.07895
Prince_Andrew,_Duke_of_York, 1960-02-19, 2436984, 2,2,2,3,3,11,17,181, 0, 0, 28485.86111
Zbigniew_Boniek, 1956-03-03, 2435536, 2,2,2,2,29,29,181, 0, 0, 57992.84848
