Baldassare_Castiglione, 1478-12-06, 2261237, 11,199,1033, 0, 0, 38411.37931
Celine_Dion, 1968-03-30, 2439946, 2,1033,1181, 0, 0, 294861.8421
Dieter_Bohlen, 1954-02-07, 2434781, 1033,2357, 0, 0, 121620.0732
Harold_E._Varmus, 1939-12-18, 2429616, 2,2,2,2,3,7,7,1033, 0, 0, 8553.965517
Herbert_Kroemer, 1928-08-25, 2425484, 2,2,587,1033, 0, 0, 11286.66667
István_Sándorfi, 1948-06-12, 2432715, 3,5,157,1033, 0, 0, 2481.928571
Kiro_Gligorov, 1917-05-03, 2421352, 2,2,2,293,1033, 0, 0, 9971.727273
Nicklas_Bendtner, 1988-01-16, 2447177, 23,103,1033, 0, 0, 110884.1837
Sotirios_Kyrgiakos, 1979-07-23, 2444078, 2,7,13,13,1033, 0, 0, 34073.96774
Steve_Martin, 1945-08-14, 2431682, 2,11,107,1033, 0, 0, 257673.1818
William_Wordsworth, 1770-04-07, 2367636, 2,2,3,191,1033, 0, 0, 100490.8955
Wim_Wenders, 1945-08-14, 2431682, 2,11,107,1033, 0, 0, 81731.58537
