Bridget_Fonda, 1964-01-27, 2438422, 2,7,19,89,103, 0, 0, 163795.8286
Caster_Semenya, 1991-01-07, 2448264, 2,2,2,3,7,13,19,59, 0, 0, 113576.6071
Connie_Francis, 1938-12-12, 2429245, 5,7,13,19,281, 0, 0, 105616.1481
Eden_Hazard, 1991-01-07, 2448264, 2,2,2,3,7,13,19,59, 0, 0, 240831.7568
George_Peppard, 1928-10-01, 2425521, 3,7,19,6079, 0, 0, 203965.0769
Henrik_Larsson, 1971-09-20, 2441215, 5,7,19,3671, 0, 0, 104126.3778
Hilary_Duff, 1987-09-28, 2447067, 3,7,19,6133, 0, 0, 545032.2759
Humphrey_Bogart, 1899-12-25, 2415014, 2,7,7,19,1297, 0, 0, 162800.3571
John_Bonham, 1948-05-31, 2432703, 3,7,7,13,19,67, 0, 0, 198457.2791
John_Entwistle, 1944-10-09, 2431373, 7,19,101,181, 0, 0, 131610.8148
John_von_Neumann, 1903-12-28, 2416477, 7,19,18169, 0, 0, 106779.2754
Kim_Novak, 1933-02-13, 2427117, 3,7,7,11,19,79, 0, 0, 138737.0303
Mads_Mikkelsen, 1965-11-22, 2439087, 3,7,19,6113, 0, 0, 213072.3571
Manfred_von_Richthofen, 1892-05-02, 2412221, 7,7,19,2591, 0, 0, 201481.093
Neil_Young, 1945-11-12, 2431772, 2,2,7,7,19,653, 0, 0, 321384.093
Peter_Facinelli, 1973-11-26, 2442013, 7,7,19,43,61, 0, 0, 332463.3846
René_Magritte, 1898-11-21, 2414615, 5,7,19,3631, 0, 0, 216400.3929
Ricardo_Quaresma, 1983-09-26, 2445604, 2,2,7,19,4597, 0, 0, 201245.4146
Roger_Waters, 1943-09-06, 2430974, 2,7,13,19,19,37, 0, 0, 246861.9556
Steve_Vai, 1960-06-06, 2437092, 2,2,3,3,7,19,509, 0, 0, 213699.7632
Taylor_Momsen, 1993-07-26, 2449195, 5,7,19,29,127, 0, 0, 448704.027
