Afonso_V_of_Portugal, 1432-01-15, 7,19,47,359, 21701.69231
Amy_Adams, 1974-08-20, 3,7,19,6121, 400438.8085
Bojan_Krkić, 1990-08-28, 7,19,79,233, 192750.8409
Ephraim_Katzir, 1916-05-16, 7,19,109,167, 11172.40741
George_Lazenby, 1939-09-05, 3,7,19,6089, 164272.4444
George_Paget_Thomson, 1892-05-03, 7,7,19,2591, 7918.90566
Jean-Antoine_Watteau, 1684-10-10, 7,11,19,1597, 40980.72093
Jenna_Jameson, 1974-04-09, 2,7,19,9181, 629642.0417
José_Bosingwa, 1982-08-24, 5,7,19,3677, 65514.27027
Kim_Källström, 1982-08-24, 5,7,19,3677, 38947.91667
Niki_Lauda, 1949-02-22, 7,11,19,1663, 182704.9362
Nikolai_Andrianov, 1952-10-14, 3,7,19,6101, 12399.5
Ofra_Haza, 1957-11-19, 7,13,19,1409, 91383.25
Percival_Lowell, 1855-03-13, 5,7,19,3607, 19600
Shaggy_(musician), 1968-10-22, 7,7,19,2621, 50700.73333
