Benjamin_Thompson, 1753-03-26, 2361415, 5,7,19,53,67, 0, 0, 22550.88889
Bridget_Fonda, 1964-01-27, 2438422, 2,7,19,89,103, 0, 0, 163795.8286
Connie_Francis, 1938-12-12, 2429245, 5,7,13,19,281, 0, 0, 105616.1481
Darren_Bent, 1984-02-06, 2445737, 7,7,19,37,71, 0, 0, 72977.02778
Domenico_Modugno, 1928-01-09, 2425255, 5,7,7,19,521, 0, 0, 57215.81081
Erich_Raeder, 1876-04-24, 2406369, 3,7,19,37,163, 0, 0, 42112.61364
Fábio_Aurélio, 1979-09-24, 2444141, 7,17,19,23,47, 0, 0, 41001.60606
Gérard_Philipe, 1922-12-04, 2423393, 7,7,19,19,137, 0, 0, 29105.48649
Holger_Badstuber, 1989-03-13, 2447599, 7,7,11,19,239, 0, 0, 53554.47368
Horst_Seehofer, 1949-07-04, 2433102, 2,3,7,19,3049, 0, 0, 42283.10345
Humphrey_Bogart, 1899-12-25, 2415014, 2,7,7,19,1297, 0, 0, 162800.3571
James_Irwin, 1930-03-17, 2426053, 7,17,19,29,37, 0, 0, 21685.51852
Marko_Marin, 1989-03-13, 2447599, 7,7,11,19,239, 0, 0, 96147.39474
Maximilian_Schell, 1930-12-08, 2426319, 3,3,7,19,2027, 0, 0, 53683.9
Peter_Facinelli, 1973-11-26, 2442013, 7,7,19,43,61, 0, 0, 332463.3846
Peter_Zumthor, 1943-04-26, 2430841, 7,7,7,19,373, 0, 0, 57836.65517
Ricardo_Quaresma, 1983-09-26, 2445604, 2,2,7,19,4597, 0, 0, 201245.4146
Sébastien_Buemi, 1988-10-31, 2447466, 2,3,7,19,3067, 0, 0, 19211.47059
Taylor_Momsen, 1993-07-26, 2449195, 5,7,19,29,127, 0, 0, 448704.027
Václav_Havel, 1936-10-05, 2428447, 7,19,19,31,31, 0, 0, 53379.43373
William_Bligh, 1754-09-09, 2361947, 7,7,19,43,59, 0, 0, 56939.41379
