Akshay_Kumar, 1967-09-09, 2439743, 37,233,283, 0, 0, 373476.7714
Alejandro_Sanz, 1968-12-18, 2440209, 3,233,3491, 0, 0, 151861.5862
Craig_Gordon, 1982-12-31, 2445335, 5,233,2099, 0, 0, 30098.92308
Jordan_Rudess, 1956-11-04, 2435782, 2,233,5227, 0, 0, 56756.59259
Jorge_Rafael_Videla, 1925-08-02, 2424365, 5,233,2081, 0, 0, 70591.29268
Mandy_Moore, 1984-04-10, 2445801, 3,233,3499, 0, 0, 397600.4634
Marshall_McLuhan, 1911-07-21, 2419239, 3,233,3461, 0, 0, 118848.7027
Nicole_Richie, 1981-09-21, 2444869, 7,233,1499, 0, 0, 365720.3077
Prosper_Mérimée, 1803-09-28, 2379862, 2,233,5107, 0, 0, 30427.88462
Simon_Wiesenthal, 1908-12-31, 2418307, 97,107,233, 0, 0, 81502.07692
Vespasian, 0009-11-17, 1724666, 2,233,3701, 0, 0, 58268.92754
