Akshay_Kumar, 1967-09-09, 2439743, 37,233,283, 0, 0, 373476.7714
Alejandro_Sanz, 1968-12-18, 2440209, 3,233,3491, 0, 0, 151861.5862
Chris_Penn, 1965-10-10, 2439044, 2,2,233,2617, 0, 0, 188139.5185
Date_Masamune, 1567-09-05, 2293652, 2,2,23,107,233, 0, 0, 277320.1481
Fernando_de_la_Rúa, 1937-09-15, 2428792, 2,2,2,233,1303, 0, 0, 36691.10345
Jordan_Rudess, 1956-11-04, 2435782, 2,233,5227, 0, 0, 56756.59259
Jorge_Rafael_Videla, 1925-08-02, 2424365, 5,233,2081, 0, 0, 70591.29268
Justin_Timberlake, 1981-01-31, 2444636, 2,2,43,61,233, 0, 0, 571333.029
Malcolm_McDowell, 1943-06-13, 2430889, 233,10433, 0, 0, 228129.973
Malcolm_Young, 1953-01-06, 2434384, 2,2,2,2,233,653, 0, 0, 156465.2692
Mandy_Moore, 1984-04-10, 2445801, 3,233,3499, 0, 0, 397600.4634
Marshall_McLuhan, 1911-07-21, 2419239, 3,233,3461, 0, 0, 118848.7027
Michael_Crichton, 1942-10-23, 2430656, 2,2,2,2,2,2,163,233, 0, 0, 156785.5532
Nat_King_Cole, 1919-03-17, 2422035, 3,3,3,5,7,11,233, 0, 0, 131799.625
Nicole_Richie, 1981-09-21, 2444869, 7,233,1499, 0, 0, 365720.3077
Peter_Stormare, 1953-08-27, 2434617, 3,3,3,3,3,43,233, 0, 0, 174557.4643
Pope_Paul_III, 1468-02-29, 2257304, 2,2,2,7,173,233, 0, 0, 33269.55357
Prosper_Mérimée, 1803-09-28, 2379862, 2,233,5107, 0, 0, 30427.88462
Simon_Wiesenthal, 1908-12-31, 2418307, 97,107,233, 0, 0, 81502.07692
Vespasian, 0009-11-17, 1724666, 2,233,3701, 0, 0, 58268.92754
William_III_of_the_Netherlands, 1817-02-19, 2384755, 5,23,89,233, 0, 0, 47078.18182
