Alex_Oxlade-Chamberlain, 1993-08-15, 2449215, 3,3,5,37,1471, 0, 0, 87397.77419
Antônio_Carlos_Jobim, 1927-01-25, 2424906, 2,3,3,11,37,331, 0, 0, 50452.05128
Brigitte_Nielsen, 1963-07-15, 2438226, 2,3,3,7,37,523, 0, 0, 277783.9394
Cesária_Évora, 1941-08-27, 2430234, 2,3,3,37,41,89, 0, 0, 42942.5098
Cynthia_Nixon, 1966-04-09, 2439225, 3,3,5,5,37,293, 0, 0, 204391.3103
Dianna_Agron, 1986-04-30, 2446551, 3,3,3,31,37,79, 0, 0, 540759.6429
Franklin_Pierce, 1804-11-23, 2380284, 2,2,3,3,37,1787, 0, 0, 48260.7191
George_Boole, 1815-11-02, 2384280, 2,2,2,3,3,5,37,179, 0, 0, 36059.67925
Giuseppe_Tomasi_di_Lampedusa, 1896-12-23, 2413917, 3,3,11,37,659, 0, 0, 22699.42105
Hun_Sen, 1952-08-05, 2434230, 2,3,3,5,17,37,43, 0, 0, 42468.96875
Jody_Williams, 1950-10-09, 2433564, 2,2,3,3,3,3,7,29,37, 0, 0, 16278.65625
Jordin_Sparks, 1989-12-22, 2447883, 3,3,37,7351, 0, 0, 241869.0571
Lucrezia_Borgia, 1480-04-18, 2261736, 2,2,2,3,3,3,37,283, 0, 0, 226326.925
Marsilio_Ficino, 1433-10-19, 2244753, 3,3,3,3,7,37,107, 0, 0, 27754.43243
Nick_Jonas, 1992-09-16, 2448882, 2,3,3,37,3677, 0, 0, 491029.6286
Nikolai_Bukharin, 1888-10-09, 2410920, 2,2,2,3,3,5,37,181, 0, 0, 30570.07895
Pierre_Puvis_de_Chavannes, 1824-12-14, 2387610, 2,3,3,3,5,37,239, 0, 0, 22861.03846
Steve_Carell, 1962-08-16, 2437893, 3,3,37,7321, 0, 0, 408367.0857
Thein_Sein, 1945-04-20, 2431566, 2,3,3,3,37,1217, 0, 0, 31385.11765
Tirunesh_Dibaba, 1985-06-01, 2446218, 2,3,3,37,3673, 0, 0, 18470.08333
Willy_Sagnol, 1977-03-18, 2443221, 3,3,11,23,29,37, 0, 0, 40680.17241
