Alan_Smith_(footballer,_born_1980), 1980-10-28, 2444541, 3,11,74077, 0, 0, 21709.58824
Arnold_Schwarzenegger, 1947-07-30, 2432397, 3,11,73709, 0, 0, 626488.4023
Augustine_of_Hippo, 0354-11-13, 1850673, 3,11,56081, 0, 0, 166036.0095
Ernst_Cassirer, 1874-07-28, 2405733, 3,11,72901, 0, 0, 28921.82857
Fidel_Castro, 1926-08-13, 2424741, 3,11,73477, 0, 0, 249390.8261
Françoise_Barré-Sinoussi, 1947-07-30, 2432397, 3,11,73709, 0, 0, 10841.97778
George_H._W._Bush, 1924-06-12, 2423949, 3,11,73453, 0, 0, 195980.7339
Günter_Verheugen, 1944-04-28, 2431209, 3,11,73673, 0, 0, 13267.88462
Harald_zur_Hausen, 1936-03-11, 2428239, 3,11,73583, 0, 0, 12929.19565
John_Carpenter_(footballer), 1948-08-29, 2432793, 3,11,73721, 0, 0, 193408.6563
Leonardo_Bonucci, 1987-05-01, 2446917, 3,11,74149, 0, 0, 56559.78788
Man_Ray, 1890-08-27, 2411607, 3,11,73079, 0, 0, 127407.2619
Pedro_Passos_Coelho, 1964-07-24, 2438601, 3,11,73897, 0, 0, 24249.06452
Shahar_Pe'er, 1987-05-01, 2446917, 3,11,74149, 0, 0, 20647.58065
Simeon_Saxe-Coburg-Gotha, 1937-06-16, 2428701, 3,11,73597, 0, 0, 28986.45
Takeshi_Kaneshiro, 1973-10-11, 2441967, 3,11,73999, 0, 0, 216811.7037
Věra_Čáslavská, 1942-05-03, 2430483, 3,11,73651, 0, 0, 15324.06897
Álvaro_Siza_Vieira, 1933-06-25, 2427249, 3,11,73553, 0, 0, 35229.2069
