Alessandra_Ambrosio, 1981-04-11, 2444706, 2,3,3,11,12347, 0, 0, 260149.3889
Bruce_Dickinson, 1958-08-07, 2436423, 3,11,17,43,101, 0, 0, 211911.225
Chuck_Berry, 1926-10-18, 2424807, 3,3,7,11,3499, 0, 0, 210749.1667
Debbie_Harry, 1945-07-01, 2431638, 2,3,3,11,12281, 0, 0, 203803.7407
Enid_Blyton, 1897-08-11, 2414148, 2,2,3,11,18289, 0, 0, 115140.1579
Eric_Idle, 1943-03-29, 2430813, 3,7,11,17,619, 0, 0, 114131.2941
Francis_Ford_Coppola, 1939-04-07, 2429361, 3,3,11,53,463, 0, 0, 196284.1053
Heidi_Klum, 1973-06-01, 2441835, 3,3,5,11,4933, 0, 0, 364413
James_Cameron, 1954-08-16, 2434971, 3,7,11,83,127, 0, 0, 290244.2571
John_Maynard_Keynes, 1883-06-05, 2408967, 3,3,3,11,8111, 0, 0, 135146.6196
Jon_Voight, 1938-12-29, 2429262, 2,3,3,11,12269, 0, 0, 218788.1731
Klaus_Kinski, 1926-10-18, 2424807, 3,3,7,11,3499, 0, 0, 186547.2703
Le_Corbusier, 1887-10-06, 2410551, 3,3,11,13,1873, 0, 0, 125251.9813
Leonardo_DiCaprio, 1974-11-11, 2442363, 3,7,11,97,109, 0, 0, 691050.3462
Michael_Gambon, 1940-10-19, 2429922, 2,3,11,11,3347, 0, 0, 279427.3235
Raphael, 1483-03-28, 2262810, 2,3,5,11,6857, 0, 0, 147547.6429
Steven_Seagal, 1952-04-10, 2434113, 3,3,11,23,1069, 0, 0, 446095.6667
Trent_Reznor, 1965-05-17, 2438898, 2,3,7,11,5279, 0, 0, 224082.3871
Vangelis, 1943-03-29, 2430813, 3,7,11,17,619, 0, 0, 135301.5217
Vin_Diesel, 1967-07-18, 2439690, 2,3,5,11,7393, 0, 0, 861818.1304
Zhang_Ziyi, 1979-02-09, 2443914, 2,3,3,11,12343, 0, 0, 175378.907
