Akira_Toriyama, 1955-04-05, 2,3,3,7,7,11,251, 298591.871
Alyssa_Milano, 1972-12-19, 2,3,5,7,7,11,151, 391663.175
Ariel_Sharon, 1928-02-26, 2,3,3,3,3,11,1361, 132964.6923
Dan_Brown, 1964-06-22, 2,2,2,3,3,11,3079, 203344.6154
Dirk_Kuyt, 1980-07-22, 2,3,7,11,11,13,37, 106860.8511
Eusébio, 1942-01-25, 2,2,2,2,3,11,4603, 58617.19608
Fats_Domino, 1928-02-26, 2,3,3,3,3,11,1361, 99342.73333
George_Harrison, 1943-02-25, 2,2,3,5,11,29,127, 325569.1667
John_Candy, 1950-10-31, 3,5,7,7,7,11,43, 259134.5758
Juanes, 1972-08-09, 2,3,3,11,11,19,59, 76709.41176
Kajol, 1974-08-05, 2,2,2,3,11,11,841, 244413.45
Kamui_Kobayashi, 1986-09-13, 2,3,3,3,3,11,1373, 71458.30303
Karel_Čapek, 1890-01-09, 2,2,2,2,3,11,4567, 46523.86275
Kate_Ryan, 1980-07-22, 2,3,7,11,11,13,37, 63870.28205
Lady_Bird_Johnson, 1912-12-22, 2,3,3,11,11,11,101, 87880.59259
Neil_Armstrong, 1930-08-05, 3,3,3,3,7,11,389, 229264.314
Pat_Morita, 1932-06-28, 2,3,3,7,11,17,103, 228295.5769
Robert_Johnson, 1911-05-08, 2,2,3,3,11,41,149, 151232.9167
Ruud_Gullit, 1962-09-01, 2,2,3,11,11,23,73, 105698.7174
Slash_(musician), 1965-07-23, 2,2,3,3,3,11,2053, 174043.2391
Zaha_Hadid, 1950-10-31, 3,5,7,7,7,11,43, 89713.52381
