Abraham_de_Moivre, 1667-05-26, 2,2,2,2,3,3,11,1471, 16287.56757
Ayman_al-Zawahiri, 1951-06-19, 2,2,2,3,3,7,11,439, 105545.7381
Bill_Russell, 1934-02-12, 2,2,2,3,3,5,11,613, 159493.9355
Friedrich_Gottlieb_Klopstock, 1724-07-02, 2,2,2,3,5,11,13,137, 20607
Golda_Meir, 1898-05-03, 2,2,3,3,7,11,13,67, 72860.85507
Luis_Buñuel, 1900-02-22, 2,2,2,2,2,3,11,2287, 102266.6909
Priyanka_Chopra, 1982-07-18, 2,2,2,2,3,11,11,421, 275068.898
Ramzan_Kadyrov, 1976-10-05, 2,2,2,2,3,7,11,661, 59848.20588
Sarah_Palin, 1964-02-11, 2,2,3,7,7,11,13,29, 423057.2857
Tite_Kubo, 1977-06-26, 2,2,2,3,3,5,11,617, 100239.7857
Wilhelm_Frick, 1877-03-12, 2,3,3,5,11,11,13,17, 40086.48649
William_Dampier, 1651-09-05, 2,3,3,3,7,11,13,43, 22712.93939
