Arnold_Schwarzenegger, 1947-07-30, 2432397, 3,11,73709, 0, 0, 626488.4023
Bam_Margera, 1979-09-28, 2444145, 3,5,11,14813, 0, 0, 453206.5556
Chris_Colfer, 1990-05-27, 2448039, 3,11,31,2393, 0, 0, 392159.4828
Chris_Rock, 1965-02-07, 2438799, 3,11,263,281, 0, 0, 400509.6176
Heidi_Klum, 1973-06-01, 2441835, 3,3,5,11,4933, 0, 0, 364413
Jeff_Bridges, 1949-12-04, 2433255, 3,5,11,14747, 0, 0, 305174.1087
John_D._Rockefeller, 1839-07-08, 2392929, 3,3,3,7,11,1151, 0, 0, 304381.7358
Keith_Richards, 1943-12-18, 2431077, 3,11,23,3203, 0, 0, 337027.55
Leonardo_DiCaprio, 1974-11-11, 2442363, 3,7,11,97,109, 0, 0, 691050.3462
Lisa_Marie_Presley, 1968-02-01, 2439888, 2,2,2,2,3,11,4621, 0, 0, 424263.2857
Mark_Hamill, 1951-09-25, 2433915, 3,3,3,5,11,11,149, 0, 0, 378820.2353
Meryl_Streep, 1949-06-22, 2433090, 2,3,5,11,73,101, 0, 0, 325459.9481
Mischa_Barton, 1986-01-24, 2446455, 3,5,11,14827, 0, 0, 329740.6765
Robin_Williams, 1951-07-21, 2433849, 3,11,131,563, 0, 0, 381439.2333
Rose_Byrne, 1979-07-24, 2444079, 3,11,11,6733, 0, 0, 363428.7857
Shawn_Michaels, 1965-07-22, 2438964, 2,2,3,3,3,11,2053, 0, 0, 554633.9706
Steven_Seagal, 1952-04-10, 2434113, 3,3,11,23,1069, 0, 0, 446095.6667
T.I., 1980-09-25, 2444508, 2,2,3,3,11,6173, 0, 0, 627045.1111
Taylor_Swift, 1989-12-13, 2447874, 2,3,3,3,11,13,317, 0, 0, 863062.3971
Tom_Hanks, 1956-07-09, 2435664, 2,2,2,2,3,7,11,659, 0, 0, 405936.5769
Vin_Diesel, 1967-07-18, 2439690, 2,3,5,11,7393, 0, 0, 861818.1304
