Adolf_Otto_Reinhold_Windaus, 1876-12-25, 2406614, 2,7,397,433, 0, 0, 6408.583333
Annie_Jump_Cannon, 1863-12-11, 2401851, 3,43,43,433, 0, 0, 9850.346154
Archibald_Primrose,_5th_Earl_of_Rosebery, 1847-05-07, 2395789, 11,433,503, 0, 0, 2943.032258
Claudio_Marchisio, 1986-01-19, 2446450, 2,5,5,113,433, 0, 0, 74269.47619
Gastón_Gaudio, 1978-12-09, 2443852, 2,2,17,83,433, 0, 0, 26141.82143
Ice_Cube, 1969-06-15, 2440388, 2,2,433,1409, 0, 0, 417361.2128
Jack_W._Szostak, 1952-11-09, 2434326, 2,3,433,937, 0, 0, 9005.714286
Jessica_Lange, 1949-04-20, 2433027, 3,433,1873, 0, 0, 158506.9783
Karel_Čapek, 1890-01-09, 2411377, 433,5569, 0, 0, 46523.86275
Marcel_Marceau, 1923-03-22, 2423501, 29,193,433, 0, 0, 62489.63158
Martin_Evans, 1941-01-01, 2429996, 2,2,23,61,433, 0, 0, 9385.756757
Massimo_D'Alema, 1949-04-20, 2433027, 3,433,1873, 0, 0, 25520.40541
Michael_Andreas_Barclay_de_Tolly, 1761-12-27, 2364613, 43,127,433, 0, 0, 13578.74194
Muhammad_Ali_Jinnah, 1876-12-25, 2406614, 2,7,397,433, 0, 0, 77781.35185
Oliver_Kahn, 1969-06-15, 2440388, 2,2,433,1409, 0, 0, 128890.1731
Patriarch_Alexy_II_of_Moscow, 1929-02-23, 2425666, 2,433,2801, 0, 0, 18763.8
Patricia_Arquette, 1968-04-08, 2439955, 5,7,7,23,433, 0, 0, 223049.1818
Paul_Éluard, 1895-12-14, 2413542, 2,3,433,929, 0, 0, 63021.125
Vladimir_Arnold, 1937-06-12, 2428697, 71,79,433, 0, 0, 12559.41935
Willem_Einthoven, 1860-05-21, 2400552, 2,2,2,3,3,7,11,433, 0, 0, 13841.83333
Winona_Ryder, 1971-10-29, 2441254, 2,433,2819, 0, 0, 338869.5
