Desiderius_Erasmus, 1466-10-28, 5,11,37,1109, 123443.0725
Galba, -0003-12-24, 5,37,71,131, 30359.55357
Günter_Blobel, 1936-05-21, 2,5,37,6563, 9837.612903
Hu_Jintao, 1942-12-21, 5,7,37,1877, 121948.3953
Jean-Honoré_Fragonard, 1732-04-05, 3,5,37,4241, 36056.7381
Jiddu_Krishnamurti, 1895-05-11, 5,5,37,2609, 107493.5556
Park_Geun-hye, 1952-02-02, 5,37,59,223, 60784.65957
Richard_Dean_Anderson, 1950-01-23, 5,7,37,1879, 179699.5556
Stanisław_Lem, 1921-09-12, 5,7,37,1871, 85297.65517
Stieg_Larsson, 1954-08-15, 2,5,37,6581, 296948.8605
Wladimir_Köppen, 1846-09-25, 5,23,37,563, 14812.03125
