Annie_Besant, 1847-10-01, 3,3,5,37,1439, 50775.40741
Ashley_Judd, 1968-04-19, 5,11,11,37,109, 305458.5938
Dennis_Gabor, 1900-06-05, 5,5,7,37,373, 138586.9796
Diane_Keaton, 1946-01-05, 5,5,11,37,239, 190583.1224
Dionne_Warwick, 1940-12-12, 5,5,37,37,71, 157779
Erik_Erikson, 1902-06-15, 3,3,5,37,1451, 216396.8235
Ian_Somerhalder, 1978-12-08, 2,5,5,37,1321, 547220.2667
Jean-Baptiste_Biot, 1774-04-21, 2,5,19,37,337, 8652.90625
Jeffrén_Suárez, 1988-01-20, 2,2,5,37,3307, 75520.34483
Jonny_Greenwood, 1971-11-05, 2,2,5,37,3299, 111441.5517
José_Sarney, 1930-04-24, 2,5,37,79,83, 51989.64516
Kelly_Kelly, 1987-01-15, 2,5,17,37,389, 355629.7778
Kevin_Carter, 1960-09-13, 2,5,7,37,941, 172414.5
Le_Corbusier, 1887-10-06, 2,5,5,37,1303, 125251.9813
Paul_Langevin, 1872-01-23, 3,5,7,37,619, 27317.88462
William_Carlos_Williams, 1883-09-17, 2,5,17,37,383, 57228.53846
