Alexander_Borodin, 1833-11-12, 2390865, 3,5,19,8389, 0, 0, 32806.56604
Andrey_Kolmogorov, 1903-04-25, 2416230, 2,3,3,3,3,5,19,157, 0, 0, 21115
Bohumil_Hrabal, 1914-03-28, 2420220, 2,2,3,5,11,19,193, 0, 0, 37298.70968
Carlos_Andrés_Pérez, 1922-10-27, 2423355, 3,5,11,19,773, 0, 0, 67926.7
Craig_David, 1981-05-05, 2444730, 2,3,5,19,4289, 0, 0, 135133.5882
Edward_G._Robinson, 1893-12-12, 2412810, 2,3,3,5,17,19,83, 0, 0, 81688.10714
Floriano_Peixoto, 1839-04-30, 2392860, 2,2,3,5,19,2099, 0, 0, 22539
Friedrich_Nietzsche, 1844-10-15, 2394855, 3,3,5,19,2801, 0, 0, 336278.3761
Gabriela_Mistral, 1889-04-07, 2411100, 2,2,3,3,3,5,5,19,47, 0, 0, 77513.51613
Giorgio_Armani, 1934-07-11, 2427630, 2,3,5,19,4259, 0, 0, 140216.7949
Giovanni_Trapattoni, 1939-03-17, 2429340, 2,2,3,5,19,2131, 0, 0, 84015.85294
Joe_Pesci, 1943-02-09, 2430765, 3,3,5,19,2843, 0, 0, 240775.8947
Jon_Dahl_Tomasson, 1976-08-29, 2443020, 2,2,3,5,19,2143, 0, 0, 48195.02941
Juliusz_Słowacki, 1809-09-04, 2382030, 2,3,3,5,7,19,199, 0, 0, 79692.86667
Ken_Russell, 1927-07-03, 2425065, 3,5,19,67,127, 0, 0, 52580.80769
Melanie_Klein, 1882-03-30, 2408535, 3,3,3,3,5,19,313, 0, 0, 60860.07692
Mercè_Rodoreda, 1908-10-10, 2418225, 3,5,5,19,1697, 0, 0, 19765.72414
Mike_Myers, 1963-05-25, 2438175, 3,5,5,19,29,59, 0, 0, 160244.0513
Ricky_Martin, 1971-12-24, 2441310, 2,3,5,19,4283, 0, 0, 233111.8421
Samora_Machel, 1933-09-29, 2427345, 3,3,5,17,19,167, 0, 0, 32086.21875
Wes_Brown, 1979-10-13, 2444160, 2,2,2,2,2,2,2,3,5,19,67, 0, 0, 42958.46667
