Alan_Moore, 1953-11-18, 2434700, 2,2,5,5,97,251, 0, 0, 214341.8485
Augustus_De_Morgan, 1806-06-27, 2380865, 5,97,4909, 0, 0, 19298.125
Charles_Lindbergh, 1902-02-04, 2415785, 5,17,97,293, 0, 0, 153255
Charles_VII,_Holy_Roman_Emperor, 1697-08-06, 2341095, 3,5,97,1609, 0, 0, 7147.825
Dennis_Tito, 1940-08-08, 2429850, 2,3,5,5,97,167, 0, 0, 28665.6
Django_Reinhardt, 1910-01-23, 2418695, 5,97,4987, 0, 0, 127176.75
Edward_I_of_England, 1239-06-17, 2173770, 2,3,3,3,5,83,97, 0, 0, 121767.5862
Eugenio_Montale, 1896-10-12, 2413845, 3,3,5,7,79,97, 0, 0, 38511.78333
Franz_Kafka, 1883-07-03, 2408995, 5,97,4967, 0, 0, 196158.075
Ian_Curtis, 1956-07-15, 2435670, 2,3,3,3,3,5,31,97, 0, 0, 209369.3429
Joe_Satriani, 1956-07-15, 2435670, 2,3,3,3,3,5,31,97, 0, 0, 240564.2703
John_Wilkes_Booth, 1838-05-10, 2392505, 5,97,4933, 0, 0, 194745.0227
Oleg_Salenko, 1969-10-25, 2440520, 2,2,2,5,17,37,97, 0, 0, 23304.51852
Paul_Pierce, 1977-10-13, 2443430, 2,5,11,97,229, 0, 0, 133974.8333
Peter_III_of_Russia, 1728-02-21, 2352250, 2,5,5,5,97,97, 0, 0, 57356.46939
Roald_Dahl, 1916-09-13, 2421120, 2,2,2,2,2,2,2,3,5,13,97, 0, 0, 261161.2745
Roger_Glover, 1945-11-30, 2431790, 2,5,23,97,109, 0, 0, 47004.25
Yeardley_Smith, 1964-07-03, 2438580, 2,2,3,5,97,419, 0, 0, 72923.11111
