Corey_Taylor, 1973-12-08, 2442025, 5,5,23,31,137, 0, 0, 356730.0357
Edmund_Hillary, 1919-07-20, 2422160, 2,2,2,2,5,13,17,137, 0, 0, 53212.875
Joseph_Joffre, 1852-01-12, 2397500, 2,2,5,5,5,5,7,137, 0, 0, 22736.94444
Josephine_Baker, 1906-06-03, 2417365, 5,137,3529, 0, 0, 151066.6667
Kwadwo_Asamoah, 1988-12-09, 2447505, 3,3,5,137,397, 0, 0, 54379
Lassana_Diarra, 1985-03-10, 2446135, 5,137,3571, 0, 0, 97979.56098
Lasse_Virén, 1949-07-22, 2433120, 2,2,2,2,2,3,5,37,137, 0, 0, 17062.75
Luis_Suárez, 1987-01-24, 2446820, 2,2,5,19,47,137, 0, 0, 138751.72
Matsukata_Masayoshi, 1835-02-25, 2391335, 5,137,3491, 0, 0, 21858.19231
Natalie_Portman, 1981-06-09, 2444765, 5,43,83,137, 0, 0, 583969.4487
Nikita_Mikhalkov, 1945-10-21, 2431750, 2,5,5,5,71,137, 0, 0, 29408.26471
Oleh_Husyev, 1983-04-25, 2445450, 2,3,5,5,7,17,137, 0, 0, 7777.935484
Paul_Kruger, 1825-10-10, 2387910, 2,3,5,7,83,137, 0, 0, 33392.74194
Tancredo_Neves, 1910-03-04, 2418735, 3,5,11,107,137, 0, 0, 46399.43333
Timothy_McVeigh, 1968-04-23, 2439970, 2,5,13,137,137, 0, 0, 230754.2581
