Alex_Ferguson, 1941-12-31, 2430360, 2,2,2,3,3,5,43,157, 0, 0, 211358.4697
Andrey_Kolmogorov, 1903-04-25, 2416230, 2,3,3,3,3,5,19,157, 0, 0, 21115
Anne-Sophie_Mutter, 1963-06-29, 2438210, 2,5,157,1553, 0, 0, 43465.62069
Bixente_Lizarazu, 1969-12-09, 2440565, 5,157,3109, 0, 0, 88764.84375
Dana_International, 1972-02-02, 2441350, 2,5,5,157,311, 0, 0, 55391.11111
David_J._Wineland, 1944-02-24, 2431145, 5,19,157,163, 0, 0, 8575.564103
Emre_Belözoğlu, 1980-09-07, 2444490, 2,3,3,5,157,173, 0, 0, 94989.19444
Gabriel_Milito, 1980-09-07, 2444490, 2,3,3,5,157,173, 0, 0, 70721.63158
Henry_Campbell-Bannerman, 1836-09-07, 2391895, 5,11,157,277, 0, 0, 12416.82857
István_Sándorfi, 1948-06-12, 2432715, 3,5,157,1033, 0, 0, 2481.928571
Nigar_Jamal, 1980-09-07, 2444490, 2,3,3,5,157,173, 0, 0, 17099.84615
Richard_Feynman, 1918-05-11, 2421725, 5,5,157,617, 0, 0, 113434.3684
Ross_Brawn, 1954-11-23, 2435070, 2,3,5,11,47,157, 0, 0, 60187.73077
