Albrecht_von_Wallenstein, 1583-09-24, 5,13,17,2081, 56718.8125
Anthony_Kiedis, 1962-11-01, 2,5,17,14341, 317967.6857
Bebé, 1990-07-12, 5,17,83,347, 76247.19231
Cecil_B._DeMille, 1881-08-12, 5,17,29,977, 63568.35294
Charles_Lindbergh, 1902-02-04, 5,17,97,293, 153255
Darren_Aronofsky, 1969-02-12, 5,17,19,1511, 193740.7105
Edvard_Beneš, 1884-05-28, 5,5,17,5669, 33930.92105
Fränk_Schleck, 1980-04-15, 5,17,149,193, 40777.14815
Hicham_El_Guerrouj, 1974-09-14, 5,17,59,487, 49132.84375
Jane_Austen, 1775-12-16, 3,5,17,9293, 273167.0714
Jesse_McCartney, 1987-04-09, 5,11,17,2617, 401128.9211
John_C._Reilly, 1965-05-24, 5,7,17,4099, 196377.9032
Justo_Villar, 1977-06-30, 5,5,17,5749, 23580.07407
Kenneth_Arrow, 1921-08-23, 5,5,17,5701, 22679.58974
Konstantin_Rokossovsky, 1896-12-21, 5,7,17,4057, 26269.21429
Lee_Harvey_Oswald, 1939-10-18, 5,17,101,283, 273467.78
Mario_Ančić, 1984-03-30, 2,5,17,14387, 20904.03704
Rembrandt, 1606-07-15, 5,17,19,1429, 167887.208
Samantha_Stosur, 1984-03-30, 2,5,17,14387, 57174.53846
Tera_Patrick, 1976-07-25, 5,17,41,701, 372297.8485
Youri_Djorkaeff, 1968-03-09, 5,5,17,5741, 58190.9375
