Aaron_Sorkin, 1961-06-09, 2437460, 2,2,5,17,67,107, 0, 0, 155314.7037
Bhumibol_Adulyadej, 1927-12-05, 2425220, 2,2,5,7,17,1019, 0, 0, 142465.0357
Carlos_Valderrama, 1961-09-02, 2437545, 3,5,11,11,17,79, 0, 0, 87651.18919
Colonel_Sanders, 1890-09-09, 2411620, 2,2,5,17,41,173, 0, 0, 168414.0385
Eduard_Khil, 1934-09-04, 2427685, 5,13,13,13,13,17, 0, 0, 119282.2857
Grzegorz_Lato, 1950-04-08, 2433380, 2,2,5,17,17,421, 0, 0, 37001.96667
Helmut_Kohl, 1930-04-03, 2426070, 2,3,5,17,67,71, 0, 0, 88218.78462
Jackie_Robinson, 1919-01-31, 2421990, 2,3,3,5,17,1583, 0, 0, 327129.3438
Joseph_Rotblat, 1908-11-04, 2418250, 2,5,5,5,17,569, 0, 0, 13715.06061
Kurt_Lewin, 1890-09-09, 2411620, 2,2,5,17,41,173, 0, 0, 89351.10345
Leopold_von_Ranke, 1795-12-21, 2377025, 5,5,7,17,17,47, 0, 0, 25407.64706
Michael_J._Fox, 1961-06-09, 2437460, 2,2,5,17,67,107, 0, 0, 467839.4
Möngke_Khan, 1209-01-10, 2162655, 3,3,5,11,17,257, 0, 0, 26244.86667
Pope_Gregory_XIII, 1502-01-07, 2269670, 2,5,13,13,17,79, 0, 0, 22895.03175
Samora_Machel, 1933-09-29, 2427345, 3,3,5,17,19,167, 0, 0, 32086.21875
Sasha_Grey, 1988-03-14, 2447235, 3,3,5,7,17,457, 0, 0, 1061929.568
Sebastian_Vettel, 1987-07-03, 2446980, 2,2,3,5,17,2399, 0, 0, 142688.7465
Septimius_Severus, 0145-04-11, 1774120, 2,2,2,5,17,2609, 0, 0, 48825.13115
Sinclair_Lewis, 1885-02-07, 2409580, 2,2,5,17,19,373, 0, 0, 32334.31148
Stan_Laurel, 1890-06-16, 2411535, 3,5,7,7,17,193, 0, 0, 119604.7576
Willy_Brandt, 1913-12-18, 2420120, 2,2,2,5,17,3559, 0, 0, 88754.5942
