Alexander_Herzen, 1812-04-06, 3,3,5,5,7,17,89, 13161.75676
Edward_G._Robinson, 1893-12-12, 2,3,3,5,17,19,83, 81688.10714
Erich_von_Manstein, 1887-11-24, 2,2,2,5,5,17,709, 90219.05263
Erwin_Neher, 1944-03-20, 2,3,3,5,7,17,227, 8000.548387
Frederick_I_of_Denmark, 1471-10-07, 2,2,5,7,13,17,73, 15340.46154
George_Berkeley, 1685-03-12, 3,5,7,7,11,17,17, 45852.2459
Hun_Sen, 1952-08-05, 2,3,3,5,17,37,43, 42468.96875
John_Searle, 1932-07-31, 2,2,2,5,17,43,83, 54174.17857
Josip_Jelačić, 1801-10-16, 2,3,3,5,5,17,311, 17949.96552
Michael_Bloomberg, 1942-02-14, 3,3,3,3,5,17,353, 167242.7273
Michael_Cera, 1988-06-07, 2,2,2,5,17,59,61, 487260.037
Mustafa_Kemal_Atatürk, 1881-05-19, 2,2,3,3,5,17,787, 117202.488
Oleg_Salenko, 1969-10-25, 2,2,2,5,17,37,97, 23304.51852
Oleh_Husyev, 1983-04-25, 2,3,5,5,7,17,137, 7777.935484
Paul-Henri_Spaak, 1899-01-25, 2,2,2,5,17,53,67, 19102.58065
Philip_II_of_Spain, 1527-05-21, 3,3,3,3,5,17,331, 142874.2344
