50_Cent, 1975-07-06, 2442600, 2,2,2,3,3,5,5,23,59, 0, 0, 632055.6716
Alexander_Stepanovich_Popov, 1859-03-16, 2400120, 2,2,2,3,3,5,59,113, 0, 0, 14746.34286
Billy_Mays, 1958-07-20, 2436405, 3,5,59,2753, 0, 0, 217374.9375
Dominic_Howard, 1977-12-07, 2443485, 3,5,11,59,251, 0, 0, 60687.37931
Elizabeth_Gaskell, 1810-09-29, 2382420, 2,2,3,5,59,673, 0, 0, 47487.86667
Heinrich_Harrer, 1912-07-06, 2419590, 2,3,5,59,1367, 0, 0, 85931.60714
Hermann_Weyl, 1885-11-09, 2409855, 3,5,7,59,389, 0, 0, 17863.78571
Kellan_Lutz, 1985-03-15, 2446140, 2,2,3,5,59,691, 0, 0, 340049.3333
Lucy_Lawless, 1968-03-29, 2439945, 3,3,5,59,919, 0, 0, 204632.0741
Luiz_Felipe_Scolari, 1948-11-09, 2432865, 3,5,59,2749, 0, 0, 83181.15385
Mike_Myers, 1963-05-25, 2438175, 3,5,5,19,29,59, 0, 0, 160244.0513
Nikola_Gruevski, 1970-08-31, 2440830, 2,3,5,7,59,197, 0, 0, 11086.95
Queen_Rania_of_Jordan, 1970-08-31, 2440830, 2,3,5,7,59,197, 0, 0, 148003.2105
