Antonio_Saca, 1965-03-09, 2,2,7,7,23,541, 13176.03333
Axl_Rose, 1962-02-06, 3,7,7,7,23,103, 429173.0952
Boutros_Boutros-Ghali, 1922-11-14, 2,2,7,23,53,71, 39777.91071
Carole_Lombard, 1908-10-06, 2,2,5,7,23,751, 101030.2903
Franco_Modigliani, 1918-06-18, 2,3,7,23,23,109, 19234.69444
Jerome_Karle, 1918-06-18, 2,3,7,23,23,109, 6066.457143
Kevin_Großkreutz, 1988-07-19, 3,3,3,7,23,563, 59244.19231
Michel_Ney, 1769-01-10, 3,7,13,13,23,29, 39585.975
Peter_I_of_Portugal, 1320-04-08, 5,7,7,17,23,23, 20777.44828
Ramires, 1987-03-24, 2,3,7,17,23,149, 74138.42857
Richard_Willstätter, 1872-08-13, 2,7,7,11,23,97, 6705.621622
Shane_Dawson, 1988-07-19, 3,3,3,7,23,563, 83233.85185
Torquato_Tasso, 1544-03-11, 3,3,7,19,23,83, 35384.03922
Veronica_Lake, 1922-11-14, 2,2,7,23,53,71, 74940.54545
