Adrien-Marie_Legendre, 1752-09-18, 2,7,23,7333, 15593.89744
Andy_Serkis, 1964-04-20, 2,7,23,7573, 208424.5758
Boris_Shaposhnikov, 1882-10-02, 3,7,23,4987, 9847.655172
Chris_Cooper, 1951-07-09, 3,7,23,5039, 44970.2
Crispin_Glover, 1964-04-20, 2,7,23,7573, 217362.75
Dev_Patel, 1990-04-23, 5,7,23,3041, 290469.8387
Eduard_Limonov, 1943-02-22, 2,7,23,7549, 16262.03333
Horst_Köhler, 1943-02-22, 2,7,23,7549, 42996.98611
Igor_Kurchatov, 1903-01-12, 7,23,43,349, 10361.25
Jacob_Burckhardt, 1818-05-25, 5,7,23,2963, 32378.35484
John_Glenn, 1921-07-18, 7,23,101,149, 100013.093
Monica_Lewinsky, 1973-07-23, 7,23,29,523, 310701.4054
Nora_Ephron, 1941-05-19, 2,7,23,7547, 87822.16667
Tara_Strong, 1973-02-12, 2,7,23,7583, 244226.75
Ted_Danson, 1947-12-29, 7,23,29,521, 223531.7407
Terry_Fox, 1958-07-28, 7,23,37,409, 116588.4
William_Lawrence_Bragg, 1890-03-31, 2,7,23,7489, 16073.18182
