Amos_Oz, 1939-05-04, 2429388, 2,2,3,3,13,29,179, 0, 0, 38301.2973
Charles_M._Schulz, 1922-11-26, 2423385, 3,3,3,5,29,619, 0, 0, 82367.51724
Giovani_dos_Santos, 1989-05-11, 2447658, 2,3,3,3,3,29,521, 0, 0, 181366.0541
Hafez_al-Assad, 1930-10-06, 2426256, 2,2,2,2,3,3,7,29,83, 0, 0, 75907.44444
Jeremy_Lin, 1988-08-23, 2447397, 3,3,29,9377, 0, 0, 412149.7857
Karl_May, 1842-02-25, 2393892, 2,2,3,3,29,2293, 0, 0, 72904.08333
Keri_Hilson, 1982-12-05, 2445309, 3,3,3,3,3,29,347, 0, 0, 290769.3333
Lindsay_Lohan, 1986-07-02, 2446614, 2,3,3,29,43,109, 0, 0, 609891.7424
Manuel_Azaña, 1880-01-10, 2407725, 3,3,3,3,5,5,29,41, 0, 0, 32292.34211
Mary_McAleese, 1951-06-27, 2433825, 3,3,5,5,29,373, 0, 0, 30200.97826
Max_Weber, 1864-04-21, 2401983, 3,3,29,9203, 0, 0, 196228.7303
Mia_Hamm, 1972-03-17, 2441394, 2,3,3,3,29,1559, 0, 0, 106310.3871
Miguel_Primo_de_Rivera, 1870-01-08, 2404071, 3,3,29,61,151, 0, 0, 35073.47368
Robert_De_Niro, 1943-08-17, 2430954, 2,3,3,29,4657, 0, 0, 382886.6585
Rudolf_Hess, 1894-04-26, 2412945, 3,3,5,29,43,43, 0, 0, 157223.5439
Scatman_John, 1942-03-13, 2430432, 2,2,2,2,2,3,3,3,29,97, 0, 0, 150487.0645
Scott_Parker, 1980-10-13, 2444526, 2,3,3,3,7,29,223, 0, 0, 46525.8
Sergey_Brin, 1973-08-21, 2441916, 2,2,3,3,29,2339, 0, 0, 138490.322
Stanley_Milgram, 1933-08-15, 2427300, 2,2,3,3,3,5,5,29,31, 0, 0, 47217.96875
Willy_Sagnol, 1977-03-18, 2443221, 3,3,11,23,29,37, 0, 0, 40680.17241
Ögedei_Khan, 1186-11-07, 2154555, 3,3,5,13,29,127, 0, 0, 30582.2093
