Alexander_II_of_Scotland, 1198-08-24, 2158863, 3,7,223,461, 0, 0, 10149.46875
Alexander_Pope, 1688-05-21, 2337731, 11,461,461, 0, 0, 61828.64706
Andronikos_II_Palaiologos, 1259-03-25, 2180991, 3,19,83,461, 0, 0, 9956.945946
Anni-Frid_Lyngstad, 1945-11-15, 2431775, 5,5,211,461, 0, 0, 100235.5135
Daniel_Dae_Kim, 1968-08-04, 2440073, 67,79,461, 0, 0, 124411.7857
Douglas_Hyde, 1860-01-17, 2400427, 41,127,461, 0, 0, 10435.71875
Guy_Debord, 1931-12-28, 2426704, 2,2,2,2,7,47,461, 0, 0, 67757.07692
Hillel_Slovak, 1962-04-13, 2437768, 2,2,2,461,661, 0, 0, 136729.6296
Jean-Alain_Boumsong, 1979-12-14, 2444222, 2,11,241,461, 0, 0, 41403.59259
John_Galsworthy, 1867-08-14, 2403193, 13,401,461, 0, 0, 16471.09677
Klaus_Meine, 1948-05-25, 2432697, 3,461,1759, 0, 0, 73317.75
Kolo_Touré, 1981-03-19, 2444683, 461,5303, 0, 0, 75458.91489
Lázaro_Cárdenas, 1895-05-21, 2413335, 3,5,349,461, 0, 0, 107141.8125
Martín_Torrijos, 1963-07-18, 2438229, 3,41,43,461, 0, 0, 11396.62963
Michael_Owen, 1979-12-14, 2444222, 2,11,241,461, 0, 0, 195402.8421
Ray_Charles, 1930-09-23, 2426243, 19,277,461, 0, 0, 252833.7727
Shelley_Winters, 1920-08-18, 2422555, 5,461,1051, 0, 0, 63906.33333
Sophie_Monk, 1979-12-14, 2444222, 2,11,241,461, 0, 0, 64984.9
Terry_Jones, 1942-02-01, 2430392, 2,2,2,461,659, 0, 0, 90476.7
Walter_Cronkite, 1916-11-04, 2421172, 2,2,13,101,461, 0, 0, 104453.2647
William_Hanna, 1910-07-14, 2418867, 3,3,11,53,461, 0, 0, 56274.93333
