Bruce_Dickinson, 1958-08-07, 2436423, 3,11,17,43,101, 0, 0, 211911.225
Carlos_Valderrama, 1961-09-02, 2437545, 3,5,11,11,17,79, 0, 0, 87651.18919
Caroline,_Princess_of_Hanover, 1957-01-23, 2435862, 2,3,11,13,17,167, 0, 0, 103893.1
Charles_Le_Brun, 1619-02-24, 2312442, 2,3,3,3,11,17,229, 0, 0, 26154.09677
Eric_Idle, 1943-03-29, 2430813, 3,7,11,17,619, 0, 0, 114131.2941
Florence_Nightingale, 1820-05-12, 2385933, 3,11,17,4253, 0, 0, 150409.6049
George_Berkeley, 1685-03-12, 2336565, 3,5,7,7,11,17,17, 0, 0, 45852.2459
James_IV_of_Scotland, 1473-03-17, 2259147, 3,11,17,4027, 0, 0, 29702.97143
Janeane_Garofalo, 1964-09-28, 2438667, 3,3,3,3,7,11,17,23, 0, 0, 156328.2222
John_Ford, 1894-02-01, 2412861, 3,11,11,17,17,23, 0, 0, 60659.30612
John_Major, 1943-03-29, 2430813, 3,7,11,17,619, 0, 0, 65019.74576
Katie_Melua, 1984-09-16, 2445960, 2,2,2,3,5,11,17,109, 0, 0, 127300.8333
Mariza, 1973-12-16, 2442033, 3,3,11,17,1451, 0, 0, 32927.14815
Möngke_Khan, 1209-01-10, 2162655, 3,3,5,11,17,257, 0, 0, 26244.86667
Prince_Andrew,_Duke_of_York, 1960-02-19, 2436984, 2,2,2,3,3,11,17,181, 0, 0, 28485.86111
Ralf_Schumacher, 1975-06-30, 2442594, 2,3,7,11,17,311, 0, 0, 58244.29268
Richard_Clayderman, 1953-12-28, 2434740, 2,2,3,5,7,11,17,31, 0, 0, 82192.22581
Vangelis, 1943-03-29, 2430813, 3,7,11,17,619, 0, 0, 135301.5217
