Abbas_II_of_Egypt, 1874-07-14, 2,3,3,7,61,313, 15444.48276
Cantinflas, 1911-08-12, 2,2,3,5,61,661, 151560.3077
Florian_Mayer, 1983-10-05, 2,2,3,13,61,257, 14927.88462
Jennifer_Tilly, 1958-09-16, 2,3,3,7,61,317, 255724.9643
Jesse_Eisenberg, 1983-10-05, 2,2,3,13,61,257, 294055.8611
Ludwig_Boltzmann, 1844-02-20, 2,2,2,7,61,701, 38814.09804
Margaret_of_Austria,_Duchess_of_Savoy, 1480-01-10, 2,2,13,23,31,61, 4137.266667
Mikhail_Bakunin, 1814-05-30, 2,3,3,13,61,167, 44575.61972
Mitch_Mitchell, 1947-07-09, 5,5,5,11,29,61, 64936.42308
William_Holden, 1918-04-17, 2,2,5,5,61,397, 101021.5238
