Darren_Criss, 1987-02-05, 2,2,2,2,23,61,109, 340967.7143
Fedor_Emelianenko, 1976-09-28, 2,3,3,5,5,61,89, 571876.4286
Gabriella_Cilmi, 1991-10-10, 2,2,3,3,5,61,223, 133658.9231
John_Rhys-Davies, 1944-05-05, 2,2,2,2,47,53,61, 192904.5161
Kristen_Stewart, 1990-04-09, 3,3,7,7,7,13,61, 955837.0345
Käthe_Kollwitz, 1867-07-08, 2,2,3,7,7,61,67, 48019.88571
Maggie_Smith, 1934-12-28, 2,2,2,5,5,61,199, 217273.4681
Michael_Cera, 1988-06-07, 2,2,2,5,17,59,61, 487260.037
Noah_Webster, 1758-10-16, 3,3,3,5,7,41,61, 39217.87097
Xherdan_Shaqiri, 1991-10-10, 2,2,3,3,5,61,223, 125993.7037
Óscar_Romero, 1917-08-15, 2,2,2,2,3,61,827, 95163.2069
