Billy_Joel, 1949-05-09, 2433046, 2,7,7,11,37,61, 0, 0, 301556.5135
Britney_Spears, 1981-12-02, 2444941, 61,149,269, 0, 0, 622072.4043
Chris_Cornell, 1964-07-20, 2438597, 7,61,5711, 0, 0, 275757.8667
Christina_Applegate, 1971-11-25, 2441281, 31,61,1291, 0, 0, 311067.8049
Cobie_Smulders, 1982-04-03, 2445063, 3,31,61,431, 0, 0, 510936.5405
Darren_Criss, 1987-02-05, 2446832, 2,2,2,2,23,61,109, 0, 0, 340967.7143
Emily_Browning, 1988-12-07, 2447503, 61,40123, 0, 0, 366908.0345
Fedor_Emelianenko, 1976-09-28, 2443050, 2,3,3,5,5,61,89, 0, 0, 571876.4286
Frankie_Muniz, 1985-12-05, 2446405, 5,13,61,617, 0, 0, 521514.3077
Jennifer_Lopez, 1969-07-24, 2440427, 11,61,3637, 0, 0, 640154.9865
Jim_Carrey, 1962-01-17, 2437682, 2,13,29,53,61, 0, 0, 489841.2027
Justin_Timberlake, 1981-01-31, 2444636, 2,2,43,61,233, 0, 0, 571333.029
Kristen_Stewart, 1990-04-09, 2447991, 3,3,7,7,7,13,61, 0, 0, 955837.0345
Michael_Cera, 1988-06-07, 2447320, 2,2,2,5,17,59,61, 0, 0, 487260.037
Peter_Facinelli, 1973-11-26, 2442013, 7,7,19,43,61, 0, 0, 332463.3846
Randy_Orton, 1980-04-01, 2444331, 3,19,19,37,61, 0, 0, 614329.4474
Rick_Ross, 1976-01-28, 2442806, 2,61,20023, 0, 0, 392921.5385
Saoirse_Ronan, 1994-04-12, 2449455, 3,5,61,2677, 0, 0, 322028.5161
Sean_Connery, 1930-08-25, 2426214, 2,3,7,61,947, 0, 0, 309066
Shirley_Temple, 1928-04-23, 2425360, 2,2,2,2,5,7,61,71, 0, 0, 340979.1111
Whoopi_Goldberg, 1955-11-13, 2435425, 5,5,61,1597, 0, 0, 250719.5172
