Alfonso_Cuarón, 1961-11-28, 2437632, 2,2,2,2,2,2,2,2,2,3,3,23,23, 0, 0, 89554.37931
Ashley_Greene, 1987-02-21, 2446848, 2,2,2,2,2,2,2,2,2,3,3,3,3,59, 0, 0, 445138.6857
Edmund_Burke, 1729-01-12, 2352576, 2,2,2,2,2,2,3,12253, 0, 0, 87206.74
Ellen_Page, 1987-02-21, 2446848, 2,2,2,2,2,2,2,2,2,3,3,3,3,59, 0, 0, 452879.2553
Fábio_Coentrão, 1988-03-11, 2447232, 2,2,2,2,2,2,2,3,6373, 0, 0, 87429.44444
Gemma_Arterton, 1986-02-02, 2446464, 2,2,2,2,2,2,2,3,23,277, 0, 0, 481014.3103
Hamit_Altıntop, 1982-12-08, 2445312, 2,2,2,2,2,2,2,2,2,2,2,2,3,199, 0, 0, 95185.09302
Heath_Ledger, 1979-04-04, 2443968, 2,2,2,2,2,2,3,3,4243, 0, 0, 730116.7671
James_Garner, 1928-04-07, 2425344, 2,2,2,2,2,2,2,2,2,3,1579, 0, 0, 223019.2414
Jasper_Johns, 1930-05-15, 2426112, 2,2,2,2,2,2,2,2,3,3,3,3,3,3,13, 0, 0, 114247.1538
Jean_Nouvel, 1945-08-12, 2431680, 2,2,2,2,2,2,3,5,17,149, 0, 0, 55852.30556
Johannes_Vermeer, 1632-10-31, 2317440, 2,2,2,2,2,2,2,3,5,17,71, 0, 0, 130381.7838
Mika_Häkkinen, 1968-09-28, 2440128, 2,2,2,2,2,2,3,71,179, 0, 0, 71184.91304
Naomi_Watts, 1968-09-28, 2440128, 2,2,2,2,2,2,3,71,179, 0, 0, 273029.2407
Nicki_Minaj, 1982-12-08, 2445312, 2,2,2,2,2,2,2,2,2,2,2,2,3,199, 0, 0, 1115701.245
Nicolas_Sarkozy, 1955-01-28, 2435136, 2,2,2,2,2,2,3,11,1153, 0, 0, 159108.96
Raúl_Castro, 1931-06-03, 2426496, 2,2,2,2,2,2,2,3,71,89, 0, 0, 66641.33824
Roald_Dahl, 1916-09-13, 2421120, 2,2,2,2,2,2,2,3,5,13,97, 0, 0, 261161.2745
Wojciech_Szczęsny, 1990-04-18, 2448000, 2,2,2,2,2,2,2,3,3,5,5,5,17, 0, 0, 88322.95122
Wyclef_Jean, 1969-10-17, 2440512, 2,2,2,2,2,2,3,3,19,223, 0, 0, 163833.3056
Yusuf_al-Qaradawi, 1926-09-09, 2424768, 2,2,2,2,2,2,3,73,173, 0, 0, 58827.21429
