Albert_Kesselring, 1885-11-30, 2409876, 2,2,3,3,7,73,131, 0, 0, 64988.48387
Alessandro_Manzoni, 1785-03-07, 2373084, 2,2,3,3,3,7,43,73, 0, 0, 72838.91489
Anna_Pavlova, 1881-02-12, 2408124, 2,2,3,73,2749, 0, 0, 47162.26829
Carlos_Salcido, 1980-04-02, 2444332, 2,2,11,73,761, 0, 0, 39364.41935
Christiaan_Huygens, 1629-04-14, 2316144, 2,2,2,2,3,73,661, 0, 0, 38139.94737
Ellen_Pompeo, 1969-11-10, 2440536, 2,2,2,3,7,73,199, 0, 0, 252505.697
Enzo_Francescoli, 1961-11-12, 2437616, 2,2,2,2,73,2087, 0, 0, 61978.70588
Henry_Mancini, 1924-04-16, 2423892, 2,2,3,73,2767, 0, 0, 62238.31579
Herbie_Hancock, 1940-04-12, 2429732, 2,2,53,73,157, 0, 0, 131794.1389
Jean-Léon_Gérôme, 1824-05-10, 2387392, 2,2,2,2,2,2,7,73,73, 0, 0, 43071.81818
Jens_Lehmann, 1969-11-10, 2440536, 2,2,2,3,7,73,199, 0, 0, 61921.83333
Larry_King, 1933-11-19, 2427396, 2,2,3,17,73,163, 0, 0, 169079.4722
Marc_Chagall, 1887-07-07, 2410460, 2,2,5,13,73,127, 0, 0, 163803.3559
Michel_Platini, 1955-06-21, 2435280, 2,2,2,2,3,5,73,139, 0, 0, 101190.0984
Nastassja_Kinski, 1961-01-24, 2437324, 2,2,17,73,491, 0, 0, 174716.3333
Paulina_Rubio, 1971-06-17, 2441120, 2,2,2,2,2,5,11,19,73, 0, 0, 129890
Riccardo_Montolivo, 1985-01-18, 2446084, 2,2,73,8377, 0, 0, 72649.05556
Rutherford_B._Hayes, 1822-10-04, 2386808, 2,2,2,61,67,73, 0, 0, 46857.84884
Vanessa_Redgrave, 1937-01-30, 2428564, 2,2,73,8317, 0, 0, 177371.0227
Werner_Herzog, 1942-09-05, 2430608, 2,2,2,2,73,2081, 0, 0, 161592.5714
Yusuf_al-Qaradawi, 1926-09-09, 2424768, 2,2,2,2,2,2,3,73,173, 0, 0, 58827.21429
