Brian_Cowen, 1960-01-10, 2436944, 2,2,2,2,223,683, 0, 0, 21874.30233
Davy_Crockett, 1786-08-17, 2373612, 2,2,3,223,887, 0, 0, 193632.75
Gabriella_Cilmi, 1991-10-10, 2448540, 2,2,3,3,5,61,223, 0, 0, 133658.9231
Jimmy_Floyd_Hasselbaink, 1972-03-27, 2441404, 2,2,7,17,23,223, 0, 0, 61704.29032
Kelsey_Grammer, 1955-02-21, 2435160, 2,2,2,3,5,7,13,223, 0, 0, 302374.5172
Massimo_Moratti, 1945-05-16, 2431592, 2,2,2,29,47,223, 0, 0, 71733.82143
Menachem_Begin, 1913-08-16, 2419996, 2,2,223,2713, 0, 0, 58354.85714
Peter_Handke, 1942-12-06, 2430700, 2,2,5,5,109,223, 0, 0, 33781.69231
Wyclef_Jean, 1969-10-17, 2440512, 2,2,2,2,2,2,3,3,19,223, 0, 0, 163833.3056
Xherdan_Shaqiri, 1991-10-10, 2448540, 2,2,3,3,5,61,223, 0, 0, 125993.7037
