Andrei_Tupolev, 1888-11-10, 2,2,2,23,13103, 13653.8125
Andrés_Segovia, 1893-02-21, 2,2,3,23,8741, 37971.05263
Augustin-Jean_Fresnel, 1788-05-10, 2,2,23,131,197, 16025.26829
Chuck_Yeager, 1923-02-13, 2,2,2,23,13171, 127263.7
Date_Masamune, 1567-09-05, 2,2,23,107,233, 277320.1481
Emmanuel_Petit, 1970-09-22, 2,2,23,43,617, 56184.19355
Emperor_Meiji, 1852-11-03, 2,2,23,67,389, 117513.9184
Francesco_I_de'_Medici,_Grand_Duke_of_Tuscany, 1541-03-25, 2,2,2,23,12413, 11840.61538
Georges_J._F._Köhler, 1946-04-17, 2,2,2,23,13217, 5873.428571
Ivi_Adamou, 1993-11-24, 2,2,23,79,337, 18628.53333
Kimi_Räikkönen, 1979-10-17, 2,2,23,31,857, 109559.1912
Leo_IV_the_Khazar, 0750-01-25, 2,2,5,23,4337, 6863.973684
Lily_Allen, 1985-05-02, 2,2,3,23,8863, 295423.5682
Martin_Evans, 1941-01-01, 2,2,23,61,433, 9385.756757
Pío_Baroja, 1872-12-28, 2,2,13,23,2011, 36410.125
Roger_Y._Tsien, 1952-02-01, 2,2,3,23,8819, 13082.68421
Sadako_Sasaki, 1943-01-07, 2,2,3,23,8807, 80820
Selma_Lagerlöf, 1858-11-20, 2,2,19,23,1373, 53307.76812
Thaksin_Shinawatra, 1949-07-26, 2,2,23,53,499, 72939.35294
Usher_(singer), 1978-10-14, 2,2,23,101,263, 152092.8627
Vladimir_Stojković, 1983-07-28, 2,2,2,23,13291, 24013.11111
