Antonio_Saca, 1965-03-09, 2,2,7,7,23,541, 13176.03333
Aristides_Pereira, 1923-11-17, 2,2,5,11,23,479, 4213.896552
Bonnie_Wright, 1991-02-17, 2,2,2,2,23,6653, 269842.1714
Boutros_Boutros-Ghali, 1922-11-14, 2,2,7,23,53,71, 39777.91071
Carole_Lombard, 1908-10-06, 2,2,5,7,23,751, 101030.2903
Dieter_Bohlen, 1954-02-07, 2,2,5,23,67,79, 121620.0732
Ed_Sheeran, 1991-02-17, 2,2,2,2,23,6653, 510663
Ernő_Rubik, 1944-07-13, 2,2,3,23,23,383, 37585.21951
Gisele_Bündchen, 1980-07-20, 2,2,2,5,23,2657, 317453.6154
Giuseppe_Garibaldi, 1807-07-04, 2,2,11,13,23,181, 105997.1667
Ilie_Năstase, 1946-07-19, 2,2,5,17,23,311, 39371.2
Irving_Berlin, 1888-05-11, 2,2,2,2,23,6551, 65201.76923
Ivan_Mazepa, 1639-03-30, 2,2,3,5,23,1681, 29639.78571
Jawaharlal_Nehru, 1889-11-14, 2,2,2,5,23,2621, 95017
Max_Schmeling, 1905-09-28, 2,2,13,23,43,47, 85974.5
Pope_John_Paul_I, 1912-10-17, 2,2,3,11,23,797, 119024.3875
Sin-Itiro_Tomonaga, 1906-03-31, 2,2,5,5,23,1051, 16551.60465
Veronica_Lake, 1922-11-14, 2,2,7,23,53,71, 74940.54545
