50_Cent, 1975-07-06, 2442600, 2,2,2,3,3,5,5,23,59, 0, 0, 632055.6716
Ephraim_Katzir, 1916-05-16, 2421000, 2,2,2,3,3,5,5,5,269, 0, 0, 11172.40741
Frank_Lampard, 1978-06-20, 2443680, 2,2,2,2,2,3,3,5,1697, 0, 0, 185169.1176
Gabriela_Mistral, 1889-04-07, 2411100, 2,2,3,3,3,5,5,19,47, 0, 0, 77513.51613
László_Papp, 1926-03-25, 2424600, 2,2,2,3,3,3,5,5,449, 0, 0, 7188.321429
Nicolas-Joseph_Cugnot, 1725-02-26, 2351160, 2,2,2,3,3,3,5,7,311, 0, 0, 33408.86667
Peter_Falk, 1927-09-16, 2425140, 2,2,3,3,3,3,3,5,499, 0, 0, 161894.8636
Philip_Johnson, 1906-07-08, 2417400, 2,2,2,3,3,5,5,17,79, 0, 0, 40671.56818
Stanley_Milgram, 1933-08-15, 2427300, 2,2,3,3,3,5,5,29,31, 0, 0, 47217.96875
Zillur_Rahman, 1929-03-09, 2425680, 2,2,2,2,3,3,3,5,1123, 0, 0, 14343.35714
Émile_Loubet, 1838-12-31, 2392740, 2,2,3,3,3,3,5,7,211, 0, 0, 15937.38462
