A._J._Cronin, 1896-07-19, 2413760, 2,2,2,2,2,2,5,19,397, 0, 0, 25100.02778
Bohumil_Hrabal, 1914-03-28, 2420220, 2,2,3,5,11,19,193, 0, 0, 37298.70968
Claire_Forlani, 1972-07-01, 2441500, 2,2,5,5,5,19,257, 0, 0, 215274.8621
Emilia_Fox, 1974-07-31, 2442260, 2,2,5,19,6427, 0, 0, 102005.1034
Fiona_Apple, 1977-09-13, 2443400, 2,2,2,5,5,19,643, 0, 0, 201736.5926
Floriano_Peixoto, 1839-04-30, 2392860, 2,2,3,5,19,2099, 0, 0, 22539
Gabriela_Mistral, 1889-04-07, 2411100, 2,2,3,3,3,5,5,19,47, 0, 0, 77513.51613
Giovanni_Trapattoni, 1939-03-17, 2429340, 2,2,3,5,19,2131, 0, 0, 84015.85294
Johann_Gottfried_Herder, 1744-08-25, 2358280, 2,2,2,5,19,29,107, 0, 0, 39952.11765
Jon_Dahl_Tomasson, 1976-08-29, 2443020, 2,2,3,5,19,2143, 0, 0, 48195.02941
Lawrence_Durrell, 1912-02-27, 2419460, 2,2,5,19,6367, 0, 0, 27569.97059
Li_Peng, 1928-10-20, 2425540, 2,2,5,13,19,491, 0, 0, 88356.85185
Luis_Suárez, 1987-01-24, 2446820, 2,2,5,19,47,137, 0, 0, 138751.72
Pastora_Soler, 1978-09-28, 2443780, 2,2,5,19,59,109, 0, 0, 20111.25926
Paulina_Rubio, 1971-06-17, 2441120, 2,2,2,2,2,5,11,19,73, 0, 0, 129890
Ricardo_Lagos, 1938-03-02, 2428960, 2,2,2,2,2,5,17,19,47, 0, 0, 25821.30303
Seal_(musician), 1963-02-19, 2438080, 2,2,2,2,2,2,5,19,401, 0, 0, 132704.6061
Sinclair_Lewis, 1885-02-07, 2409580, 2,2,5,17,19,373, 0, 0, 32334.31148
Tony_Shalhoub, 1953-10-09, 2434660, 2,2,5,19,43,149, 0, 0, 152837.3636
Wes_Brown, 1979-10-13, 2444160, 2,2,2,2,2,2,2,3,5,19,67, 0, 0, 42958.46667
Yoshikatsu_Kawaguchi, 1975-08-15, 2442640, 2,2,2,2,5,19,1607, 0, 0, 38048.1875
