Alonzo_Church, 1903-06-14, 2416280, 2,2,2,5,29,2083, 0, 0, 16611.77143
Erasmus_Darwin, 1731-12-12, 2353640, 2,2,2,5,29,2029, 0, 0, 27607.14706
Jackie_Chan, 1954-04-07, 2434840, 2,2,2,5,29,2099, 0, 0, 545800.2099
Javier_Mascherano, 1984-06-08, 2445860, 2,2,5,29,4217, 0, 0, 92656.56604
Johann_Gottfried_Herder, 1744-08-25, 2358280, 2,2,2,5,19,29,107, 0, 0, 39952.11765
Ludwig_Erhard, 1897-02-04, 2413960, 2,2,2,5,29,2081, 0, 0, 40119.67308
Magda_Goebbels, 1901-11-11, 2415700, 2,2,5,5,7,7,17,29, 0, 0, 92763.51724
Marcelo_Caetano, 1906-08-17, 2417440, 2,2,2,2,2,5,29,521, 0, 0, 18192.84615
Samuel_Johnson, 1709-09-18, 2345520, 2,2,2,2,3,5,29,337, 0, 0, 84520.86364
Stanley_Milgram, 1933-08-15, 2427300, 2,2,3,3,3,5,5,29,31, 0, 0, 47217.96875
Yongle_Emperor, 1360-05-02, 2217920, 2,2,2,2,2,2,5,29,239, 0, 0, 52782.03226
