Alfred_Hitchcock, 1899-08-13, 2414880, 2,2,2,2,2,3,3,3,5,13,43, 0, 0, 232167.01
B._F._Skinner, 1904-03-20, 2416560, 2,2,2,2,3,5,10069, 0, 0, 176265.8378
Carole_King, 1942-02-09, 2430400, 2,2,2,2,2,2,5,5,7,7,31, 0, 0, 184115.7037
Dolly_Parton, 1946-01-19, 2431840, 2,2,2,2,2,5,15199, 0, 0, 319738.6444
Frank_Lampard, 1978-06-20, 2443680, 2,2,2,2,2,3,3,5,1697, 0, 0, 185169.1176
H._P._Lovecraft, 1890-08-20, 2411600, 2,2,2,2,5,5,6029, 0, 0, 191213.4677
Hayao_Miyazaki, 1941-01-05, 2430000, 2,2,2,2,3,3,3,3,3,5,5,5,5, 0, 0, 414062.75
Hayden_Panettiere, 1989-08-21, 2447760, 2,2,2,2,3,5,7,31,47, 0, 0, 537846.0213
Inna, 1986-10-16, 2446720, 2,2,2,2,2,2,2,5,3823, 0, 0, 231981.7692
Jamie_Oliver, 1975-05-27, 2442560, 2,2,2,2,2,2,5,17,449, 0, 0, 208293.7647
Jennette_McCurdy, 1992-06-26, 2448800, 2,2,2,2,2,5,5,3061, 0, 0, 551673.5806
Kaley_Cuoco, 1985-11-30, 2446400, 2,2,2,2,2,2,5,5,11,139, 0, 0, 965585.4
Kim_Basinger, 1953-12-08, 2434720, 2,2,2,2,2,5,15217, 0, 0, 201803.0909
Martha_Graham, 1894-05-11, 2412960, 2,2,2,2,2,3,5,11,457, 0, 0, 225573.8824
Priscilla_Presley, 1945-05-24, 2431600, 2,2,2,2,5,5,6079, 0, 0, 310341.2963
Richard_Dawkins, 1941-03-26, 2430080, 2,2,2,2,2,2,2,5,3797, 0, 0, 166379.3971
Roald_Dahl, 1916-09-13, 2421120, 2,2,2,2,2,2,2,3,5,13,97, 0, 0, 261161.2745
Ronaldinho, 1980-03-21, 2444320, 2,2,2,2,2,5,15277, 0, 0, 497528.4156
Ronaldo, 1976-09-18, 2443040, 2,2,2,2,2,5,15269, 0, 0, 510843.8533
Shirley_Temple, 1928-04-23, 2425360, 2,2,2,2,5,7,61,71, 0, 0, 340979.1111
Thora_Birch, 1982-03-11, 2445040, 2,2,2,2,5,13,2351, 0, 0, 195103.6667
