August_Macke, 1887-01-03, 2410275, 3,5,5,7,4591, 0, 0, 37265.51613
Boris_Trajkovski, 1956-06-25, 2435650, 2,5,5,7,6959, 0, 0, 8530.685714
Ed_Gein, 1906-08-27, 2417450, 2,5,5,7,6907, 0, 0, 607577.6296
Heinrich_Otto_Wieland, 1877-06-04, 2406775, 5,5,7,17,809, 0, 0, 6736.527778
Jairzinho, 1944-12-25, 2431450, 2,5,5,7,6947, 0, 0, 27964.1875
Jean_Genet, 1910-12-19, 2419025, 5,5,7,23,601, 0, 0, 58414.48718
Jennifer_Garner, 1972-04-17, 2441425, 5,5,7,7,1993, 0, 0, 355992.7021
Miley_Cyrus, 1992-11-23, 2448950, 2,5,5,7,6997, 0, 0, 1277051.847
Nemanja_Matić, 1988-08-01, 2447375, 5,5,5,7,2797, 0, 0, 44692.80769
Thomas_J._Sargent, 1943-07-19, 2430925, 5,5,7,29,479, 0, 0, 10352.26471
Tina_Fey, 1970-05-18, 2440725, 3,5,5,7,4649, 0, 0, 399426.9412
