Audrey_Tautou, 1976-08-09, 2443000, 2,2,2,5,5,5,7,349, 0, 0, 170865.2679
August_Macke, 1887-01-03, 2410275, 3,5,5,7,4591, 0, 0, 37265.51613
Carole_King, 1942-02-09, 2430400, 2,2,2,2,2,2,5,5,7,7,31, 0, 0, 184115.7037
Chris_Jericho, 1970-11-09, 2440900, 2,2,5,5,7,11,317, 0, 0, 424251.5
Claudio_Abbado, 1933-06-26, 2427250, 2,5,5,5,7,19,73, 0, 0, 33907.69231
Claudio_Caniggia, 1967-01-09, 2439500, 2,2,5,5,5,7,17,41, 0, 0, 70636.19355
Ed_Gein, 1906-08-27, 2417450, 2,5,5,7,6907, 0, 0, 607577.6296
Elif_Şafak, 1971-10-25, 2441250, 2,3,3,5,5,5,5,7,31, 0, 0, 41302.69231
Gaël_Monfils, 1986-09-01, 2446675, 5,5,7,11,31,41, 0, 0, 53312.95122
Guy_de_Maupassant, 1850-08-05, 2396975, 5,5,7,13697, 0, 0, 158893.5942
Jean_Genet, 1910-12-19, 2419025, 5,5,7,23,601, 0, 0, 58414.48718
Jennifer_Garner, 1972-04-17, 2441425, 5,5,7,7,1993, 0, 0, 355992.7021
John_Stockton, 1962-03-26, 2437750, 2,5,5,5,7,7,199, 0, 0, 113734.1212
Kurt_Angle, 1968-12-09, 2440200, 2,2,2,3,5,5,7,7,83, 0, 0, 324973.8889
Magda_Goebbels, 1901-11-11, 2415700, 2,2,5,5,7,7,17,29, 0, 0, 92763.51724
Manuel_Castells, 1942-02-09, 2430400, 2,2,2,2,2,2,5,5,7,7,31, 0, 0, 58047.26923
Mary_I_of_England, 1516-02-18, 2274825, 3,5,5,7,7,619, 0, 0, 280028.0328
Miley_Cyrus, 1992-11-23, 2448950, 2,5,5,7,6997, 0, 0, 1277051.847
Nemanja_Matić, 1988-08-01, 2447375, 5,5,5,7,2797, 0, 0, 44692.80769
Patrick_McGoohan, 1928-03-19, 2425325, 5,5,7,13859, 0, 0, 95466.14815
Tina_Fey, 1970-05-18, 2440725, 3,5,5,7,4649, 0, 0, 399426.9412
