Anne_Frank, 1929-06-12, 2425775, 5,5,11,8821, 0, 0, 348138.1299
Anton_Makarenko, 1888-01-13, 2410650, 2,3,3,5,5,11,487, 0, 0, 26749.89286
Brian_Epstein, 1934-09-19, 2427700, 2,2,5,5,11,2207, 0, 0, 71272.34286
Briana_Banks, 1978-05-21, 2443650, 2,3,5,5,11,1481, 0, 0, 278049.4615
Carmelo_Anthony, 1984-05-29, 2445850, 2,5,5,11,4447, 0, 0, 229297.925
Chris_Jericho, 1970-11-09, 2440900, 2,2,5,5,7,11,317, 0, 0, 424251.5
Daniel_Cohn-Bendit, 1945-04-04, 2431550, 2,5,5,11,4421, 0, 0, 78135.25806
Diego_Ribas_da_Cunha, 1985-02-28, 2446125, 3,5,5,5,11,593, 0, 0, 150365.2727
Eduard_Kokoity, 1964-10-31, 2438700, 2,2,3,5,5,11,739, 0, 0, 6441.756098
Françoise_Sagan, 1935-06-21, 2427975, 3,3,3,3,5,5,11,109, 0, 0, 64807.75676
Frederick_V,_Elector_Palatine, 1596-08-26, 2304225, 3,3,5,5,7,7,11,19, 0, 0, 8792.25
Gaël_Monfils, 1986-09-01, 2446675, 5,5,7,11,31,41, 0, 0, 53312.95122
Isidor_Isaac_Rabi, 1898-07-29, 2414500, 2,2,5,5,5,11,439, 0, 0, 10552.38
Jelena_Janković, 1985-02-28, 2446125, 3,5,5,5,11,593, 0, 0, 49995.13333
János_Bolyai, 1802-12-15, 2379575, 5,5,11,17,509, 0, 0, 14160.30556
Kaley_Cuoco, 1985-11-30, 2446400, 2,2,2,2,2,2,5,5,11,139, 0, 0, 965585.4
Katherine_Mansfield, 1888-10-14, 2410925, 5,5,11,11,797, 0, 0, 58392.51724
Marco_van_Basten, 1964-10-31, 2438700, 2,2,3,5,5,11,739, 0, 0, 116366.8654
Neville_Chamberlain, 1869-03-18, 2403775, 5,5,11,8741, 0, 0, 85320.21053
Nikolai_Andrianov, 1952-10-14, 2434300, 2,2,5,5,11,2213, 0, 0, 12399.5
Varg_Vikernes, 1973-02-11, 2441725, 5,5,11,13,683, 0, 0, 166625.1765
