50_Cent, 1975-07-06, 2442600, 2,2,2,3,3,5,5,23,59, 0, 0, 632055.6716
Adewale_Akinnuoye-Agbaje, 1967-08-22, 2439725, 5,5,23,4243, 0, 0, 144664.6207
Benazir_Bhutto, 1953-06-21, 2434550, 2,5,5,23,29,73, 0, 0, 74179.77174
Corey_Taylor, 1973-12-08, 2442025, 5,5,23,31,137, 0, 0, 356730.0357
Dileita_Mohamed_Dileita, 1958-03-12, 2436275, 5,5,19,23,223, 0, 0, 5061.038462
George_Kennedy, 1925-02-18, 2424200, 2,2,2,5,5,17,23,31, 0, 0, 86832.03704
Imre_Kertész, 1929-11-09, 2425925, 5,5,23,4219, 0, 0, 19437.42188
Jay_Leno, 1950-04-28, 2433400, 2,2,2,5,5,23,23,23, 0, 0, 238832.5938
Jean_Genet, 1910-12-19, 2419025, 5,5,7,23,601, 0, 0, 58414.48718
Layne_Staley, 1967-08-22, 2439725, 5,5,23,4243, 0, 0, 275573
Martin_Škrtel, 1984-12-15, 2446050, 2,3,5,5,23,709, 0, 0, 49892.36842
