Akbar_Hashemi_Rafsanjani, 1934-08-25, 3,5,5,32369, 44947.07317
Betty_Friedan, 1921-02-04, 3,5,5,32303, 66786.89655
Bridgit_Mendler, 1992-12-18, 3,5,5,32653, 405059.0345
Bryan_Ferry, 1945-09-26, 3,5,5,32423, 132830
Diane_Kruger, 1976-07-15, 3,5,5,32573, 336446.4889
Felix_Wankel, 1902-08-13, 3,5,5,32213, 19076.55556
Isabella_of_Portugal, 1503-10-24, 3,5,5,30271, 19750.41379
Jim_Jones, 1931-05-13, 3,5,5,32353, 337774.6071
Ole_Einar_Bjørndalen, 1974-01-27, 3,5,5,32561, 34325.38235
Vissarion_Belinsky, 1811-06-11, 3,5,5,31769, 7064.909091
Zilda_Arns, 1934-08-25, 3,5,5,32369, 21808.82143
