Adrien-Marie_Legendre, 1752-09-18, 3,5,5,19,1657
Arthur_Schnitzler, 1862-05-15, 3,5,5,101,317
Charles_G._Dawes, 1865-08-27, 3,5,5,103,311
Franklin_D._Roosevelt, 1882-01-30, 3,5,5,17,1889
Hans_Blix, 1928-06-28, 3,5,5,73,443
James_K._Polk, 1795-11-02, 3,5,5,41,773
Jean_Monnet, 1888-11-09, 2,3,5,5,16073
Mel_Gibson, 1956-01-03, 3,5,5,7,4639
Mikhail_Fradkov, 1950-09-01, 3,5,5,71,457
Pelé, 1940-10-23, 3,5,5,179,181
Pierre-Simon_Laplace, 1749-03-23, 2,3,5,5,15733
Robert_Musil, 1880-11-06, 3,5,5,97,331
Sean_Bean, 1959-04-17, 3,5,5,53,613
Selena_Gomez, 1992-07-22, 3,5,5,103,317
Skrillex, 1988-01-15, 3,5,5,67,487
Sándor_Kocsis, 1929-09-21, 3,5,5,5,6469
V._V._Giri, 1894-08-10, 2,3,5,5,16087
Édith_Piaf, 1915-12-19, 2,3,5,5,16139
