Ben_Bernanke, 1953-12-13, 3,3,3,5,5,3607, 166832.5135
Billy_Crystal, 1948-03-14, 3,5,5,5,13,499, 136676.8
Briana_Banks, 1978-05-21, 2,3,5,5,11,1481, 278049.4615
Bryan_Robson, 1957-01-11, 2,3,3,5,5,5413, 55810.28571
Candice_Bergen, 1946-05-09, 2,3,5,5,31,523, 105176.7568
Cynthia_Nixon, 1966-04-09, 3,3,5,5,37,293, 204391.3103
Diego_Ribas_da_Cunha, 1985-02-28, 3,5,5,5,11,593, 150365.2727
Eren_Derdiyok, 1988-06-12, 3,3,5,5,73,149, 46217.75
Francesco_Hayez, 1791-02-10, 2,3,5,5,5,3167, 36504.77419
Gilles_Villeneuve, 1950-01-18, 2,2,3,5,5,8111, 107494.3448
Henry_II_of_England, 1133-03-05, 2,3,5,5,43,331, 106257.6842
Jelena_Janković, 1985-02-28, 3,5,5,5,11,593, 49995.13333
Kerry_King, 1964-06-03, 2,3,3,5,5,5419, 120249
Martin_Škrtel, 1984-12-15, 2,3,5,5,23,709, 49892.36842
Mary_I_of_England, 1516-02-18, 3,5,5,7,7,619, 280028.0328
Mathieu_Debuchy, 1985-07-28, 3,5,5,13,13,193, 36108.85714
Mauricio_Isla, 1988-06-12, 3,3,5,5,73,149, 53578.37931
Michelle_Trachtenberg, 1985-10-11, 2,3,5,5,47,347, 368302.8966
Mike_Myers, 1963-05-25, 3,5,5,19,29,59, 160244.0513
Philip_I_of_Castile, 1478-07-22, 2,2,3,5,5,7537, 59795.05263
Shamil_Basayev, 1965-01-14, 3,3,3,5,5,3613, 40684.875
