Candice_Bergen, 1946-05-09, 2431950, 2,3,5,5,31,523, 0, 0, 105176.7568
Carole_King, 1942-02-09, 2430400, 2,2,2,2,2,2,5,5,7,7,31, 0, 0, 184115.7037
Corey_Taylor, 1973-12-08, 2442025, 5,5,23,31,137, 0, 0, 356730.0357
Elif_Şafak, 1971-10-25, 2441250, 2,3,3,5,5,5,5,7,31, 0, 0, 41302.69231
Gaël_Monfils, 1986-09-01, 2446675, 5,5,7,11,31,41, 0, 0, 53312.95122
George_Kennedy, 1925-02-18, 2424200, 2,2,2,5,5,17,23,31, 0, 0, 86832.03704
Jens_Christian_Skou, 1918-10-08, 2421875, 5,5,5,5,5,5,5,31, 0, 0, 5789.617647
Jerry_Lee_Lewis, 1935-09-29, 2428075, 5,5,13,31,241, 0, 0, 232342.5429
Louis_XIV_of_France, 1638-09-05, 2319575, 5,5,31,41,73, 0, 0, 285747.7978
Manuel_Castells, 1942-02-09, 2430400, 2,2,2,2,2,2,5,5,7,7,31, 0, 0, 58047.26923
Mesut_Özil, 1988-10-15, 2447450, 2,5,5,31,1579, 0, 0, 303750.0339
Robert_Louis_Stevenson, 1850-11-13, 2397075, 3,5,5,31,1031, 0, 0, 201986.3676
Stanley_Milgram, 1933-08-15, 2427300, 2,2,3,3,3,5,5,29,31, 0, 0, 47217.96875
