Amy_Adams, 1974-08-20, 2,2,2,5,61057, 400438.8085
Bella_Thorne, 1997-10-08, 2,3,5,151,541, 379715.4688
Bryan_Cranston, 1956-03-07, 2,2,5,47,2591, 586023.4615
Colin_Farrell, 1976-05-31, 2,3,5,7,11633, 383619.9167
Ed_Gein, 1906-08-27, 2,5,5,7,6907, 607577.6296
Fernando_Torres, 1984-03-20, 2,2,3,5,40763, 397694.9571
Jane_Lynch, 1960-07-14, 2,5,19,101,127, 388854.2414
Jared_Padalecki, 1982-07-19, 2,5,7,13,2687, 349159.1471
Jennifer_Hudson, 1981-09-12, 2,2,5,11,11113, 305279.4872
Jesse_James, 1847-09-05, 2,5,11,23,947, 429359.5556
Johnny_Depp, 1963-06-09, 2,3,3,5,27091, 1037709.288
Kate_Beckinsale, 1973-07-26, 2,5,11,79,281, 498613.9565
Kirsten_Dunst, 1982-04-30, 2,3,5,149,547, 321621.0164
LL_Cool_J, 1968-01-14, 2,3,5,167,487, 379192.4
Mesut_Özil, 1988-10-15, 2,5,5,31,1579, 303750.0339
Miley_Cyrus, 1992-11-23, 2,5,5,7,6997, 1277051.847
Mother_Teresa, 1910-08-26, 2,5,13,23,809, 298469.6139
Nas, 1973-09-14, 2,2,3,5,40699, 457749.4474
Reese_Witherspoon, 1976-03-22, 2,2,5,7,17449, 344406.3971
Vanessa_Hudgens, 1988-12-14, 2,5,13,67,281, 576795.339
Vin_Diesel, 1967-07-18, 2,3,5,11,7393, 861818.1304
