Adam_Levine, 1979-03-18, 2,3,3,5,5,5431, 637703.6364
Bar_Refaeli, 1985-06-04, 2,2,5,7,101,173, 419797.3929
Bon_Scott, 1946-07-09, 2,3,5,7,37,313, 256223.2647
Bruce_Lee, 1940-11-27, 2,2,2,5,13,4673, 670022.3452
Cher, 1946-05-20, 2,2,2,5,163,373, 316271.7969
Christopher_Reeve, 1952-09-25, 2,2,2,5,19,3203, 267999.4783
Cyndi_Lauper, 1953-06-22, 2,5,5,23,29,73, 308153.8293
Elvis_Presley, 1935-01-08, 2,3,5,7,11,1051, 473697.7203
Ginnifer_Goodwin, 1978-05-22, 2,3,5,5,11,1481, 274232.8077
Gisele_Bündchen, 1980-07-20, 2,2,2,5,23,2657, 317453.6154
Goldie_Hawn, 1945-11-21, 2,2,5,13,47,199, 261127.5366
James_Dean, 1931-02-08, 2,2,5,11,41,269, 339287.7742
John_Frusciante, 1970-03-05, 2,3,5,5,53,307, 332366.8974
Katie_Holmes, 1978-12-18, 2,2,3,3,5,13577, 386833.4894
Keira_Knightley, 1985-03-26, 2,5,5,7,29,241, 429751.3333
Kevin-Prince_Boateng, 1987-03-06, 2,2,3,5,13,3137, 236796.4878
Martin_Scorsese, 1942-11-17, 2,2,2,5,7,8681, 261963.0606
Mila_Kunis, 1983-08-14, 2,2,2,5,13,4703, 701695.5375
Olivia_Newton-John, 1948-09-26, 2,2,3,5,13,3119, 242900.0952
Tim_Burton, 1958-08-25, 2,2,2,5,17,3583, 511070.9153
Whitney_Houston, 1963-08-09, 2,3,5,5,5,3251, 409562.6211
