Alfred_Hitchcock, 1899-08-13, 2,2,2,2,2,3,3,3,5,13,43, 232167.01
Carole_King, 1942-02-09, 2,2,2,2,2,2,5,5,7,7,31, 184115.7037
David_James_(footballer), 1970-08-01, 2,2,2,2,2,3,3,3,5,5,113, 22866.54286
Emile_Heskey, 1978-01-11, 2,2,2,2,2,2,2,2,5,23,83, 102361.275
James_Baldwin, 1924-08-02, 2,2,2,2,2,2,3,5,5,5,101, 51519.43333
Jim_Cummings, 1952-11-03, 2,2,2,2,3,3,3,5,7,7,23, 120277.8846
Johannes_Vermeer, 1632-10-31, 2,2,2,2,2,2,2,3,5,17,71, 130381.7838
Klaus_Tschütscher, 1967-07-08, 2,2,2,2,2,2,2,2,2,5,953, 6600.214286
Manuel_Castells, 1942-02-09, 2,2,2,2,2,2,5,5,7,7,31, 58047.26923
Roald_Dahl, 1916-09-13, 2,2,2,2,2,2,2,3,5,13,97, 261161.2745
Wes_Brown, 1979-10-13, 2,2,2,2,2,2,2,3,5,19,67, 42958.46667
