50_Cent, 1975-07-06, 2442600, 2,2,2,3,3,5,5,23,59, 0, 0, 632055.6716
Bryan_Cranston, 1956-03-07, 2435540, 2,2,5,47,2591, 0, 0, 586023.4615
Dr._Dre, 1965-02-18, 2438810, 2,5,11,22171, 0, 0, 574374.2745
Ed_Gein, 1906-08-27, 2417450, 2,5,5,7,6907, 0, 0, 607577.6296
Fedor_Emelianenko, 1976-09-28, 2443050, 2,3,3,5,5,61,89, 0, 0, 571876.4286
Hayden_Panettiere, 1989-08-21, 2447760, 2,2,2,2,3,5,7,31,47, 0, 0, 537846.0213
Jackie_Chan, 1954-04-07, 2434840, 2,2,2,5,29,2099, 0, 0, 545800.2099
Jennette_McCurdy, 1992-06-26, 2448800, 2,2,2,2,2,5,5,3061, 0, 0, 551673.5806
Johnny_Depp, 1963-06-09, 2438190, 2,3,3,5,27091, 0, 0, 1037709.288
Julia_Child, 1912-08-15, 2419630, 2,5,241963, 0, 0, 518714.4483
Kaley_Cuoco, 1985-11-30, 2446400, 2,2,2,2,2,2,5,5,11,139, 0, 0, 965585.4
Kate_Beckinsale, 1973-07-26, 2441890, 2,5,11,79,281, 0, 0, 498613.9565
Leighton_Meester, 1986-04-09, 2446530, 2,3,5,81551, 0, 0, 548303.4595
Lil_Wayne, 1982-09-27, 2445240, 2,2,2,3,5,7,41,71, 0, 0, 1401836.674
Miley_Cyrus, 1992-11-23, 2448950, 2,5,5,7,6997, 0, 0, 1277051.847
Olivia_Wilde, 1984-03-10, 2445770, 2,5,131,1867, 0, 0, 737592.027
Rachel_McAdams, 1978-11-17, 2443830, 2,3,5,29,53,53, 0, 0, 626933.5366
Ronaldo, 1976-09-18, 2443040, 2,2,2,2,2,5,15269, 0, 0, 510843.8533
Triple_H, 1969-07-27, 2440430, 2,5,244043, 0, 0, 787557.9211
Vanessa_Hudgens, 1988-12-14, 2447510, 2,5,13,67,281, 0, 0, 576795.339
Vin_Diesel, 1967-07-18, 2439690, 2,3,5,11,7393, 0, 0, 861818.1304
