Briana_Banks, 1978-05-21, 2443650, 2,3,5,5,11,1481, 0, 0, 278049.4615
Cameron_Diaz, 1972-08-30, 2441560, 2,2,2,5,11,31,179, 0, 0, 442533.4559
Carmelo_Anthony, 1984-05-29, 2445850, 2,5,5,11,4447, 0, 0, 229297.925
Chris_Jericho, 1970-11-09, 2440900, 2,2,5,5,7,11,317, 0, 0, 424251.5
Dr._Dre, 1965-02-18, 2438810, 2,5,11,22171, 0, 0, 574374.2745
Emiliano_Zapata, 1879-08-08, 2407570, 2,5,11,43,509, 0, 0, 153499.2632
Enrico_Berlinguer, 1922-05-15, 2423190, 2,3,5,7,11,1049, 0, 0, 252491.1852
Jennifer_Hudson, 1981-09-12, 2444860, 2,2,5,11,11113, 0, 0, 305279.4872
Jesse_James, 1847-09-05, 2395910, 2,5,11,23,947, 0, 0, 429359.5556
Kaley_Cuoco, 1985-11-30, 2446400, 2,2,2,2,2,2,5,5,11,139, 0, 0, 965585.4
Kate_Beckinsale, 1973-07-26, 2441890, 2,5,11,79,281, 0, 0, 498613.9565
Malcolm_X, 1925-05-19, 2424290, 2,5,11,22039, 0, 0, 368121.7143
Martha_Graham, 1894-05-11, 2412960, 2,2,2,2,2,3,5,11,457, 0, 0, 225573.8824
Melanie_Griffith, 1957-08-09, 2436060, 2,2,3,5,11,3691, 0, 0, 229125.2632
Meryl_Streep, 1949-06-22, 2433090, 2,3,5,11,73,101, 0, 0, 325459.9481
Paul_Pierce, 1977-10-13, 2443430, 2,5,11,97,229, 0, 0, 133974.8333
Phoebe_Tonkin, 1989-07-12, 2447720, 2,2,2,5,11,5563, 0, 0, 175445.8929
Pol_Pot, 1925-05-19, 2424290, 2,5,11,22039, 0, 0, 153698.3947
Raphael, 1483-03-28, 2262810, 2,3,5,11,6857, 0, 0, 147547.6429
Theodore_Roosevelt, 1858-10-27, 2399980, 2,2,5,11,10909, 0, 0, 249380.5979
Vin_Diesel, 1967-07-18, 2439690, 2,3,5,11,7393, 0, 0, 861818.1304
