Afonso_V_of_Portugal, 1432-01-15, 2244110, 2,5,11,23,887, 0, 0, 21701.69231
Anton_Rubinstein, 1829-11-28, 2389420, 2,2,5,11,10861, 0, 0, 19952.39474
Carmelo_Anthony, 1984-05-29, 2445850, 2,5,5,11,4447, 0, 0, 229297.925
Charles,_Prince_of_Wales, 1948-11-14, 2432870, 2,5,11,17,1301, 0, 0, 44704.31429
Daniel_Cohn-Bendit, 1945-04-04, 2431550, 2,5,5,11,4421, 0, 0, 78135.25806
Emiliano_Zapata, 1879-08-08, 2407570, 2,5,11,43,509, 0, 0, 153499.2632
Gigliola_Cinquetti, 1947-12-20, 2432540, 2,2,5,11,11057, 0, 0, 46424.13333
Günter_Grass, 1927-10-16, 2425170, 2,3,5,11,7349, 0, 0, 57431.57895
Jennifer_Hudson, 1981-09-12, 2444860, 2,2,5,11,11113, 0, 0, 305279.4872
Jesse_James, 1847-09-05, 2395910, 2,5,11,23,947, 0, 0, 429359.5556
Kate_Beckinsale, 1973-07-26, 2441890, 2,5,11,79,281, 0, 0, 498613.9565
Marco_Hietala, 1966-01-14, 2439140, 2,2,5,11,11087, 0, 0, 62113.2963
Paul_Pierce, 1977-10-13, 2443430, 2,5,11,97,229, 0, 0, 133974.8333
Raphael, 1483-03-28, 2262810, 2,3,5,11,6857, 0, 0, 147547.6429
Ross_Turnbull, 1985-01-04, 2446070, 2,5,11,37,601, 0, 0, 31249.8
Sergei_Bagapsh, 1949-03-04, 2432980, 2,2,5,11,11059, 0, 0, 8494.386364
Theodore_Roosevelt, 1858-10-27, 2399980, 2,2,5,11,10909, 0, 0, 249380.5979
Vin_Diesel, 1967-07-18, 2439690, 2,3,5,11,7393, 0, 0, 861818.1304
Vukašin_Brajić, 1984-02-09, 2445740, 2,2,5,11,11117, 0, 0, 4460.346154
