Anton_Makarenko, 1888-01-13, 2410650, 2,3,3,5,5,11,487, 0, 0, 26749.89286
Bohumil_Hrabal, 1914-03-28, 2420220, 2,2,3,5,11,19,193, 0, 0, 37298.70968
Cameron_Diaz, 1972-08-30, 2441560, 2,2,2,5,11,31,179, 0, 0, 442533.4559
Carlos_Castaneda, 1925-12-25, 2424510, 2,3,3,5,11,31,79, 0, 0, 114968.2286
Chris_Jericho, 1970-11-09, 2440900, 2,2,5,5,7,11,317, 0, 0, 424251.5
Eduard_Kokoity, 1964-10-31, 2438700, 2,2,3,5,5,11,739, 0, 0, 6441.756098
Eljero_Elia, 1987-02-13, 2446840, 2,2,2,5,11,67,83, 0, 0, 67714.44444
Hans_Christian_Gram, 1853-09-13, 2398110, 2,3,5,11,13,13,43, 0, 0, 9020.071429
Isidor_Isaac_Rabi, 1898-07-29, 2414500, 2,2,5,5,5,11,439, 0, 0, 10552.38
Joseph_Barbera, 1911-03-24, 2419120, 2,2,2,2,5,11,2749, 0, 0, 41229.3
Lothar_Matthäus, 1961-03-21, 2437380, 2,2,3,3,5,11,1231, 0, 0, 106941.5882
Marco_van_Basten, 1964-10-31, 2438700, 2,2,3,5,5,11,739, 0, 0, 116366.8654
Pavel_Nedvěd, 1972-08-30, 2441560, 2,2,2,5,11,31,179, 0, 0, 102004.7872
