Chloë_Sevigny, 1974-11-18, 2442370, 2,5,7,23,37,41, 0, 0, 305713.5357
Claudio_Caniggia, 1967-01-09, 2439500, 2,2,5,5,5,7,17,41, 0, 0, 70636.19355
Colonel_Sanders, 1890-09-09, 2411620, 2,2,5,17,41,173, 0, 0, 168414.0385
Enzo_Bearzot, 1927-09-26, 2425150, 2,5,5,7,13,13,41, 0, 0, 26282.23077
Franz_Beckenbauer, 1945-09-11, 2431710, 2,3,3,5,41,659, 0, 0, 134288.2857
Herbert_Marcuse, 1898-07-19, 2414490, 2,3,5,13,41,151, 0, 0, 52662.16667
Kurt_Lewin, 1890-09-09, 2411620, 2,2,5,17,41,173, 0, 0, 89351.10345
Lil_Wayne, 1982-09-27, 2445240, 2,2,2,3,5,7,41,71, 0, 0, 1401836.674
Louise_of_Mecklenburg-Strelitz, 1776-03-10, 2369800, 2,2,2,5,5,17,17,41, 0, 0, 41603.88462
Markus_Rosenberg, 1982-09-27, 2445240, 2,2,2,3,5,7,41,71, 0, 0, 35385.89655
Paz_Vega, 1976-01-02, 2442780, 2,2,3,3,5,41,331, 0, 0, 131161.2333
Petter_Solberg, 1974-11-18, 2442370, 2,5,7,23,37,41, 0, 0, 31671.69231
Philipp_Lahm, 1983-11-11, 2445650, 2,5,5,41,1193, 0, 0, 100898.8868
Rafael_Trujillo, 1891-10-24, 2412030, 2,3,5,37,41,53, 0, 0, 113953.3077
Vittorio_Emanuele_Orlando, 1860-05-19, 2400550, 2,5,5,41,1171, 0, 0, 19714.81481
