Dalida, 1933-01-17, 2427090, 2,3,5,17,4759, 0, 0, 150476.7143
Edward_G._Robinson, 1893-12-12, 2412810, 2,3,3,5,17,19,83, 0, 0, 81688.10714
Erwin_Neher, 1944-03-20, 2431170, 2,3,3,5,7,17,227, 0, 0, 8000.548387
Helmut_Kohl, 1930-04-03, 2426070, 2,3,5,17,67,71, 0, 0, 88218.78462
Hun_Sen, 1952-08-05, 2434230, 2,3,3,5,17,37,43, 0, 0, 42468.96875
Jackie_Robinson, 1919-01-31, 2421990, 2,3,3,5,17,1583, 0, 0, 327129.3438
Jean_Nouvel, 1945-08-12, 2431680, 2,2,2,2,2,2,3,5,17,149, 0, 0, 55852.30556
Johannes_Vermeer, 1632-10-31, 2317440, 2,2,2,2,2,2,2,3,5,17,71, 0, 0, 130381.7838
Josip_Jelačić, 1801-10-16, 2379150, 2,3,3,5,5,17,311, 0, 0, 17949.96552
Katie_Melua, 1984-09-16, 2445960, 2,2,2,3,5,11,17,109, 0, 0, 127300.8333
Marcelo_H._del_Pilar, 1850-08-30, 2397000, 2,2,2,3,5,5,5,17,47, 0, 0, 40049.92593
Michael_Chang, 1972-02-22, 2441370, 2,3,5,17,4787, 0, 0, 82152.39394
Mustafa_Kemal_Atatürk, 1881-05-19, 2408220, 2,2,3,3,5,17,787, 0, 0, 117202.488
Oleh_Husyev, 1983-04-25, 2445450, 2,3,5,5,7,17,137, 0, 0, 7777.935484
Philip_Johnson, 1906-07-08, 2417400, 2,2,2,3,3,5,5,17,79, 0, 0, 40671.56818
Richard_Clayderman, 1953-12-28, 2434740, 2,2,3,5,7,11,17,31, 0, 0, 82192.22581
Rudolph_Valentino, 1895-05-06, 2413320, 2,2,2,3,5,7,13,13,17, 0, 0, 103537.025
Sebastian_Vettel, 1987-07-03, 2446980, 2,2,3,5,17,2399, 0, 0, 142688.7465
Theodore_Schultz, 1902-04-30, 2415870, 2,3,3,5,17,1579, 0, 0, 9037.029412
Wojciech_Szczęsny, 1990-04-18, 2448000, 2,2,2,2,2,2,2,3,3,5,5,5,17, 0, 0, 88322.95122
