Emmanuel_Eboué, 1983-06-04, 2445490, 2,5,19,61,211, 0, 0, 68044.39474
Fedor_Emelianenko, 1976-09-28, 2443050, 2,3,3,5,5,61,89, 0, 0, 571876.4286
Gabriella_Cilmi, 1991-10-10, 2448540, 2,2,3,3,5,61,223, 0, 0, 133658.9231
Georg_Simmel, 1858-03-01, 2399740, 2,2,5,7,61,281, 0, 0, 64252.28947
John_McCain, 1936-08-29, 2428410, 2,3,5,61,1327, 0, 0, 229144.573
Karl_Mannheim, 1893-03-27, 2412550, 2,5,5,7,61,113, 0, 0, 21428.33333
Maggie_Smith, 1934-12-28, 2427800, 2,2,2,5,5,61,199, 0, 0, 217273.4681
Michael_Cera, 1988-06-07, 2447320, 2,2,2,5,17,59,61, 0, 0, 487260.037
Michael_Palin, 1943-05-05, 2430850, 2,5,5,61,797, 0, 0, 119048.5758
Richard_R._Schrock, 1945-01-04, 2431460, 2,2,5,61,1993, 0, 0, 6984.027027
Shirley_Temple, 1928-04-23, 2425360, 2,2,2,2,5,7,61,71, 0, 0, 340979.1111
Xherdan_Shaqiri, 1991-10-10, 2448540, 2,2,3,3,5,61,223, 0, 0, 125993.7037
