Allan_Simonsen, 1952-12-15, 2434362, 2,3,7,149,389, 0, 0, 24091.3871
Caroline_Herschel, 1750-03-16, 2360309, 7,31,73,149, 0, 0, 14362.80769
John_Glenn, 1921-07-18, 2422889, 7,23,101,149, 0, 0, 100013.093
Mark_Zuckerberg, 1984-05-14, 2445835, 5,7,7,67,149, 0, 0, 736947.6353
Michael_Rensing, 1984-05-14, 2445835, 5,7,7,67,149, 0, 0, 47762.85714
Nigel_Reo-Coker, 1984-05-14, 2445835, 5,7,7,67,149, 0, 0, 29334.06897
Oscar_Luigi_Scalfaro, 1918-09-09, 2421846, 2,3,3,3,7,43,149, 0, 0, 27593.61905
Robert_Wagner, 1930-02-10, 2426018, 2,7,149,1163, 0, 0, 193250.6538
Roman_Shirokov, 1981-07-06, 2444792, 2,2,2,7,149,293, 0, 0, 11149.85714
Ronald_Fisher, 1890-02-17, 2411416, 2,2,2,7,17,17,149, 0, 0, 31694.82857
