Alexei_Alexeyevich_Abrikosov, 1928-06-25, 7,11,13,2423, 10347.60976
El_Lissitzky, 1890-11-23, 5,11,13,3373, 38337.66667
Ivan_Turgenev, 1818-11-09, 7,11,13,2383, 29827.18841
Johann_Heinrich_Pestalozzi, 1746-01-12, 5,11,13,3299, 66874.39535
Liam_Gallagher, 1972-09-21, 2,11,13,8537, 225093.3714
Marty_Friedman, 1962-12-08, 3,11,13,5683, 106806.1071
Mathias_Rust, 1968-06-01, 11,13,113,151, 50505.92857
Michael_Curtiz, 1886-12-24, 5,11,13,3371, 26499.71429
Michel_Debré, 1912-01-15, 7,11,13,2417, 22336.73333
Peyo, 1928-06-25, 7,11,13,2423, 43534.85714
Rebecca_Soni, 1987-03-18, 11,13,71,241, 32845
Sandra_Oh, 1971-07-20, 11,13,43,397, 236545.7692
Selim_II, 1524-05-28, 11,13,17,937, 99343.98077
Tim_Henman, 1974-09-06, 3,11,13,5693, 58883.16129
Udo_Jürgens, 1934-09-30, 3,11,13,5659, 70443.53846
Warren_G._Harding, 1865-11-02, 11,13,53,317, 90790.87356
