Andrea_Pirlo, 1979-05-19, 2444013, 3,3,3,3,11,13,211, 0, 0, 186067.6842
Andy_García, 1956-04-12, 2435576, 2,2,2,11,13,2129, 0, 0, 136039.925
Brandon_Routh, 1979-10-09, 2444156, 2,2,11,13,4273, 0, 0, 227368.8077
Caroline,_Princess_of_Hanover, 1957-01-23, 2435862, 2,3,11,13,17,167, 0, 0, 103893.1
Daniel_Radcliffe, 1989-07-23, 2447731, 11,13,17117, 0, 0, 413127.9091
Diego_Forlán, 1979-05-19, 2444013, 3,3,3,3,11,13,211, 0, 0, 198126.9259
Gackt, 1973-07-04, 2441868, 2,2,3,11,13,1423, 0, 0, 304094.2857
John_Grisham, 1955-02-08, 2435147, 11,13,17029, 0, 0, 135173.3261
Katie_Leung, 1987-08-08, 2447016, 2,2,2,3,11,13,23,31, 0, 0, 82028.83871
Ken_Watanabe, 1959-10-21, 2436863, 11,13,17041, 0, 0, 271492.4688
Konrad_Zuse, 1910-06-22, 2418845, 5,11,13,17,199, 0, 0, 74877.11364
Le_Corbusier, 1887-10-06, 2410551, 3,3,11,13,1873, 0, 0, 125251.9813
Liam_Gallagher, 1972-09-21, 2441582, 2,11,13,8537, 0, 0, 225093.3714
Madeleine_Stowe, 1958-08-18, 2436434, 2,7,11,13,1217, 0, 0, 163111
Mahatma_Gandhi, 1869-10-02, 2403973, 11,13,16811, 0, 0, 321492.8406
Marty_Friedman, 1962-12-08, 2438007, 3,11,13,5683, 0, 0, 106806.1071
Sandra_Oh, 1971-07-20, 2441153, 11,13,43,397, 0, 0, 236545.7692
Selim_II, 1524-05-28, 2277847, 11,13,17,937, 0, 0, 99343.98077
Taylor_Swift, 1989-12-13, 2447874, 2,3,3,3,11,13,317, 0, 0, 863062.3971
Varg_Vikernes, 1973-02-11, 2441725, 5,5,11,13,683, 0, 0, 166625.1765
Warren_G._Harding, 1865-11-02, 2402543, 11,13,53,317, 0, 0, 90790.87356
