Aiden_McGeady, 1986-04-04, 2,2,3,3,3,3,3,3,839
Alexander_R._Todd,_Baron_Todd, 1907-10-02, 2,3,3,3,3,3,5,5,199
Andy_Serkis, 1964-04-20, 3,3,3,3,3,3,3,5,223
Arvydas_Sabonis, 1964-12-19, 2,2,3,3,3,3,3,13,193
Casey_Affleck, 1975-08-12, 2,2,3,3,3,3,3,7,359
Clemens_Fritz, 1980-12-07, 2,2,3,3,3,3,3,5,503
Crispin_Glover, 1964-04-20, 3,3,3,3,3,3,3,5,223
Enrico_Caruso, 1873-02-25, 2,3,3,3,3,3,7,7,101
Ernest_Borgnine, 1917-01-24, 2,2,3,3,3,3,3,47,53
Gherman_Titov, 1935-09-11, 2,2,2,3,3,3,3,3,1249
Hipólito_Yrigoyen, 1852-07-12, 3,3,3,3,3,3,11,13,23
Jean-Michel_Basquiat, 1960-12-22, 2,3,3,3,3,3,5,17,59
John_Rhys-Davies, 1944-05-05, 3,3,3,3,3,3,5,23,29
John_Terry, 1980-12-07, 2,2,3,3,3,3,3,5,503
Josephine_Baker, 1906-06-03, 2,2,3,3,3,3,3,3,829
Jules_Michelet, 1798-08-21, 2,3,3,3,3,3,3,7,233
Magnus_Carlsen, 1990-11-30, 3,3,3,3,3,5,5,13,31
Marshall_Allman, 1984-04-05, 3,3,3,3,3,3,5,11,61
Martin_Luther_King,_Jr., 1929-01-15, 2,3,3,3,3,3,7,23,31
Michael_Shanks, 1970-12-15, 3,3,3,3,3,5,7,7,41
Samuel_Morse, 1791-04-27, 3,3,3,3,3,5,5,17,23
