Abbas_I_of_Persia, 1571-01-27, 2294892, 2,2,3,3,3,3,3,3,787, 0, 0, 16670.6383
Abdul_Kader_Keïta, 1981-08-06, 2444823, 3,3,3,3,3,10061, 0, 0, 55590.96296
Amanda_Bynes, 1986-04-03, 2446524, 2,2,3,3,3,3,3,3,839, 0, 0, 624594.7027
Edith_Stein, 1891-10-12, 2412018, 2,3,3,3,3,3,7,709, 0, 0, 52454.79487
Ernst_Kaltenbrunner, 1903-10-04, 2416392, 2,2,2,3,3,3,3,3,11,113, 0, 0, 65302.60976
Giovanni_Battista_Tiepolo, 1696-03-05, 2340576, 2,2,2,2,2,3,3,3,3,3,7,43, 0, 0, 29500.7381
Gustav_Fechner, 1801-04-19, 2378970, 2,3,3,3,3,3,5,11,89, 0, 0, 18864.6
Hayao_Miyazaki, 1941-01-05, 2430000, 2,2,2,2,3,3,3,3,3,5,5,5,5, 0, 0, 414062.75
Ian_Somerhalder, 1978-12-08, 2443851, 3,3,3,3,3,89,113, 0, 0, 547220.2667
Jasper_Johns, 1930-05-15, 2426112, 2,2,2,2,2,2,2,2,3,3,3,3,3,3,13, 0, 0, 114247.1538
Keri_Hilson, 1982-12-05, 2445309, 3,3,3,3,3,29,347, 0, 0, 290769.3333
Markus_Wolf, 1923-01-19, 2423439, 3,3,3,3,3,9973, 0, 0, 29526.11111
Mary_McDonnell, 1952-04-28, 2434131, 3,3,3,3,3,3,3,3,7,53, 0, 0, 126443.9259
Muqtada_al-Sadr, 1973-08-12, 2441907, 3,3,3,3,3,13,773, 0, 0, 37263.76471
Peter_Falk, 1927-09-16, 2425140, 2,2,3,3,3,3,3,5,499, 0, 0, 161894.8636
Peter_Stormare, 1953-08-27, 2434617, 3,3,3,3,3,43,233, 0, 0, 174557.4643
Shirley_Bassey, 1937-01-08, 2428542, 2,3,3,3,3,3,19,263, 0, 0, 131828.2258
Stephen_Fry, 1957-08-24, 2436075, 3,3,3,3,3,5,5,401, 0, 0, 357339.3421
Victoria_Azarenka, 1989-07-31, 2447739, 3,3,3,3,3,7,1439, 0, 0, 106898
William-Adolphe_Bouguereau, 1825-11-30, 2387961, 3,3,3,3,3,31,317, 0, 0, 62041.91489
Wilson_Kipketer, 1972-12-12, 2441664, 2,2,2,2,2,2,3,3,3,3,3,157, 0, 0, 18113.53846
