Alexander_Kerensky, 1881-05-02, 2408203, 7,7,7,7,17,59, 0, 0, 39870.62745
Ayrton_Senna, 1960-03-21, 2437015, 5,7,7,7,7,7,29, 0, 0, 294298.3594
Cadel_Evans, 1977-02-14, 2443189, 7,7,7,17,419, 0, 0, 54956.5641
Charles_III_of_Spain, 1716-01-20, 2347835, 5,7,7,7,37,37, 0, 0, 59198.94231
Charles_Manson, 1934-11-12, 2427754, 2,7,7,7,3539, 0, 0, 888097.4186
Ernst_Röhm, 1887-11-28, 2410604, 2,2,7,7,7,7,251, 0, 0, 95777.06818
Fabien_Barthez, 1971-06-28, 2441131, 7,7,7,11,647, 0, 0, 85283.57895
Freddie_Prinze,_Jr., 1976-03-08, 2442846, 2,3,7,7,7,1187, 0, 0, 73413.51852
Hermann_Oberth, 1894-06-25, 2413005, 3,5,7,7,7,7,67, 0, 0, 19439.80645
Ion_Iliescu, 1930-03-03, 2426039, 7,7,7,11,643, 0, 0, 23997.15
John_Tyler, 1790-03-29, 2374932, 2,2,3,7,7,7,577, 0, 0, 50866.2967
Jon_Lord, 1941-06-09, 2430155, 5,7,7,7,13,109, 0, 0, 75831.89744
Kristen_Stewart, 1990-04-09, 2447991, 3,3,7,7,7,13,61, 0, 0, 955837.0345
Paulo_Freire, 1921-09-19, 2422952, 2,2,2,7,7,7,883, 0, 0, 198946.2857
Peter_Zumthor, 1943-04-26, 2430841, 7,7,7,19,373, 0, 0, 57836.65517
Ricardo_Zamora, 1901-01-21, 2415406, 2,7,7,7,7,503, 0, 0, 25525.75862
Shavo_Odadjian, 1974-04-22, 2442160, 2,2,2,2,5,7,7,7,89, 0, 0, 87919.96774
Steven_Soderbergh, 1963-01-14, 2438044, 2,2,7,7,7,1777, 0, 0, 116971.3111
Thomas_Bernhard, 1931-02-09, 2426382, 2,3,3,3,7,7,7,131, 0, 0, 54797.08333
Vasily_Chuikov, 1900-02-12, 2415063, 3,7,7,7,2347, 0, 0, 24087.07692
Vavá, 1934-11-12, 2427754, 2,7,7,7,3539, 0, 0, 23284.75
