Adolf_Galland, 1912-03-19, 2419481, 43,56267, 0, 0, 63097.6129
Boris_III_of_Bulgaria, 1894-01-30, 2412859, 43,56113, 0, 0, 31435.23529
Charles_Thomson_Rees_Wilson, 1869-02-14, 2403743, 43,55901, 0, 0, 7158
David_Carradine, 1936-12-08, 2428511, 43,56477, 0, 0, 320729.3902
Ed_Asner, 1929-11-15, 2425931, 43,56417, 0, 0, 98434.69231
Ellen_Burstyn, 1932-12-07, 2427049, 43,56443, 0, 0, 118980.8529
Gerhard_Armauer_Hansen, 1841-07-29, 2393681, 43,55667, 0, 0, 9888.038462
Gheorghe_Gheorghiu-Dej, 1901-11-08, 2415697, 43,56179, 0, 0, 26251.96552
Jean_Giraud, 1938-05-08, 2429027, 43,56489, 0, 0, 82843.56667
Jyrki_Katainen, 1971-10-14, 2441239, 43,56773, 0, 0, 18112.54286
Kanye_West, 1977-06-08, 2443303, 43,56821, 0, 0, 766342.2778
Ludovico_Sforza, 1452-07-27, 2251609, 43,52363, 0, 0, 34247.25
Maggie_Cheung, 1964-09-20, 2438659, 43,56713, 0, 0, 91269.30769
Pierre_de_Coubertin, 1863-01-01, 2401507, 43,55849, 0, 0, 54907.59016
Raúl_Albiol, 1985-09-04, 2446313, 43,56891, 0, 0, 60298.9375
Rūta_Meilutytė, 1997-03-19, 2450527, 43,56989, 0, 0, 10709.96875
Shinji_Kagawa, 1989-03-17, 2447603, 43,56921, 0, 0, 279455.4722
Tommi_Mäkinen, 1964-06-26, 2438573, 43,56711, 0, 0, 25314.88889
Walther_Bothe, 1891-01-08, 2411741, 43,56087, 0, 0, 8215.066667
Yoweri_Museveni, 1944-09-15, 2431349, 43,56543, 0, 0, 31529.90909
Zac_Efron, 1987-10-18, 2447087, 43,56909, 0, 0, 563371.3636
