Angela_Gossow, 1974-11-05, 3,3,43,6311, 99346.84615
Burt_Reynolds, 1936-02-11, 2,5,43,5647, 264935.0833
David_Duchovny, 1960-08-07, 2,17,43,1667, 198517.9184
Dwight_D._Eisenhower, 1890-10-14, 3,5,43,3739, 192452.8283
Edgar_Davids, 1973-03-13, 5,41,43,277, 171887.8095
Eric_Bana, 1968-08-09, 2,17,43,1669, 253200.7857
George_Armstrong_Custer, 1839-12-05, 3,13,43,1427, 146985.1707
Gerard_Piqué, 1987-02-02, 7,11,43,739, 262678.4035
Gillian_Anderson, 1968-08-09, 2,17,43,1669, 182887.381
James_Caan, 1940-03-26, 3,5,43,3767, 180407.2778
Jennifer_Lawrence, 1990-08-15, 17,17,43,197, 834723.4762
Matt_Dillon, 1964-02-18, 2,2,43,14177, 187413.7568
Matt_Hardy, 1974-09-23, 2,7,43,4057, 286764.9355
Nancy_Pelosi, 1940-03-26, 3,5,43,3767, 133364.9792
Natalie_Portman, 1981-06-09, 5,43,83,137, 583969.4487
Omar_Epps, 1973-07-20, 2,2,43,14197, 181563.1111
Rumiko_Takahashi, 1957-10-10, 2,13,43,2179, 118465.2121
Sandra_Oh, 1971-07-20, 11,13,43,397, 236545.7692
Sigourney_Weaver, 1949-10-08, 2,3,43,9431, 230360.037
Tony_Scott, 1944-06-21, 3,43,47,401, 163931.4359
William_S._Burroughs, 1914-02-05, 3,43,73,257, 150601.525
