Burt_Reynolds, 1936-02-11, 2428210, 2,5,43,5647, 0, 0, 264935.0833
David_Carradine, 1936-12-08, 2428511, 43,56477, 0, 0, 320729.3902
Elizabeth_I_of_England, 1533-09-07, 2281236, 2,2,3,43,4421, 0, 0, 370663.8113
Eric_Bana, 1968-08-09, 2440078, 2,17,43,1669, 0, 0, 253200.7857
Gerard_Piqué, 1987-02-02, 2446829, 7,11,43,739, 0, 0, 262678.4035
Jake_Gyllenhaal, 1980-12-19, 2444593, 43,139,409, 0, 0, 488377.0185
Jason_Earles, 1977-04-26, 2443260, 2,2,3,5,43,947, 0, 0, 356005
Jennifer_Lawrence, 1990-08-15, 2448119, 17,17,43,197, 0, 0, 834723.4762
Joey_Jordison, 1975-04-26, 2442529, 43,43,1321, 0, 0, 249852.5172
Justin_Timberlake, 1981-01-31, 2444636, 2,2,43,61,233, 0, 0, 571333.029
Kanye_West, 1977-06-08, 2443303, 43,56821, 0, 0, 766342.2778
Lindsay_Lohan, 1986-07-02, 2446614, 2,3,3,29,43,109, 0, 0, 609891.7424
Matt_Hardy, 1974-09-23, 2442314, 2,7,43,4057, 0, 0, 286764.9355
Natalie_Portman, 1981-06-09, 2444765, 5,43,83,137, 0, 0, 583969.4487
Peter_Facinelli, 1973-11-26, 2442013, 7,7,19,43,61, 0, 0, 332463.3846
Sandra_Oh, 1971-07-20, 2441153, 11,13,43,397, 0, 0, 236545.7692
Shinji_Kagawa, 1989-03-17, 2447603, 43,56921, 0, 0, 279455.4722
Steve_McQueen, 1930-03-24, 2426060, 2,2,5,7,13,31,43, 0, 0, 281928.4259
Tom_Welling, 1977-04-26, 2443260, 2,2,3,5,43,947, 0, 0, 233908.9744
Wayne_Gretzky, 1961-01-26, 2437326, 2,3,3,43,47,67, 0, 0, 307944.697
Zac_Efron, 1987-10-18, 2447087, 43,56909, 0, 0, 563371.3636
