Anna_Gavalda, 1970-12-09, 2440930, 2,5,19,29,443, 0, 0, 47316.44444
Astrid_Lindgren, 1907-11-14, 2417894, 2,443,2729, 0, 0, 92809.5
Boris_Akunin, 1956-05-20, 2435614, 2,443,2749, 0, 0, 73598.75862
Camilo_José_Cela, 1916-05-11, 2420995, 5,443,1093, 0, 0, 33522.05172
Georges_Pompidou, 1911-07-05, 2419223, 43,127,443, 0, 0, 37954.53659
Hasan_Salihamidžić, 1977-01-01, 2443145, 5,443,1103, 0, 0, 46216.09375
Heinz_Guderian, 1888-06-17, 2410806, 2,3,443,907, 0, 0, 84700.48889
Hilary_Swank, 1974-07-30, 2442259, 37,149,443, 0, 0, 193626.4407
Joe_Cole, 1981-11-08, 2444917, 443,5519, 0, 0, 119495.5
Leonard_Bloomfield, 1887-04-01, 2410363, 443,5441, 0, 0, 17705.44444
Mike_Portnoy, 1967-04-20, 2439601, 443,5507, 0, 0, 157391.1935
Paul_Tibbets, 1915-02-23, 2420552, 2,2,2,443,683, 0, 0, 70950.92857
Theodor_W._Hänsch, 1941-10-30, 2430298, 2,13,211,443, 0, 0, 8428.228571
Thomas_Keneally, 1935-10-07, 2428083, 3,3,3,7,29,443, 0, 0, 19366.69231
Umar_II, 0682-11-02, 1970464, 2,2,2,2,2,139,443, 0, 0, 47667.53333
