Afonso_IV_of_Portugal, 1291-02-08, 2192634, 2,3,3,181,673, 0, 0, 11536.54839
Amanda_Peet, 1972-01-11, 2441328, 2,2,2,2,3,181,281, 0, 0, 128232.4545
Brian_Greene, 1963-02-09, 2438070, 2,3,5,181,449, 0, 0, 60592.3871
Bruce_Springsteen, 1949-09-23, 2433183, 3,181,4481, 0, 0, 330141.6364
Eiichiro_Oda, 1975-01-01, 2442414, 2,3,13,173,181, 0, 0, 211854.3103
Ezer_Weizman, 1924-06-15, 2423952, 2,2,2,2,3,3,3,31,181, 0, 0, 19709.64516
Georges_Bataille, 1897-09-10, 2414178, 2,3,3,3,13,19,181, 0, 0, 63328
Henry_VI_of_England, 1421-12-06, 2240418, 2,3,181,2063, 0, 0, 77384.98077
Jan_Ceulemans, 1957-02-28, 2435898, 2,3,181,2243, 0, 0, 17127.28571
Jean_Giraudoux, 1882-10-29, 2408748, 2,2,3,181,1109, 0, 0, 30351.03846
Jochen_Rindt, 1942-04-18, 2430468, 2,2,3,3,181,373, 0, 0, 55726.65517
John_Russell_Hind, 1823-05-12, 2387028, 2,2,3,7,157,181, 0, 0, 3228.107143
John_Turturro, 1957-02-28, 2435898, 2,3,181,2243, 0, 0, 185145.2903
Lolo_Ferrari, 1963-02-09, 2438070, 2,3,5,181,449, 0, 0, 208142.1154
Nadia_Petrova, 1982-06-08, 2445129, 3,3,19,79,181, 0, 0, 23075.30769
Nikolai_Bukharin, 1888-10-09, 2410920, 2,2,2,3,3,5,37,181, 0, 0, 30570.07895
Palmiro_Togliatti, 1893-03-26, 2412549, 3,3,181,1481, 0, 0, 38974.96154
Pope_Innocent_XIII, 1655-05-13, 2325669, 3,181,4283, 0, 0, 12357.45455
Prince_Andrew,_Duke_of_York, 1960-02-19, 2436984, 2,2,2,3,3,11,17,181, 0, 0, 28485.86111
Tim_Burton, 1958-08-25, 2436441, 3,7,181,641, 0, 0, 511070.9153
