Alec_Baldwin, 1958-04-03, 2436297, 3,743,1093, 0, 0, 331334.1
Bourvil, 1917-07-27, 2421437, 743,3259, 0, 0, 95075.38462
Charles_K._Kao, 1933-11-04, 2427381, 3,3,3,11,11,743, 0, 0, 25685.37838
DJ_Shadow, 1972-06-29, 2441498, 2,31,53,743, 0, 0, 87437.96154
Esteban_Cambiasso, 1980-08-18, 2444470, 2,5,7,47,743, 0, 0, 72909.65789
Fakhruddin_Ali_Ahmed, 1905-05-13, 2416979, 743,3253, 0, 0, 13377.38462
H._Jon_Benjamin, 1966-05-23, 2439269, 7,7,67,743, 0, 0, 112066.1379
Jessica_Tandy, 1909-06-07, 2418465, 3,5,7,31,743, 0, 0, 78985.57143
John_Wayne, 1907-05-26, 2417722, 2,743,1627, 0, 0, 257134.48
Kublai_Khan, 1215-09-23, 2165102, 2,31,47,743, 0, 0, 74562.30435
Samantha_Smith, 1972-06-29, 2441498, 2,31,53,743, 0, 0, 52726.42424
Sharon_den_Adel, 1974-07-12, 2442241, 19,173,743, 0, 0, 99170.11429
Toni_Sailer, 1935-11-17, 2428124, 2,2,19,43,743, 0, 0, 17620.28571
Virginia_Apgar, 1909-06-07, 2418465, 3,5,7,31,743, 0, 0, 11302.88462
