Benicio_del_Toro, 1967-02-19, 2439541, 13,23,41,199, 0, 0, 199864.2368
Chloë_Sevigny, 1974-11-18, 2442370, 2,5,7,23,37,41, 0, 0, 305713.5357
Franz_Brentano, 1838-01-16, 2392391, 23,41,43,59, 0, 0, 21592.19355
Lion_Feuchtwanger, 1884-07-07, 2409365, 5,7,23,41,73, 0, 0, 22209.65714
Orson_Scott_Card, 1951-08-24, 2433883, 23,29,41,89, 0, 0, 107228.4286
Paul_Signac, 1863-11-11, 2401821, 3,3,23,41,283, 0, 0, 43168.21622
Petter_Solberg, 1974-11-18, 2442370, 2,5,7,23,37,41, 0, 0, 31671.69231
Phil_Jagielka, 1982-08-17, 2445199, 23,41,2593, 0, 0, 37540.65625
Rivaldo, 1972-04-19, 2441427, 3,23,41,863, 0, 0, 177411.4808
Ryo_Miyaichi, 1992-12-14, 2448971, 7,7,23,41,53, 0, 0, 128376.8148
Viktor_Vasnetsov, 1848-05-15, 2396163, 3,7,11,11,23,41, 0, 0, 17506.80556
Zooey_Deschanel, 1980-01-17, 2444256, 2,2,2,2,2,3,3,3,3,23,41, 0, 0, 851459.7436
