Domenico_Criscito, 1986-12-30, 2,3,3,3,7,6473, 57182.96154
Ellie_Goulding, 1986-12-30, 2,3,3,3,7,6473, 456079.4815
Frank_Lloyd, 1886-02-02, 3,3,3,7,41,311, 8627.111111
Franz_Kafka, 1883-07-03, 2,3,3,3,7,6373, 196158.075
James_Tobin, 1918-03-05, 3,3,3,3,7,4271, 21134.81081
Kevin_Großkreutz, 1988-07-19, 3,3,3,7,23,563, 59244.19231
Norbert_Elias, 1897-06-22, 3,3,3,7,53,241, 43289.86667
Paul_Keating, 1944-01-18, 3,3,3,7,19,677, 35025.74194
Pieter_van_den_Hoogenband, 1978-03-14, 3,3,3,7,7,1847, 36937.73077
Shane_Dawson, 1988-07-19, 3,3,3,7,23,563, 83233.85185
