Alessandro_Manzoni, 1785-03-07, 2373084, 2,2,3,3,3,7,43,73, 0, 0, 72838.91489
Andy_Schleck, 1985-06-10, 2446227, 3,3,3,7,7,43,43, 0, 0, 80539.12903
Anette_Olzon, 1971-06-21, 2441124, 2,2,3,3,3,7,3229, 0, 0, 89964.15385
Bill_Clinton, 1946-08-19, 2432052, 2,2,3,3,3,7,3217, 0, 0, 263930.3983
Edward_James_Olmos, 1947-02-24, 2432241, 3,3,3,7,17,757, 0, 0, 142510.6364
Gabrielle_Giffords, 1970-06-08, 2440746, 2,3,3,3,7,11,587, 0, 0, 131759.1892
James_Cagney, 1899-07-17, 2414853, 3,3,3,3,7,4259, 0, 0, 75230.8913
Janeane_Garofalo, 1964-09-28, 2438667, 3,3,3,3,7,11,17,23, 0, 0, 156328.2222
Jim_Cummings, 1952-11-03, 2434320, 2,2,2,2,3,3,3,5,7,7,23, 0, 0, 120277.8846
John_D._Rockefeller, 1839-07-08, 2392929, 3,3,3,7,11,1151, 0, 0, 304381.7358
Josh_Radnor, 1974-07-29, 2442258, 2,3,3,3,7,7,13,71, 0, 0, 339447.7097
Mary_McDonnell, 1952-04-28, 2434131, 3,3,3,3,3,3,3,3,7,53, 0, 0, 126443.9259
Nancy_Ajram, 1983-05-16, 2445471, 3,3,3,3,7,19,227, 0, 0, 102775.75
Nat_King_Cole, 1919-03-17, 2422035, 3,3,3,5,7,11,233, 0, 0, 131799.625
Owen_Wilson, 1968-11-18, 2440179, 3,3,3,7,12911, 0, 0, 333739.0784
Sean_Paul, 1973-01-08, 2441691, 3,3,3,7,12919, 0, 0, 299910.6486
Slavoj_Žižek, 1949-03-21, 2432997, 3,3,3,3,7,7,613, 0, 0, 98222.34884
Ted_Kennedy, 1932-02-22, 2426760, 2,2,2,3,3,3,3,5,7,107, 0, 0, 206382.3585
Tom_Selleck, 1945-01-29, 2431485, 3,3,3,5,7,31,83, 0, 0, 277634.5278
Victor_Vasarely, 1906-04-09, 2417310, 2,3,3,3,5,7,1279, 0, 0, 72000.2
Victoria_Azarenka, 1989-07-31, 2447739, 3,3,3,3,3,7,1439, 0, 0, 106898
