Ayumi_Hamasaki, 1978-10-02, 2443784, 2,2,2,7,17,17,151, 0, 0, 304254.439
Dean_Koontz, 1945-07-09, 2431646, 2,7,17,17,601, 0, 0, 90175
Gebhard_Leberecht_von_Blücher, 1742-12-16, 2357662, 2,17,17,4079, 0, 0, 36938.36111
George_Berkeley, 1685-03-12, 2336565, 3,5,7,7,11,17,17, 0, 0, 45852.2459
George_Clooney, 1961-05-06, 2437426, 2,17,17,4217, 0, 0, 486602.5556
Gisela_Dulko, 1985-01-30, 2446096, 2,2,2,2,17,17,23,23, 0, 0, 36220.03448
Grzegorz_Lato, 1950-04-08, 2433380, 2,2,5,17,17,421, 0, 0, 37001.96667
Jean_Gabin, 1904-05-17, 2416618, 2,17,17,37,113, 0, 0, 81407.97368
Jennifer_Lawrence, 1990-08-15, 2448119, 17,17,43,197, 0, 0, 834723.4762
John_Ford, 1894-02-01, 2412861, 3,11,11,17,17,23, 0, 0, 60659.30612
John_Lennon, 1940-10-09, 2429912, 2,2,2,17,17,1051, 0, 0, 575654.3465
Kim_Il-sung, 1912-04-15, 2419508, 2,2,7,13,17,17,23, 0, 0, 146347.3289
Liédson, 1977-12-17, 2443495, 5,17,17,19,89, 0, 0, 40936.74074
Louise_of_Mecklenburg-Strelitz, 1776-03-10, 2369800, 2,2,2,5,5,17,17,41, 0, 0, 41603.88462
Michelle_Branch, 1983-07-02, 2445518, 2,17,17,4231, 0, 0, 142589.2143
Robert_E._Lee, 1807-01-19, 2381071, 7,11,17,17,107, 0, 0, 206202.2453
Ronald_Fisher, 1890-02-17, 2411416, 2,2,2,7,17,17,149, 0, 0, 31694.82857
Rowan_Atkinson, 1955-01-06, 2435114, 2,11,17,17,383, 0, 0, 305651.8824
Roy_Scheider, 1932-11-10, 2427022, 2,13,17,17,17,19, 0, 0, 121478.6765
Tim_Borowski, 1980-05-02, 2444362, 2,17,17,4229, 0, 0, 28438.54286
Yves_Montand, 1921-10-13, 2422976, 2,2,2,2,2,2,17,17,131, 0, 0, 86773.07317
