Akechi_Mitsuhide, 1528-03-10, 2279229, 3,59,79,163, 0, 0, 166920.1154
Clement_Attlee, 1883-01-03, 2408814, 2,3,3,163,821, 0, 0, 43576.17241
Elias_James_Corey, 1928-07-12, 2425440, 2,2,2,2,2,3,5,31,163, 0, 0, 12611.68571
Erich_Raeder, 1876-04-24, 2406369, 3,7,19,37,163, 0, 0, 42112.61364
Guillermo_Vilas, 1952-08-17, 2434242, 2,3,19,131,163, 0, 0, 41353.33333
Guy_Ritchie, 1968-09-10, 2440110, 2,3,5,163,499, 0, 0, 232787.8684
Kristen_Schaal, 1978-01-24, 2443533, 3,19,163,263, 0, 0, 108566.7931
Larry_King, 1933-11-19, 2427396, 2,2,3,17,73,163, 0, 0, 169079.4722
Manuel_Fernandes_(footballer,_born_1986), 1986-02-05, 2446467, 3,163,5003, 0, 0, 56801.46154
Nelson_Piquet, 1952-08-17, 2434242, 2,3,19,131,163, 0, 0, 62603.66667
Otto_Skorzeny, 1908-06-12, 2418105, 3,5,23,43,163, 0, 0, 80205.65854
Terence_Hill, 1939-03-29, 2429352, 2,2,2,3,3,3,3,23,163, 0, 0, 317292.125
Vedran_Ćorluka, 1986-02-05, 2446467, 3,163,5003, 0, 0, 35023.65714
William_Faulkner, 1897-09-25, 2414193, 3,163,4937, 0, 0, 97529.07792
