Camilla_Belle, 1986-10-02, 2446706, 2,19,31,31,67, 0, 0, 411086
Ernst_Mayr, 1904-07-05, 2416667, 11,19,31,373, 0, 0, 19881.16216
Jim_Courier, 1970-08-17, 2440816, 2,2,2,2,7,19,31,37, 0, 0, 51740.05714
José_Sarney, 1930-04-24, 2426091, 3,19,31,1373, 0, 0, 51989.64516
Marilyn_Manson, 1969-01-05, 2440227, 3,19,31,1381, 0, 0, 678146.7843
Mario_J._Molina, 1943-03-19, 2430803, 19,31,4127, 0, 0, 24831.09091
Mario_Monti, 1943-03-19, 2430803, 19,31,4127, 0, 0, 70336.29851
Martín_Palermo, 1973-11-07, 2441994, 2,3,19,31,691, 0, 0, 90949.70968
Nick_Cave, 1957-09-22, 2436104, 2,2,2,11,19,31,47, 0, 0, 181472.9737
Paul_Gascoigne, 1967-05-27, 2439638, 2,19,19,31,109, 0, 0, 124610.25
Simón_Bolívar, 1783-07-24, 2372492, 2,2,19,19,31,53, 0, 0, 171110.4821
Takuma_Sato, 1977-01-28, 2443172, 2,2,17,19,31,61, 0, 0, 50278.44118
Václav_Havel, 1936-10-05, 2428447, 7,19,19,31,31, 0, 0, 53379.43373
