Chet_Baker, 1929-12-23, 2425969, 7,13,53,503, 0, 0, 93618
Gianluca_Zambrotta, 1977-02-19, 2443194, 2,3,3,13,53,197, 0, 0, 70723.48837
Giuseppe_Mazzini, 1805-06-22, 2380495, 5,13,53,691, 0, 0, 64341.97561
Jerry_Lewis, 1926-03-16, 2424591, 3,3,13,17,23,53, 0, 0, 300946.4138
Jim_Carrey, 1962-01-17, 2437682, 2,13,29,53,61, 0, 0, 489841.2027
Kurt_Student, 1890-05-12, 2411500, 2,2,5,5,5,7,13,53, 0, 0, 26591.83333
Louis_XIII_of_France, 1601-09-27, 2306083, 13,53,3347, 0, 0, 83432.68852
Lynn_Redgrave, 1943-03-08, 2430792, 2,2,2,3,3,7,7,13,53, 0, 0, 75009.74074
Michael_D._Higgins, 1941-04-18, 2430103, 13,53,3527, 0, 0, 18366.14894
Nikolai_Gogol, 1809-03-31, 2381873, 13,53,3457, 0, 0, 90162.42857
Pietro_Aretino, 1492-04-20, 2266121, 11,13,13,23,53, 0, 0, 27723.35484
Robert_III_of_Scotland, 1337-08-14, 2209623, 3,13,53,1069, 0, 0, 13887.75862
Warren_G._Harding, 1865-11-02, 2402543, 11,13,53,317, 0, 0, 90790.87356
