Ben_Browder, 1962-12-11, 2438010, 2,3,3,5,103,263, 0, 0, 55898.07692
Charles_Edward_Stuart, 1720-12-31, 2349642, 2,3,263,1489, 0, 0, 65103.44444
Chris_Rock, 1965-02-07, 2438799, 3,11,263,281, 0, 0, 400509.6176
Hermann_Emil_Fischer, 1852-10-09, 2397771, 3,3,263,1013, 0, 0, 10665.55932
Kristen_Schaal, 1978-01-24, 2443533, 3,19,163,263, 0, 0, 108566.7931
Madonna_(entertainer), 1958-08-16, 2436432, 2,2,2,2,3,193,263, 0, 0, 212726.0638
Nawaz_Sharif, 1949-12-25, 2433276, 2,2,3,3,257,263, 0, 0, 54492.41667
Ronald_Reagan, 1911-02-06, 2419074, 2,3,3,7,73,263, 0, 0, 334460.6822
Russell_Westbrook, 1988-11-12, 2447478, 2,3,3,11,47,263, 0, 0, 144489.3333
Shirley_Bassey, 1937-01-08, 2428542, 2,3,3,3,3,3,19,263, 0, 0, 131828.2258
Sissy_Spacek, 1949-12-25, 2433276, 2,2,3,3,257,263, 0, 0, 117780.9744
