Ambrose_Bierce, 1842-06-24, 2394011, 37,89,727, 0, 0, 61796.41026
Charles_Laughton, 1899-07-01, 2414837, 43,89,631, 0, 0, 53475.85294
César_Azpilicueta, 1989-08-28, 2447767, 7,89,3929, 0, 0, 62264.44828
Daniel_Barenboim, 1942-11-15, 2430679, 31,89,881, 0, 0, 71620.29412
Hamid_Karzai, 1957-12-24, 2436197, 31,89,883, 0, 0, 52164.20588
Hank_Azaria, 1964-04-25, 2438511, 3,89,9133, 0, 0, 208706.0909
Huell_Howser, 1945-10-18, 2431747, 89,89,307, 0, 0, 21203.475
James_LaBrie, 1963-05-05, 2438155, 5,89,5479, 0, 0, 52122.5
Jerry_Seinfeld, 1954-04-29, 2434862, 2,89,13679, 0, 0, 208645.8235
Joe_Louis, 1914-05-13, 2420266, 2,89,13597, 0, 0, 164981.9
Kurt_Gödel, 1906-04-28, 2417329, 89,157,173, 0, 0, 46342.76389
Marco_Reus, 1989-05-31, 2447678, 2,89,13751, 0, 0, 157721.4865
Martin_Lawrence, 1965-04-16, 2438867, 67,89,409, 0, 0, 231934.1556
Mary_Steenburgen, 1953-02-08, 2434417, 17,89,1609, 0, 0, 165386.2069
Michael_Sata, 1937-07-06, 2428721, 29,89,941, 0, 0, 11964.44444
Michel_Hazanavicius, 1967-03-29, 2439579, 3,89,9137, 0, 0, 47725.4
Nancy_Sinatra, 1940-06-08, 2429789, 23,89,1187, 0, 0, 192587.8387
Ricardo_Costa_(Portuguese_footballer), 1981-05-16, 2444741, 13,89,2113, 0, 0, 10973.65517
