Alberto_Sordi, 1920-06-15, 3,43,89,211, 75820.48276
Anthony_Hopkins, 1937-12-31, 3,11,89,827, 247001.3231
Antonio_Nocerino, 1985-04-09, 5,23,89,239, 47533.55263
Bernardo_O'Higgins, 1778-08-20, 3,13,89,683, 68585.10526
Bulat_Okudzhava, 1924-05-09, 5,13,89,419, 19058.42424
Catherine_of_Aragon, 1485-12-16, 2,2,89,6359, 207547.2157
Charles_the_Simple, 0879-09-17, 2,2,89,5737, 16276.88095
Earl_Warren, 1891-03-19, 3,3,89,3011, 79816.23077
Hugh_Laurie, 1959-06-11, 11,19,89,131, 371158.7037
John_Marshall, 1755-09-24, 11,19,89,127, 102694.7308
L._Ron_Hubbard, 1911-03-13, 7,11,89,353, 256989.0294
Lazar_Kaganovich, 1893-11-22, 2,5,89,2711, 25956.48148
Orson_Scott_Card, 1951-08-24, 23,29,41,89, 107228.4286
Pete_Best, 1941-11-24, 7,47,83,89, 117583.3235
Robert_Fisk, 1946-07-12, 2,13,89,1051, 30046.74194
Serge_Gainsbourg, 1928-04-02, 7,17,89,229, 307667.5
Sokratis_Papastathopoulos, 1988-06-09, 2,3,89,4583, 42246.91892
Stepan_Bandera, 1909-01-01, 2,2,89,6793, 36922.17647
Steven_Tyler, 1948-03-26, 3,3,89,3037, 484591.4722
Tage_Erlander, 1901-06-13, 3,83,89,109, 13907.03333
William_III_of_the_Netherlands, 1817-02-19, 5,23,89,233, 47078.18182
