David_Miliband, 1965-07-15, 2,2,13,17,31,89, 98929.65385
Emerson_Ferreira_da_Rosa, 1976-04-04, 2,2,2,47,73,89, 47049.02857
James_Hetfield, 1963-08-03, 2,2,3,3,89,761, 266040.5918
John_Constable, 1776-06-11, 2,2,3,7,89,317, 58314.27273
Milo_Đukanović, 1962-02-15, 2,3,5,11,83,89, 13263.26316
Nelson_Rockefeller, 1908-07-08, 2,5,11,13,19,89, 106582.3529
Otto_Klemperer, 1885-05-14, 3,5,5,19,19,89, 23054.57692
Riyo_Mori, 1986-12-24, 2,2,3,29,79,89, 73485.48387
Walter_Mondale, 1928-01-05, 2,5,5,5,89,109, 74581.88571
Zulfikar_Ali_Bhutto, 1928-01-05, 2,5,5,5,89,109, 37225.14545
