America_Ferrera, 1984-04-18, 2445809, 89,27481, 0, 0, 202944.5625
Andrew_Carnegie, 1835-11-25, 2391608, 2,2,2,89,3359, 0, 0, 167277.94
Anthony_Hopkins, 1937-12-31, 2428899, 3,11,89,827, 0, 0, 247001.3231
Bridget_Fonda, 1964-01-27, 2438422, 2,7,19,89,103, 0, 0, 163795.8286
Catherine_of_Aragon, 1485-12-16, 2263804, 2,2,89,6359, 0, 0, 207547.2157
Fedor_Emelianenko, 1976-09-28, 2443050, 2,3,3,5,5,61,89, 0, 0, 571876.4286
George_R._R._Martin, 1948-09-20, 2432815, 5,7,11,71,89, 0, 0, 230031.5
Hank_Azaria, 1964-04-25, 2438511, 3,89,9133, 0, 0, 208706.0909
Hugh_Laurie, 1959-06-11, 2436731, 11,19,89,131, 0, 0, 371158.7037
Ian_Somerhalder, 1978-12-08, 2443851, 3,3,3,3,3,89,113, 0, 0, 547220.2667
Jerry_Seinfeld, 1954-04-29, 2434862, 2,89,13679, 0, 0, 208645.8235
Joe_Louis, 1914-05-13, 2420266, 2,89,13597, 0, 0, 164981.9
L._Ron_Hubbard, 1911-03-13, 2419109, 7,11,89,353, 0, 0, 256989.0294
Martin_Lawrence, 1965-04-16, 2438867, 67,89,409, 0, 0, 231934.1556
Mary_Steenburgen, 1953-02-08, 2434417, 17,89,1609, 0, 0, 165386.2069
Nancy_Sinatra, 1940-06-08, 2429789, 23,89,1187, 0, 0, 192587.8387
Raquel_Welch, 1940-09-05, 2429878, 2,11,17,73,89, 0, 0, 252577
Ruud_van_Nistelrooy, 1976-07-01, 2442961, 89,27449, 0, 0, 167641.2679
Serge_Gainsbourg, 1928-04-02, 2425339, 7,17,89,229, 0, 0, 307667.5
Seth_MacFarlane, 1973-10-26, 2441982, 2,3,17,89,269, 0, 0, 438789.8261
Steven_Tyler, 1948-03-26, 2432637, 3,3,89,3037, 0, 0, 484591.4722
