Aleksey_Konstantinovich_Tolstoy, 1817-09-05, 2,2,2,3,43,2311, 10426.53333
C._S._Lewis, 1898-11-29, 2,3,7,7,43,191, 182000.05
Emil_Constantinescu, 1939-11-19, 2,3,3,43,43,73, 11748.42857
Josh_Holloway, 1969-07-20, 2,3,3,3,43,1051, 165153.8485
Judi_Dench, 1934-12-09, 2,2,3,5,43,941, 197975.3617
Martin_Sheen, 1940-08-03, 2,2,3,17,43,277, 400678.0222
Maximilian_I_of_Mexico, 1832-07-06, 2,3,5,17,43,109, 90432.6087
Millard_Fillmore, 1800-01-07, 2,3,3,7,43,439, 46208.32584
Rebecca_Soni, 1987-03-18, 2,2,2,3,43,2371, 32845
Yuri_Andropov, 1914-06-15, 2,3,3,43,53,59, 54232.39706
