Bruce_Willis, 1955-03-19, 2435186, 2,13,229,409, 0, 0, 519817.7361
Charles_Le_Brun, 1619-02-24, 2312442, 2,3,3,3,11,17,229, 0, 0, 26154.09677
Charlie_Watts, 1941-06-02, 2430148, 2,2,7,229,379, 0, 0, 134499.3929
Darron_Gibson, 1987-10-25, 2447094, 2,3,13,137,229, 0, 0, 48398.51613
Dmitry_Donskoy, 1350-10-12, 2214430, 2,5,229,967, 0, 0, 22928.9
Frank_Lloyd_Wright, 1867-06-08, 2403126, 2,3,3,11,53,229, 0, 0, 136058.9579
Nena, 1960-03-24, 2437018, 2,17,229,313, 0, 0, 173353.3548
Paul_Pierce, 1977-10-13, 2443430, 2,5,11,97,229, 0, 0, 133974.8333
Ricky_Gervais, 1961-06-25, 2437476, 2,2,3,229,887, 0, 0, 320869.1379
Thomas_Muster, 1967-10-02, 2439766, 2,7,229,761, 0, 0, 32670.0625
William_H._Macy, 1950-03-13, 2433354, 2,3,7,11,23,229, 0, 0, 161777.1
