Alan_Hutton, 1984-11-30, 2,29,181,233, 31213.03704
Bernie_Mac, 1957-10-05, 2,2,29,21001, 354973.9333
Chuck_Berry, 1926-10-18, 2,29,97,431, 210749.1667
Eddie_Irvine, 1965-11-10, 2,11,29,3823, 47738.93333
Eugenio_Montale, 1896-10-12, 2,2,29,20809, 38511.78333
Fernando_Lugo, 1951-05-30, 2,2,29,20981, 31118.72917
Giuseppe_Mazzini, 1805-06-22, 2,3,29,13681, 64341.97561
John_Pemberton, 1831-07-08, 2,29,89,463, 57744.73529
Juan_Manuel_de_Rosas, 1793-03-30, 2,2,29,20483, 124514.3846
Klaus_Kinski, 1926-10-18, 2,29,97,431, 186547.2703
Marshall_McLuhan, 1911-07-21, 2,29,53,787, 118848.7027
Miguel_Ángel_Asturias, 1899-10-19, 2,3,29,13879, 33086.96825
Monica_Bellucci, 1964-09-30, 2,2,29,21023, 325758.2698
Nicolas_Anelka, 1979-03-14, 2,29,29,1453, 193191.4906
Nigel_de_Jong, 1984-11-30, 2,29,181,233, 74471.40476
Raymond_Aron, 1905-03-14, 2,7,29,5953, 35324.54839
Reza_Shah, 1878-03-15, 2,29,47,883, 46057.775
Roberto_Mancini, 1964-11-27, 2,19,29,2213, 127441.7
Svetlana_Alliluyeva, 1926-02-28, 2,17,29,2459, 60273.28125
Tariq_Aziz, 1936-04-28, 2,7,29,5981, 54146.62963
Vedad_Ibišević, 1984-08-06, 2,3,29,14057, 56057.80769
