Andrew_Jackson, 1767-03-15, 2,2,23,29,887, 143327.5161
Ben_Bernanke, 1953-12-13, 2,2,29,139,151, 166832.5135
Bernardo_O'Higgins, 1778-08-20, 2,2,29,107,191, 68585.10526
Christopher_Tolkien, 1924-11-21, 2,5,13,29,643, 54680.19231
Geraldine_Chaplin, 1944-07-31, 2,3,29,89,157, 125273.0769
Giorgio_de_Chirico, 1888-07-10, 2,2,7,29,2969, 61934.76923
Larry_Flynt, 1942-11-01, 2,2,2,29,10477, 177200.2581
Lena_Olin, 1955-03-22, 2,2,7,29,2999, 102281.2593
Manfred_von_Richthofen, 1892-05-02, 2,2,5,29,4159, 201481.093
Marlon_Brando, 1924-04-03, 2,23,23,29,79, 252011.24
Mike_Tyson, 1966-06-30, 2,3,3,29,4673, 498597.5397
Philip_Kotler, 1931-05-27, 2,2,2,29,10459, 94990.34483
Rahul_Gandhi, 1970-06-19, 2,2,29,53,397, 135555.3704
René_Higuita, 1966-08-27, 2,2,17,29,1237, 102463.0606
Robert_Frost, 1874-03-26, 2,2,2,29,10369, 151115.62
Spiro_Agnew, 1918-11-09, 2,3,29,31,449, 79704.57895
Steven_Tyler, 1948-03-26, 2,2,29,67,313, 484591.4722
Toni_Braxton, 1967-10-07, 2,5,29,47,179, 234038.4839
Toussaint_Louverture, 1743-05-20, 2,2,2,29,10163, 74359.54286
Vittorio_Gassman, 1922-09-01, 2,3,19,29,733, 72359.71429
Wesley_Sneijder, 1984-06-09, 2,2,5,29,4217, 210221.2241
