Alfred_Adler, 1870-02-07, 2,2,5,5,29,829, 72155.71154
Boris_III_of_Bulgaria, 1894-01-30, 2,3,7,7,29,283, 31435.23529
Camille_Flammarion, 1842-02-26, 2,2,3,3,29,2293, 15876.48276
Carl_XVI_Gustaf_of_Sweden, 1946-04-30, 2,2,5,7,29,599, 84927.04545
Cyndi_Lauper, 1953-06-22, 2,5,5,23,29,73, 308153.8293
Diego_Rivera, 1886-12-08, 2,2,2,3,29,3463, 238473.4583
Edward_Mills_Purcell, 1912-08-30, 2,2,3,17,29,409, 8668.627907
Gerhard_Domagk, 1895-10-30, 2,2,2,29,101,103, 11886.30556
Joe_Hart, 1987-04-19, 2,2,2,29,53,199, 94366.22727
Juliana_of_the_Netherlands, 1909-04-30, 2,3,3,29,41,113, 57192.04545
K'naan, 1978-02-01, 2,2,5,11,29,383, 146117.8966
Keira_Knightley, 1985-03-26, 2,5,5,7,29,241, 429751.3333
Lucy_Lawless, 1968-03-29, 2,2,2,13,29,809, 204632.0741
Ludwig_Wittgenstein, 1889-04-26, 2,3,3,29,31,149, 99919.0241
Maria_Sharapova, 1987-04-19, 2,2,2,29,53,199, 222078.7945
Marshall_Warren_Nirenberg, 1927-04-10, 2,2,5,29,37,113, 10393.11429
Mikhail_Tukhachevsky, 1893-02-16, 2,3,5,29,47,59, 33576.55
Riyo_Mori, 1986-12-24, 2,2,3,29,79,89, 73485.48387
Stevan_Jovetić, 1989-11-02, 2,2,2,3,29,3517, 108379.3929
Steve_Biko, 1946-12-18, 2,2,3,29,29,241, 95971.17143
Steven_Spielberg, 1946-12-18, 2,2,3,29,29,241, 301448.7732
