Bear_Grylls, 1974-06-07, 2442206, 2,13,29,41,79, 0, 0, 458488.6
Carrie_Fisher, 1956-10-21, 2435768, 2,2,2,29,10499, 0, 0, 404823.5172
David_Letterman, 1947-04-12, 2432288, 2,2,2,2,2,29,2621, 0, 0, 211728.0909
Etta_James, 1938-01-25, 2428924, 2,2,29,20939, 0, 0, 206251.0465
Giovani_dos_Santos, 1989-05-11, 2447658, 2,3,3,3,3,29,521, 0, 0, 181366.0541
Hope_Solo, 1981-07-30, 2444816, 2,2,2,2,11,29,479, 0, 0, 231283.8889
Jackie_Chan, 1954-04-07, 2434840, 2,2,2,5,29,2099, 0, 0, 545800.2099
Jet_Li, 1963-04-26, 2438146, 2,29,127,331, 0, 0, 420854.8333
Jim_Carrey, 1962-01-17, 2437682, 2,13,29,53,61, 0, 0, 489841.2027
Keith_Moon, 1946-08-23, 2432056, 2,2,2,11,29,953, 0, 0, 253604.069
Lea_Michele, 1986-08-29, 2446672, 2,2,2,2,29,5273, 0, 0, 650204.9
Lindsay_Lohan, 1986-07-02, 2446614, 2,3,3,29,43,109, 0, 0, 609891.7424
Noomi_Rapace, 1979-12-28, 2444236, 2,2,19,29,1109, 0, 0, 315876.9
Rachel_McAdams, 1978-11-17, 2443830, 2,3,5,29,53,53, 0, 0, 626933.5366
Richard_III_of_England, 1452-10-02, 2251676, 2,2,7,29,47,59, 0, 0, 172495.0877
Robert_De_Niro, 1943-08-17, 2430954, 2,3,3,29,4657, 0, 0, 382886.6585
Rosie_Huntington-Whiteley, 1987-04-18, 2446904, 2,2,2,29,53,199, 0, 0, 503105.9688
Serena_Williams, 1981-09-26, 2444874, 2,3,29,14051, 0, 0, 229302.8209
Terrence_Howard, 1969-03-11, 2440292, 2,2,29,109,193, 0, 0, 218361.6071
Tom_Clancy, 1947-04-12, 2432288, 2,2,2,2,2,29,2621, 0, 0, 245108.6667
Wilt_Chamberlain, 1936-08-21, 2428402, 2,29,149,281, 0, 0, 241572.2727
