Bülent_Ecevit, 1925-05-28, 2424299, 107,139,163, 0, 0, 34604.57895
Didier_Deschamps, 1968-10-15, 2440145, 5,139,3511, 0, 0, 82535.58974
Diego_Milito, 1979-06-12, 2444037, 3,139,5861, 0, 0, 139729.1522
Dietrich_Fischer-Dieskau, 1925-05-28, 2424299, 107,139,163, 0, 0, 29729.82759
Donna_Summer, 1948-12-31, 2432917, 23,139,761, 0, 0, 148056.2833
Jake_Gyllenhaal, 1980-12-19, 2444593, 43,139,409, 0, 0, 488377.0185
John_Dryden, 1631-08-09, 2316991, 79,139,211, 0, 0, 33127.64865
Josh_Holloway, 1969-07-20, 2440423, 97,139,181, 0, 0, 165153.8485
Robert_Solow, 1924-08-23, 2424021, 3,139,5813, 0, 0, 25319.22222
Rüştü_Reçber, 1973-05-10, 2441813, 11,139,1597, 0, 0, 57602.33333
Sukarno, 1901-06-06, 2415542, 2,139,8689, 0, 0, 85685.67241
Vanessa_Paradis, 1972-12-22, 2441674, 2,139,8783, 0, 0, 306168.0238
