Alan_Arkin, 1934-03-26, 2427523, 7,239,1451, 0, 0, 123041.4706
Alfred_Adler, 1870-02-07, 2404101, 3,7,239,479, 0, 0, 72155.71154
Antonio_Nocerino, 1985-04-09, 2446165, 5,23,89,239, 0, 0, 47533.55263
Armin_Mueller-Stahl, 1930-12-17, 2426328, 2,2,2,3,3,3,47,239, 0, 0, 57167.86667
Arturo_Pérez-Reverte, 1951-11-25, 2433976, 2,2,2,19,67,239, 0, 0, 50282.93939
Bo_Diddley, 1928-12-30, 2425611, 3,17,199,239, 0, 0, 104926.1613
Christopher_Hitchens, 1949-04-13, 2433020, 2,2,5,239,509, 0, 0, 235647.9286
Dietrich_Bonhoeffer, 1906-02-04, 2417246, 2,13,239,389, 0, 0, 116559.6585
Donald_Sutherland, 1935-07-17, 2428001, 239,10159, 0, 0, 190692.3333
François-René_de_Chateaubriand, 1768-09-04, 2367056, 2,2,2,2,239,619, 0, 0, 66484.81818
Gustave_Moreau, 1826-04-06, 2388088, 2,2,2,239,1249, 0, 0, 49832.08571
Holger_Badstuber, 1989-03-13, 2447599, 7,7,11,19,239, 0, 0, 53554.47368
Jacqueline_Bisset, 1944-09-13, 2431347, 3,239,3391, 0, 0, 119967.6333
James_Gandolfini, 1961-09-18, 2437561, 7,31,47,239, 0, 0, 284564.9655
Marko_Marin, 1989-03-13, 2447599, 7,7,11,19,239, 0, 0, 96147.39474
Niko_Kranjčar, 1984-08-13, 2445926, 2,7,17,43,239, 0, 0, 46077.48649
Paul_Newman, 1925-01-26, 2424177, 3,3,7,7,23,239, 0, 0, 242660.0278
Tom_Stoppard, 1937-07-03, 2428718, 2,239,5081, 0, 0, 60556.86207
Walter_Raleigh, 1552-01-22, 2287947, 3,239,3191, 0, 0, 117082.4146
Yongle_Emperor, 1360-05-02, 2217920, 2,2,2,2,2,2,5,29,239, 0, 0, 52782.03226
Zachary_Quinto, 1977-06-02, 2443297, 239,10223, 0, 0, 283763.5
