Aaron_Lennon, 1987-04-16, 2446902, 2,3,3,3,113,401, 0, 0, 54588.97826
Alexander_Stepanovich_Popov, 1859-03-16, 2400120, 2,2,2,3,3,5,59,113, 0, 0, 14746.34286
Anders_Zorn, 1860-02-18, 2400459, 3,73,97,113, 0, 0, 20342.21212
Blaise_Compaoré, 1951-02-03, 2433681, 3,3,113,2393, 0, 0, 17715.31818
David_James_(footballer), 1970-08-01, 2440800, 2,2,2,2,2,3,3,3,5,5,113, 0, 0, 22866.54286
Donald_Trump, 1946-06-14, 2431986, 2,3,17,113,211, 0, 0, 355265.5577
Ernst_Kaltenbrunner, 1903-10-04, 2416392, 2,2,2,3,3,3,3,3,11,113, 0, 0, 65302.60976
Feliciano_López, 1981-09-20, 2444868, 2,2,3,3,113,601, 0, 0, 28042.96667
George_Abela, 1948-04-22, 2432664, 2,2,2,3,3,13,23,113, 0, 0, 10515.68966
Ian_Somerhalder, 1978-12-08, 2443851, 3,3,3,3,3,89,113, 0, 0, 547220.2667
Igor_Smirnov, 1941-10-23, 2430291, 3,67,107,113, 0, 0, 11104.26923
Iris_Murdoch, 1919-07-15, 2422155, 3,5,113,1429, 0, 0, 44556.81818
Karl-Heinz_Rummenigge, 1955-09-25, 2435376, 2,2,2,2,3,113,449, 0, 0, 59110.32558
Kevin_Bacon, 1958-07-08, 2436393, 3,113,7187, 0, 0, 390295.5128
Marcia_Cross, 1962-03-25, 2437749, 3,3,3,17,47,113, 0, 0, 118584.0488
Muhammad_Ali_of_Egypt, 1769-03-04, 2367237, 3,113,6983, 0, 0, 108210.5814
Paulo_Mendes_da_Rocha, 1928-10-25, 2425545, 3,3,3,3,5,53,113, 0, 0, 21050.73077
Roger_Penrose, 1931-08-08, 2426562, 2,3,3,113,1193, 0, 0, 56025.41026
Tzipi_Livni, 1958-07-08, 2436393, 3,113,7187, 0, 0, 48228.85106
Vinnie_Jones, 1965-01-05, 2438766, 2,3,3,11,109,113, 0, 0, 277912.7037
Wilhelm_Busch, 1832-04-15, 2390289, 3,11,113,641, 0, 0, 47051.89189
