Armand_Fallières, 1841-11-06, 2393781, 3,13,61379, 0, 0, 11758.10714
Bryan_Singer, 1965-09-17, 2439021, 3,13,62539, 0, 0, 94561.75758
Catherine_of_Siena, 1347-03-25, 2213133, 3,13,56747, 0, 0, 65830.32558
Groucho_Marx, 1890-10-02, 2411643, 3,13,61837, 0, 0, 157622.5405
Guillaume_Depardieu, 1971-04-07, 2441049, 3,13,62591, 0, 0, 93919.92857
Göran_Persson, 1949-01-20, 2432937, 3,13,62383, 0, 0, 16415.58537
Hans_Fischer, 1881-07-27, 2408289, 3,13,61751, 0, 0, 7432.333333
Hosni_Mubarak, 1928-05-04, 2425371, 3,13,62189, 0, 0, 121665.3229
Jeff_Dunham, 1962-04-18, 2437773, 3,13,62507, 0, 0, 228887.3333
John_Couch_Adams, 1819-06-05, 2385591, 3,13,61169, 0, 0, 8163.243902
Joshua_Reynolds, 1723-07-16, 2350569, 3,13,60271, 0, 0, 28138.89189
Léopold_Sédar_Senghor, 1906-10-09, 2417493, 3,13,61987, 0, 0, 37578.72549
Mehmet_Ali_Ağca, 1958-01-09, 2436213, 3,13,62467, 0, 0, 52016.02326
Nicéphore_Niépce, 1765-03-07, 2365779, 3,13,60661, 0, 0, 43954.7619
Nursultan_Nazarbayev, 1940-07-06, 2429817, 3,13,62303, 0, 0, 28727.19048
Octavio_Paz, 1914-03-31, 2420223, 3,13,62057, 0, 0, 84980.75758
Olga_Constantinovna_of_Russia, 1851-09-03, 2397369, 3,13,61471, 0, 0, 27206.89286
Synyster_Gates, 1981-07-07, 2444793, 3,13,62687, 0, 0, 232366.6296
Thomas_Aquinas, 1225-01-28, 2168517, 3,13,55603, 0, 0, 169202.9126
