Audrey_Tautou, 1976-08-09, 3,13,37,1693, 170865.2679
Blake_Griffin, 1989-03-16, 3,13,97,647, 282586.0345
Christopher_Lloyd, 1938-10-22, 3,13,199,313, 241213.8378
Derek_Jacobi, 1938-10-22, 3,13,199,313, 117191.5385
Edvard_Grieg, 1843-06-15, 2,3,13,30697, 74733.5
Felicity_Huffman, 1962-12-09, 3,11,13,5683, 126630.175
Florent_Malouda, 1980-06-13, 3,13,233,269, 79509.59574
Javier_Saviola, 1981-12-11, 3,3,13,20897, 112270.6905
Jean_Renoir, 1894-09-15, 2,3,13,30937, 58320.62162
Jeb_Bush, 1953-02-11, 3,3,13,20807, 119507.9677
John_Galliano, 1960-11-28, 2,3,13,31247, 140559.6154
Katherine_Moennig, 1977-12-29, 2,3,13,31327, 167076.3793
Leelee_Sobieski, 1983-06-10, 3,5,13,12541, 201184.6667
Michael_Haneke, 1942-03-23, 3,3,13,20773, 83476
Mohamed_Zidan, 1981-12-11, 3,3,13,20897, 59732.8125
Patrick_Dempsey, 1966-01-13, 2,3,13,31271, 344919.5946
Rihanna, 1988-02-20, 3,13,131,479, 1058112.447
Robert_Altman, 1925-02-20, 3,13,61,1019, 61858.37209
Robert_Kubica, 1984-12-07, 3,13,19,3301, 72155.65385
Sarah_Connor_(singer), 1980-06-13, 3,13,233,269, 91566.57143
Theo_Walcott, 1989-03-16, 3,13,97,647, 135591.8824
