Adam_Weishaupt, 1748-02-06, 3,3,7,13,43,67, 81177.5
Benjamin_Netanyahu, 1949-10-21, 2,3,5,13,17,367, 95817.34286
Carrie-Anne_Moss, 1967-08-21, 3,11,11,11,13,47, 162136.6857
Domenico_Modugno, 1928-01-09, 2,3,13,17,31,59, 57215.81081
George_Best, 1946-05-22, 2,3,3,13,19,547, 146209.1373
Georgia_O'Keeffe, 1887-11-15, 2,3,5,7,13,883, 92891.23529
Haile_Gebrselassie, 1973-04-18, 2,3,3,5,13,2087, 61934.97872
Ivica_Olić, 1979-09-14, 2,3,3,5,13,2089, 57037.90698
Jesse_Eisenberg, 1983-10-05, 2,2,3,13,61,257, 294055.8611
John_C._Reilly, 1965-05-24, 2,2,2,3,13,7817, 196377.9032
Joséphine_de_Beauharnais, 1763-06-23, 3,3,5,13,13,311, 83874.71429
Kevin-Prince_Boateng, 1987-03-06, 2,2,3,5,13,3137, 236796.4878
Kim_Cattrall, 1956-08-21, 2,3,3,7,13,1487, 253377.6286
Mikhail_Bakunin, 1814-05-30, 2,3,3,13,61,167, 44575.61972
Olivia_Newton-John, 1948-09-26, 2,2,3,5,13,3119, 242900.0952
Oskar_Kokoschka, 1886-03-01, 2,3,3,3,13,3433, 47875.6
PJ_Harvey, 1969-10-09, 3,3,3,13,17,409, 128742.7879
Robert_F._Kennedy, 1925-11-20, 2,3,3,13,13,797, 273285.8367
Serj_Tankian, 1967-08-21, 3,11,11,11,13,47, 259699.325
Søren_Kierkegaard, 1813-05-05, 2,2,2,3,13,7639, 119372.7126
Takeda_Shingen, 1521-12-01, 3,3,3,13,13,499, 173243.0345
