Antonio_Machado, 1875-07-26, 2406096, 2,2,2,2,3,3,7,7,11,31, 0, 0, 140250.9032
Billy_Joel, 1949-05-09, 2433046, 2,7,7,11,37,61, 0, 0, 301556.5135
Carl_Jung, 1875-07-26, 2406096, 2,2,2,2,3,3,7,7,11,31, 0, 0, 224846.8472
Emilio_G._Segrè, 1905-01-30, 2416876, 2,2,7,7,11,19,59, 0, 0, 9271.229167
Fabien_Barthez, 1971-06-28, 2441131, 7,7,7,11,647, 0, 0, 85283.57895
Frederick_V,_Elector_Palatine, 1596-08-26, 2304225, 3,3,5,5,7,7,11,19, 0, 0, 8792.25
George_Berkeley, 1685-03-12, 2336565, 3,5,7,7,11,17,17, 0, 0, 45852.2459
Hans-Dietrich_Genscher, 1927-03-21, 2424961, 7,7,11,11,409, 0, 0, 33571.64706
Herbert_Kitchener,_1st_Earl_Kitchener, 1850-06-24, 2396933, 7,7,11,4447, 0, 0, 11310.02857
Holger_Badstuber, 1989-03-13, 2447599, 7,7,11,19,239, 0, 0, 53554.47368
Ion_Iliescu, 1930-03-03, 2426039, 7,7,7,11,643, 0, 0, 23997.15
Jerome_K._Jerome, 1859-05-02, 2400167, 7,7,11,61,73, 0, 0, 26942.61765
Karel_Appel, 1921-04-25, 2422805, 5,7,7,11,29,31, 0, 0, 27534.84375
Kim_Novak, 1933-02-13, 2427117, 3,7,7,11,19,79, 0, 0, 138737.0303
Marko_Marin, 1989-03-13, 2447599, 7,7,11,19,239, 0, 0, 96147.39474
Max_Born, 1882-12-11, 2408791, 7,7,11,41,109, 0, 0, 28921.40984
Paul_Biya, 1933-02-13, 2427117, 3,7,7,11,19,79, 0, 0, 22354.29545
Pyotr_Stolypin, 1862-04-14, 2401245, 3,3,3,3,5,7,7,11,11, 0, 0, 23055.94118
Samuel_C._C._Ting, 1936-01-27, 2428195, 5,7,7,11,17,53, 0, 0, 12305.13158
Vladimir_Prelog, 1906-07-23, 2417415, 3,5,7,7,11,13,23, 0, 0, 8446.348837
Yossi_Benayoun, 1980-05-05, 2444365, 5,7,7,11,907, 0, 0, 92866.475
