Alec_Guinness, 1914-04-02, 2420225, 5,5,131,739, 0, 0, 112840.1538
Anna_Magnani, 1908-03-07, 2418008, 2,2,2,409,739, 0, 0, 45215.55
Charlotte_Corday, 1768-07-27, 2367017, 739,3203, 0, 0, 67895.55882
Eduard_Kokoity, 1964-10-31, 2438700, 2,2,3,5,5,11,739, 0, 0, 6441.756098
Emmanuel_Joseph_Sieyès, 1748-05-03, 2359627, 31,103,739, 0, 0, 30688.13793
Gerard_Piqué, 1987-02-02, 2446829, 7,11,43,739, 0, 0, 262678.4035
Jean_Michel_Jarre, 1948-08-24, 2432788, 2,2,739,823, 0, 0, 99764.26531
Julien_Offray_de_La_Mettrie, 1709-11-23, 2345586, 2,3,23,23,739, 0, 0, 16236.87097
Marco_van_Basten, 1964-10-31, 2438700, 2,2,3,5,5,11,739, 0, 0, 116366.8654
Sauli_Niinistö, 1948-08-24, 2432788, 2,2,739,823, 0, 0, 24396.6087
Walter_Houser_Brattain, 1902-02-10, 2415791, 7,467,739, 0, 0, 9581.047619
Winsor_McCay, 1869-09-26, 2403967, 739,3253, 0, 0, 240116.2286
