Akihito, 1933-12-23, 2427430, 2,5,17,109,131, 0, 0, 145303.2208
Cristiano_Lucarelli, 1975-10-04, 2442690, 2,3,3,3,5,83,109, 0, 0, 53019.53846
Francesco_Borromini, 1599-09-25, 2305350, 2,3,3,5,5,47,109, 0, 0, 35811.475
Jan_Matejko, 1838-06-24, 2392550, 2,5,5,109,439, 0, 0, 73357.92308
Katie_Melua, 1984-09-16, 2445960, 2,2,2,3,5,11,17,109, 0, 0, 127300.8333
Lee_Van_Cleef, 1925-01-09, 2424160, 2,2,2,2,2,5,109,139, 0, 0, 125683.5405
Mihai_Ghimpu, 1951-11-19, 2433970, 2,5,7,11,29,109, 0, 0, 8293
Pastora_Soler, 1978-09-28, 2443780, 2,2,5,19,59,109, 0, 0, 20111.25926
Peter_Handke, 1942-12-06, 2430700, 2,2,5,5,109,223, 0, 0, 33781.69231
Pierre_Curie, 1859-05-15, 2400180, 2,2,3,5,109,367, 0, 0, 40708.56962
Roger_Glover, 1945-11-30, 2431790, 2,5,23,97,109, 0, 0, 47004.25
Vítor_Baía, 1969-10-15, 2440510, 2,5,109,2239, 0, 0, 30778.46429
