Claire_Forlani, 1972-07-01, 2441500, 2,2,5,5,5,19,257, 0, 0, 215274.8621
Craig_David, 1981-05-05, 2444730, 2,3,5,19,4289, 0, 0, 135133.5882
Edward_G._Robinson, 1893-12-12, 2412810, 2,3,3,5,17,19,83, 0, 0, 81688.10714
Emilia_Fox, 1974-07-31, 2442260, 2,2,5,19,6427, 0, 0, 102005.1034
Emmanuel_Eboué, 1983-06-04, 2445490, 2,5,19,61,211, 0, 0, 68044.39474
Fiona_Apple, 1977-09-13, 2443400, 2,2,2,5,5,19,643, 0, 0, 201736.5926
Gabriela_Mistral, 1889-04-07, 2411100, 2,2,3,3,3,5,5,19,47, 0, 0, 77513.51613
Giorgio_Armani, 1934-07-11, 2427630, 2,3,5,19,4259, 0, 0, 140216.7949
Giovanni_Trapattoni, 1939-03-17, 2429340, 2,2,3,5,19,2131, 0, 0, 84015.85294
Jane_Lynch, 1960-07-14, 2437130, 2,5,19,101,127, 0, 0, 388854.2414
Jon_Dahl_Tomasson, 1976-08-29, 2443020, 2,2,3,5,19,2143, 0, 0, 48195.02941
Juliusz_Słowacki, 1809-09-04, 2382030, 2,3,3,5,7,19,199, 0, 0, 79692.86667
Kenny_Dalglish, 1951-03-04, 2433710, 2,5,19,12809, 0, 0, 105716.0488
Li_Peng, 1928-10-20, 2425540, 2,2,5,13,19,491, 0, 0, 88356.85185
Luis_Suárez, 1987-01-24, 2446820, 2,2,5,19,47,137, 0, 0, 138751.72
Paulina_Rubio, 1971-06-17, 2441120, 2,2,2,2,2,5,11,19,73, 0, 0, 129890
Petr_Čech, 1982-05-20, 2445110, 2,5,17,19,757, 0, 0, 129238.3393
Ricky_Martin, 1971-12-24, 2441310, 2,3,5,19,4283, 0, 0, 233111.8421
Santiago_Ramón_y_Cajal, 1852-05-01, 2397610, 2,5,19,12619, 0, 0, 68509.02083
Seal_(musician), 1963-02-19, 2438080, 2,2,2,2,2,2,5,19,401, 0, 0, 132704.6061
Tony_Shalhoub, 1953-10-09, 2434660, 2,2,5,19,43,149, 0, 0, 152837.3636
