Alan_Smith_(footballer,_born_1980), 1980-10-28, 2,2,5,7,19,919, 21709.58824
Aleksey_Nikolayevich_Tolstoy, 1883-01-10, 2,2,3,5,19,2113, 18082.78788
Billie_Jean_King, 1943-11-22, 2,3,5,5,19,853, 84511.23529
Christopher_Reeve, 1952-09-25, 2,2,2,5,19,3203, 267999.4783
Cybill_Shepherd, 1950-02-18, 2,3,3,5,19,1423, 135416.6897
Fernando_Collor_de_Mello, 1949-08-12, 2,2,5,19,19,337, 77214.5625
Ignatius_of_Loyola, 1491-10-23, 2,2,5,19,67,89, 82991
James_Mill, 1773-04-06, 2,5,7,13,19,137, 16604.93333
John_Hughes_(filmmaker), 1950-02-18, 2,3,3,5,19,1423, 13486.51852
Maria_Kirilenko, 1987-01-25, 2,2,5,19,47,137, 55990.36842
Mark_Knopfler, 1949-08-12, 2,2,5,19,19,337, 208149.6098
Mikhail_Kasyanov, 1957-12-08, 2,2,3,5,19,2137, 11364.75
Nelson_Rockefeller, 1908-07-08, 2,5,11,13,19,89, 106582.3529
Rómulo_Gallegos, 1884-08-02, 2,3,3,5,19,1409, 72747.85714
Walter_Samuel, 1978-03-23, 2,3,3,5,19,1429, 50929.075
