Anna_Gavalda, 1970-12-09, 2,5,19,29,443, 47316.44444
Craig_David, 1981-05-05, 2,3,5,19,4289, 135133.5882
Emilia_Fox, 1974-07-31, 2,2,5,19,6427, 102005.1034
Emmanuel_Eboué, 1983-06-04, 2,5,19,61,211, 68044.39474
Giorgio_Armani, 1934-07-11, 2,3,5,19,4259, 140216.7949
Jane_Lynch, 1960-07-14, 2,5,19,101,127, 388854.2414
Lawrence_Durrell, 1912-02-27, 2,2,5,19,6367, 27569.97059
Leonid_Gaidai, 1923-01-30, 2,5,5,19,2551, 9525.37931
Petr_Čech, 1982-05-20, 2,5,17,19,757, 129238.3393
Ricky_Martin, 1971-12-24, 2,3,5,19,4283, 233111.8421
