Alex_Jones_(radio_host), 1974-02-11, 2442090, 2,3,5,7,29,401, 0, 0, 77174.76923
Alonzo_Church, 1903-06-14, 2416280, 2,2,2,5,29,2083, 0, 0, 16611.77143
Anna_Gavalda, 1970-12-09, 2440930, 2,5,19,29,443, 0, 0, 47316.44444
Benazir_Bhutto, 1953-06-21, 2434550, 2,5,5,23,29,73, 0, 0, 74179.77174
Carlos_Saavedra_Lamas, 1878-11-01, 2407290, 2,3,5,29,2767, 0, 0, 11947.2973
Erasmus_Darwin, 1731-12-12, 2353640, 2,2,2,5,29,2029, 0, 0, 27607.14706
Fredrik_Ljungberg, 1977-04-16, 2443250, 2,5,5,5,29,337, 0, 0, 99408.27778
Henrique_Capriles_Radonski, 1972-07-11, 2441510, 2,5,29,8419, 0, 0, 39354.28205
Jackie_Chan, 1954-04-07, 2434840, 2,2,2,5,29,2099, 0, 0, 545800.2099
Javier_Mascherano, 1984-06-08, 2445860, 2,2,5,29,4217, 0, 0, 92656.56604
Johann_Gottfried_Herder, 1744-08-25, 2358280, 2,2,2,5,19,29,107, 0, 0, 39952.11765
John_Kerry, 1943-12-11, 2431070, 2,5,29,83,101, 0, 0, 128333.8039
Ludwig_Erhard, 1897-02-04, 2413960, 2,2,2,5,29,2081, 0, 0, 40119.67308
Magda_Goebbels, 1901-11-11, 2415700, 2,2,5,5,7,7,17,29, 0, 0, 92763.51724
Marcelo_Caetano, 1906-08-17, 2417440, 2,2,2,2,2,5,29,521, 0, 0, 18192.84615
Murad_V, 1840-09-21, 2393370, 2,3,3,5,7,29,131, 0, 0, 17527.55814
Pope_Pius_V, 1504-01-17, 2270410, 2,5,29,7829, 0, 0, 22635.46429
Rachel_McAdams, 1978-11-17, 2443830, 2,3,5,29,53,53, 0, 0, 626933.5366
Samuel_Johnson, 1709-09-18, 2345520, 2,2,2,2,3,5,29,337, 0, 0, 84520.86364
Stanley_Milgram, 1933-08-15, 2427300, 2,2,3,3,3,5,5,29,31, 0, 0, 47217.96875
Yongle_Emperor, 1360-05-02, 2217920, 2,2,2,2,2,2,5,29,239, 0, 0, 52782.03226
