50_Cent, 1975-07-06, 2442600, 2,2,2,3,3,5,5,23,59, 0, 0, 632055.6716
Alexander_Stepanovich_Popov, 1859-03-16, 2400120, 2,2,2,3,3,5,59,113, 0, 0, 14746.34286
Carlo_Collodi, 1826-11-24, 2388320, 2,2,2,2,2,5,11,23,59, 0, 0, 34591.8125
Cristian_Zaccardo, 1981-12-21, 2444960, 2,2,2,2,2,5,7,37,59, 0, 0, 36038.72414
Elizabeth_Gaskell, 1810-09-29, 2382420, 2,2,3,5,59,673, 0, 0, 47487.86667
Heinrich_Harrer, 1912-07-06, 2419590, 2,3,5,59,1367, 0, 0, 85931.60714
Henri_Moissan, 1852-09-28, 2397760, 2,2,2,2,2,2,5,59,127, 0, 0, 8804.137255
James_Coburn, 1928-08-31, 2425490, 2,5,59,4111, 0, 0, 102582.3182
Kellan_Lutz, 1985-03-15, 2446140, 2,2,3,5,59,691, 0, 0, 340049.3333
Michael_Cera, 1988-06-07, 2447320, 2,2,2,5,17,59,61, 0, 0, 487260.037
Nikola_Gruevski, 1970-08-31, 2440830, 2,3,5,7,59,197, 0, 0, 11086.95
Pastora_Soler, 1978-09-28, 2443780, 2,2,5,19,59,109, 0, 0, 20111.25926
Queen_Rania_of_Jordan, 1970-08-31, 2440830, 2,3,5,7,59,197, 0, 0, 148003.2105
Richard_Gere, 1949-08-31, 2433160, 2,2,2,5,59,1031, 0, 0, 308734.8704
Roy_Lichtenstein, 1923-10-27, 2423720, 2,2,2,5,13,59,79, 0, 0, 199549.0833
