Aleksandar_Kolarov, 1985-11-10, 2,2,3,3,5,13591, 65035.57576
Ben_Browder, 1962-12-11, 2,3,3,5,103,263, 55898.07692
Bryan_Robson, 1957-01-11, 2,3,3,5,5,5413, 55810.28571
Carl_Schmitt, 1888-07-11, 2,3,3,3,5,8929, 68688.24138
Emre_Belözoğlu, 1980-09-07, 2,3,3,5,157,173, 94989.19444
Ferdinand_VII_of_Spain, 1784-10-14, 2,2,3,3,5,13183, 69821.95122
Franz_Beckenbauer, 1945-09-11, 2,3,3,5,41,659, 134288.2857
Gabriel_Milito, 1980-09-07, 2,3,3,5,157,173, 70721.63158
Howard_Hawks, 1896-05-30, 2,3,3,5,13,2063, 55869.51515
Jackie_Robinson, 1919-01-31, 2,3,3,5,17,1583, 327129.3438
Jane_Addams, 1860-09-06, 2,2,3,3,5,13337, 69361.13636
Kerry_King, 1964-06-03, 2,3,3,5,5,5419, 120249
LeAnn_Rimes, 1982-08-28, 2,3,3,5,101,269, 226345.3704
Louis_XV_of_France, 1710-02-15, 2,3,3,5,67,389, 125024.9167
Niki_Lauda, 1949-02-22, 2,3,3,3,5,9011, 182704.9362
Pete_Conrad, 1930-06-02, 2,3,3,5,7,3851, 36538.65517
Roberto_Baggio, 1967-02-18, 2,2,3,3,5,13553, 138739.6182
Stendhal, 1783-01-23, 2,3,3,5,43,613, 96563.30508
Steven_Chu, 1948-02-28, 2,3,3,5,151,179, 41290.17021
Thiago_Motta, 1982-08-28, 2,3,3,5,101,269, 111053.4474
Werner_von_Blomberg, 1878-09-02, 2,3,3,5,7,3821, 38617.03226
