Aleksandr_Kerzhakov, 1982-11-27, 2,2,3,3,5,5,11,13,19
Alexander_R._Todd,_Baron_Todd, 1907-10-02, 2,3,3,3,3,3,5,5,199
Amanda_Tapping, 1965-08-28, 2,2,2,3,3,5,5,5,271
Bernard_Werber, 1961-09-18, 2,2,2,3,3,3,5,37,61
Bertha_von_Suttner, 1843-06-09, 2,2,2,3,3,3,3,5,739
Clemens_Fritz, 1980-12-07, 2,2,3,3,3,3,3,5,503
Erica_Durance, 1978-06-21, 2,2,2,2,2,3,3,5,1697
Garret_Hobart, 1844-06-03, 2,2,2,2,2,3,3,5,1663
James_Gandolfini, 1961-09-18, 2,2,2,3,3,3,5,37,61
Jean-Michel_Basquiat, 1960-12-22, 2,3,3,3,3,3,5,17,59
John_Terry, 1980-12-07, 2,2,3,3,3,3,3,5,503
Karl_Pearson, 1857-03-27, 2,2,2,3,3,5,5,31,43
Keanu_Reeves, 1964-09-02, 2,2,2,2,3,3,3,5,1129
Pope_Leo_XII, 1760-08-22, 2,2,2,3,3,3,5,11,199
Satoshi_Tajiri, 1965-08-28, 2,2,2,3,3,5,5,5,271
Shania_Twain, 1965-08-28, 2,2,2,3,3,5,5,5,271
