50_Cent, 1975-07-06, 2442600, 2,2,2,3,3,5,5,23,59, 0, 0, 632055.6716
Alex_Ferguson, 1941-12-31, 2430360, 2,2,2,3,3,5,43,157, 0, 0, 211358.4697
Alfred_Hitchcock, 1899-08-13, 2414880, 2,2,2,2,2,3,3,3,5,13,43, 0, 0, 232167.01
BoA, 1986-11-05, 2446740, 2,2,3,3,3,5,23,197, 0, 0, 244977.5588
Clarence_Seedorf, 1976-04-01, 2442870, 2,3,3,5,27143, 0, 0, 184693.2791
Eazy-E, 1963-09-07, 2438280, 2,2,2,3,3,5,13,521, 0, 0, 402529.2258
Elliott_Smith, 1969-08-06, 2440440, 2,2,2,3,3,5,6779, 0, 0, 205500.2414
Fedor_Emelianenko, 1976-09-28, 2443050, 2,3,3,5,5,61,89, 0, 0, 571876.4286
Frank_Lampard, 1978-06-20, 2443680, 2,2,2,2,2,3,3,5,1697, 0, 0, 185169.1176
Hayao_Miyazaki, 1941-01-05, 2430000, 2,2,2,2,3,3,3,3,3,5,5,5,5, 0, 0, 414062.75
Ian_Curtis, 1956-07-15, 2435670, 2,3,3,3,3,5,31,97, 0, 0, 209369.3429
Jackie_Robinson, 1919-01-31, 2421990, 2,3,3,5,17,1583, 0, 0, 327129.3438
Jimmy_Carter, 1924-10-01, 2424060, 2,2,3,3,3,5,67,67, 0, 0, 201643.7596
Joe_Satriani, 1956-07-15, 2435670, 2,3,3,3,3,5,31,97, 0, 0, 240564.2703
Johnny_Depp, 1963-06-09, 2438190, 2,3,3,5,27091, 0, 0, 1037709.288
LeAnn_Rimes, 1982-08-28, 2445210, 2,3,3,5,101,269, 0, 0, 226345.3704
Matthew_McConaughey, 1969-11-04, 2440530, 2,3,3,3,3,5,23,131, 0, 0, 413178.9167
Natalie_Wood, 1938-07-20, 2429100, 2,2,3,3,5,5,2699, 0, 0, 247223.7111
Sean_Combs, 1969-11-04, 2440530, 2,3,3,3,3,5,23,131, 0, 0, 492898.4412
Ted_Kennedy, 1932-02-22, 2426760, 2,2,2,3,3,3,3,5,7,107, 0, 0, 206382.3585
Timothy_Leary, 1920-10-22, 2422620, 2,2,3,3,5,43,313, 0, 0, 185760.3636
