Albert_Kesselring, 1885-11-30, 2409876, 2,2,3,3,7,73,131, 0, 0, 64988.48387
Alberto_Gilardino, 1982-07-05, 2445156, 2,2,3,3,7,31,313, 0, 0, 71737.77778
Andoni_Zubizarreta, 1961-10-23, 2437596, 2,2,3,3,7,17,569, 0, 0, 46454.70588
Anette_Olzon, 1971-06-21, 2441124, 2,2,3,3,3,7,3229, 0, 0, 89964.15385
Ashanti_(singer), 1980-10-13, 2444526, 2,3,3,3,7,29,223, 0, 0, 10490.42857
Bill_Clinton, 1946-08-19, 2432052, 2,2,3,3,3,7,3217, 0, 0, 263930.3983
Erwin_Neher, 1944-03-20, 2431170, 2,3,3,5,7,17,227, 0, 0, 8000.548387
Gabrielle_Giffords, 1970-06-08, 2440746, 2,3,3,3,7,11,587, 0, 0, 131759.1892
Gennaro_Gattuso, 1978-01-09, 2443518, 2,3,3,7,11,41,43, 0, 0, 116553.5
Juliusz_Słowacki, 1809-09-04, 2382030, 2,3,3,5,7,19,199, 0, 0, 79692.86667
Louis_the_Stammerer, 0846-11-01, 2030364, 2,2,3,3,7,7,1151, 0, 0, 12575.83721
Lutz_Graf_Schwerin_von_Krosigk, 1887-08-22, 2410506, 2,3,3,3,7,7,911, 0, 0, 26447.43243
Marc_Anthony, 1968-09-16, 2440116, 2,2,3,3,7,23,421, 0, 0, 342956.3636
Murad_V, 1840-09-21, 2393370, 2,3,3,5,7,29,131, 0, 0, 17527.55814
Oscar_Luigi_Scalfaro, 1918-09-09, 2421846, 2,3,3,3,7,43,149, 0, 0, 27593.61905
Philippe_Gilbert, 1982-07-05, 2445156, 2,2,3,3,7,31,313, 0, 0, 19211
Scott_Parker, 1980-10-13, 2444526, 2,3,3,3,7,29,223, 0, 0, 46525.8
Steve_Vai, 1960-06-06, 2437092, 2,2,3,3,7,19,509, 0, 0, 213699.7632
Victor_Vasarely, 1906-04-09, 2417310, 2,3,3,3,5,7,1279, 0, 0, 72000.2
