Ayman_al-Zawahiri, 1951-06-19, 2,2,2,3,3,7,11,439, 105545.7381
Ferdinand_de_Lesseps, 1805-11-19, 2,2,3,3,3,7,47,67, 34956.05882
Golda_Meir, 1898-05-03, 2,2,3,3,7,11,13,67, 72860.85507
Hilary_Swank, 1974-07-30, 2,3,3,3,7,7,13,71, 193626.4407
Jiang_Zemin, 1926-08-17, 2,2,2,3,3,7,17,283, 113336.9348
Jóhanna_Guðrún_Jónsdóttir, 1990-10-16, 2,2,3,3,5,7,29,67, 11027.2973
Maurice_de_Vlaminck, 1876-04-04, 2,2,3,3,3,3,7,1061, 28753.51613
Pope_Gregory_XV, 1554-01-09, 2,2,2,3,3,7,19,239, 12691.72727
Salvatore_Schillaci, 1964-12-01, 2,3,3,5,7,7,7,79, 51076.14286
Shay_Given, 1976-04-20, 2,2,2,3,3,7,37,131, 63804.64706
Tom_Cruise, 1962-07-03, 2,2,2,3,3,7,7,691, 591604.5732
Warwick_Davis, 1970-02-03, 2,2,3,3,5,7,13,149, 175679.5758
William_Dampier, 1651-09-05, 2,3,3,3,7,11,13,43, 22712.93939
