Dan_Aykroyd, 1952-07-01, 2,3,3,7,19319, 246847.2821
Douglas_Hyde, 1860-01-17, 2,3,3,7,19051, 10435.71875
Edgar_Davids, 1973-03-13, 2,3,3,7,19379, 171887.8095
Eli_Wallach, 1915-12-07, 2,3,3,7,19213, 153194.6176
Jan_Smuts, 1870-05-24, 2,3,3,7,19081, 30445.25714
Joe_Lieberman, 1942-02-24, 2,3,3,7,19289, 78233.25
Johann_Gottfried_Galle, 1812-06-09, 2,3,3,7,18913, 16092.30556
Nikki_Reed, 1988-05-17, 2,3,3,7,19423, 466590.1111
Robert_Redford, 1936-08-18, 2,3,3,7,19273, 254917.3725
Wiz_Khalifa, 1987-09-08, 2,3,3,7,19421, 727897.0625
