Arne_Tiselius, 1902-08-10, 2415972, 2,2,3,13,17,911, 0, 0, 6718.472222
Caroline,_Princess_of_Hanover, 1957-01-23, 2435862, 2,3,11,13,17,167, 0, 0, 103893.1
Charles_Aznavour, 1924-05-22, 2423928, 2,2,2,3,13,17,457, 0, 0, 131114.234
Colin_Firth, 1960-09-10, 2437188, 2,2,3,13,17,919, 0, 0, 280620.9216
Jean-Antoine_Watteau, 1684-10-10, 2336412, 2,2,3,13,17,881, 0, 0, 40980.72093
John_Ruskin, 1819-02-08, 2385474, 2,3,7,13,17,257, 0, 0, 73597.11111
Kieran_Gibbs, 1989-09-26, 2447796, 2,2,3,13,13,17,71, 0, 0, 50196.78788
Miranda_Cosgrove, 1993-05-14, 2449122, 2,3,13,17,1847, 0, 0, 728958.5946
Norma_Shearer, 1902-08-10, 2415972, 2,2,3,13,17,911, 0, 0, 44842
Rudolph_Valentino, 1895-05-06, 2413320, 2,2,2,3,5,7,13,13,17, 0, 0, 103537.025
Sebastian_of_Portugal, 1554-01-20, 2288676, 2,2,3,13,17,863, 0, 0, 29179.22581
