Aaron_Lennon, 1987-04-16, 2446902, 2,3,3,3,113,401, 0, 0, 54588.97826
Blaise_Cendrars, 1887-09-01, 2410516, 2,2,113,5333, 0, 0, 36396.65517
Claudio_Marchisio, 1986-01-19, 2446450, 2,5,5,113,433, 0, 0, 74269.47619
David_James_(footballer), 1970-08-01, 2440800, 2,2,2,2,2,3,3,3,5,5,113, 0, 0, 22866.54286
Donald_Trump, 1946-06-14, 2431986, 2,3,17,113,211, 0, 0, 355265.5577
Ernst_Kaltenbrunner, 1903-10-04, 2416392, 2,2,2,3,3,3,3,3,11,113, 0, 0, 65302.60976
Feliciano_López, 1981-09-20, 2444868, 2,2,3,3,113,601, 0, 0, 28042.96667
Giampiero_Boniperti, 1928-07-04, 2425432, 2,2,2,113,2683, 0, 0, 31432.57692
Graham_Hill, 1929-02-15, 2425658, 2,113,10733, 0, 0, 45830.57576
Jacques_Lacan, 1901-04-13, 2415488, 2,2,2,2,2,2,2,113,167, 0, 0, 119432.7347
Jean_Gabin, 1904-05-17, 2416618, 2,17,17,37,113, 0, 0, 81407.97368
Joe_Strummer, 1952-08-21, 2434246, 2,113,10771, 0, 0, 228105.8077
Karl-Heinz_Rummenigge, 1955-09-25, 2435376, 2,2,2,2,3,113,449, 0, 0, 59110.32558
Karl_Mannheim, 1893-03-27, 2412550, 2,5,5,7,61,113, 0, 0, 21428.33333
Max_Jacob, 1876-07-12, 2406448, 2,2,2,2,11,11,11,113, 0, 0, 24805.11538
Maximilien_Robespierre, 1758-05-06, 2363282, 2,113,10457, 0, 0, 104694.0896
Queen_Silvia_of_Sweden, 1943-12-23, 2431082, 2,31,113,347, 0, 0, 66347.22222
Roger_Penrose, 1931-08-08, 2426562, 2,3,3,113,1193, 0, 0, 56025.41026
Santiago_Cañizares, 1969-12-18, 2440574, 2,113,10799, 0, 0, 54534.86667
Teddy_Sheringham, 1966-04-02, 2439218, 2,43,113,251, 0, 0, 64833.97059
Vinnie_Jones, 1965-01-05, 2438766, 2,3,3,11,109,113, 0, 0, 277912.7037
