Baibars, 1223-07-19, 2167958, 2,13,83383, 0, 0, 42606.84375
Björk, 1965-11-21, 2439086, 2,13,93811, 0, 0, 197455.6429
Boris_Vian, 1920-03-10, 2422394, 2,13,93169, 0, 0, 107270.7027
Bret_Easton_Ellis, 1964-03-07, 2438462, 2,13,93787, 0, 0, 145568.0385
Clyde_Drexler, 1962-06-22, 2437838, 2,13,93763, 0, 0, 76895.10345
David_Lean, 1908-03-25, 2418026, 2,13,93001, 0, 0, 41121.56098
Dilma_Rousseff, 1947-12-14, 2432534, 2,13,93559, 0, 0, 104658.1081
Drew_Barrymore, 1975-02-22, 2442466, 2,13,93941, 0, 0, 429028.9423
Erich_Wolfgang_Korngold, 1897-05-29, 2414074, 2,13,92849, 0, 0, 24287.92308
Eugène_Delacroix, 1798-04-26, 2377882, 2,13,91457, 0, 0, 104771.4638
Jane_Russell, 1921-06-21, 2422862, 2,13,93187, 0, 0, 112233.2353
Josip_Šimunić, 1978-02-18, 2443558, 2,13,93983, 0, 0, 24924.46429
Judy_Holliday, 1921-06-21, 2422862, 2,13,93187, 0, 0, 36598.26923
Keke_Palmer, 1993-08-26, 2449226, 2,13,94201, 0, 0, 196748.3103
Mame_Biram_Diouf, 1987-12-16, 2447146, 2,13,94121, 0, 0, 61330
Philip_III_of_France, 1245-04-30, 2175914, 2,13,83689, 0, 0, 20214.7234
Pope_Adrian_VI, 1459-03-02, 2254018, 2,13,86693, 0, 0, 29009.51852
Reinaldo_Arenas, 1943-07-16, 2430922, 2,13,93497, 0, 0, 38555.07692
Stephen_Chow, 1962-06-22, 2437838, 2,13,93763, 0, 0, 349491.6154
Terence_Stamp, 1938-07-22, 2429102, 2,13,93427, 0, 0, 145898.3704
William_Ewart_Gladstone, 1809-12-29, 2382146, 2,13,91621, 0, 0, 37299.25
