Alice_Cooper, 1948-02-04, 2,3,13,13,2399, 321313.5217
AnnaSophia_Robb, 1993-12-08, 2,5,13,83,227, 281830.5946
Bear_Grylls, 1974-06-07, 2,13,29,41,79, 458488.6
Brandon_Routh, 1979-10-09, 2,2,11,13,4273, 227368.8077
Daniel_Craig, 1968-03-02, 2,3,3,13,10427, 475705.1525
Eiichiro_Oda, 1975-01-01, 2,3,13,173,181, 211854.3103
Gene_Kelly, 1912-08-23, 2,3,13,67,463, 139890.4043
Jackson_Pollock, 1912-01-28, 2,5,13,37,503, 169089.4557
Jared_Padalecki, 1982-07-19, 2,5,7,13,2687, 349159.1471
Jim_Carrey, 1962-01-17, 2,13,29,53,61, 489841.2027
Larry_Hagman, 1931-09-21, 2,7,13,67,199, 182938.9143
Lucas_Grabeel, 1984-11-23, 2,2,13,17,2767, 176727.7037
Madeleine_Stowe, 1958-08-18, 2,7,11,13,1217, 163111
Miranda_Cosgrove, 1993-05-14, 2,3,13,17,1847, 728958.5946
Mother_Teresa, 1910-08-26, 2,5,13,23,809, 298469.6139
Novak_Djokovic, 1987-05-22, 2,3,3,13,10457, 140834.0648
Peter_Jackson_(footballer,_born_1961), 1961-04-06, 2,2,13,19,2467, 186333.1379
Pierre_Bourdieu, 1930-08-01, 2,3,5,13,6221, 168694.9556
Ridley_Scott, 1937-11-30, 2,2,13,13,3593, 254356.6078
Timothy_McVeigh, 1968-04-23, 2,5,13,137,137, 230754.2581
Vanessa_Hudgens, 1988-12-14, 2,5,13,67,281, 576795.339
