Alessandro_Nesta, 1976-03-19, 2,2,2,13,83,283, 100831.5333
Benjamin_Netanyahu, 1949-10-21, 2,3,5,13,17,367, 95817.34286
Bruce_Lee, 1940-11-27, 2,2,2,5,13,4673, 670022.3452
David_Miliband, 1965-07-15, 2,2,13,17,31,89, 98929.65385
George_Best, 1946-05-22, 2,3,3,13,19,547, 146209.1373
Georgia_O'Keeffe, 1887-11-15, 2,3,5,7,13,883, 92891.23529
Giuseppe_Garibaldi, 1807-07-04, 2,2,11,13,23,181, 105997.1667
Goldie_Hawn, 1945-11-21, 2,2,5,13,47,199, 261127.5366
Jesse_Eisenberg, 1983-10-05, 2,2,3,13,61,257, 294055.8611
John_C._Reilly, 1965-05-24, 2,2,2,3,13,7817, 196377.9032
Kevin-Prince_Boateng, 1987-03-06, 2,2,3,5,13,3137, 236796.4878
Kim_Cattrall, 1956-08-21, 2,3,3,7,13,1487, 253377.6286
Lucy_Lawless, 1968-03-29, 2,2,2,13,29,809, 204632.0741
Matthew_Fox, 1966-07-14, 2,2,2,5,13,4691, 89293.14286
Mila_Kunis, 1983-08-14, 2,2,2,5,13,4703, 701695.5375
Mohamed_Atta, 1968-09-01, 2,2,5,5,13,1877, 109571.6207
Nelson_Rockefeller, 1908-07-08, 2,5,11,13,19,89, 106582.3529
Olivia_Newton-John, 1948-09-26, 2,2,3,5,13,3119, 242900.0952
Robert_F._Kennedy, 1925-11-20, 2,3,3,13,13,797, 273285.8367
Søren_Kierkegaard, 1813-05-05, 2,2,2,3,13,7639, 119372.7126
Tina_Fey, 1970-05-18, 2,2,11,13,17,251, 399426.9412
