Andy_Williams, 1927-12-03, 2425218, 2,3,71,5693, 0, 0, 103579.5
Billy_Idol, 1955-11-30, 2435442, 2,3,71,5717, 0, 0, 256713.6875
Camille_Claudel, 1864-12-08, 2402214, 2,3,71,5639, 0, 0, 86091.62069
Danny_Welbeck, 1990-11-26, 2448222, 2,3,7,71,821, 0, 0, 95261.92683
Helmut_Kohl, 1930-04-03, 2426070, 2,3,5,17,67,71, 0, 0, 88218.78462
Johannes_Vermeer, 1632-10-31, 2317440, 2,2,2,2,2,2,2,3,5,17,71, 0, 0, 130381.7838
Josh_Radnor, 1974-07-29, 2442258, 2,3,3,3,7,7,13,71, 0, 0, 339447.7097
Julia_Gillard, 1961-09-29, 2437572, 2,2,3,71,2861, 0, 0, 71735.47887
Lady_Gaga, 1986-03-28, 2446518, 2,3,71,5743, 0, 0, 786185.3158
Lil_Wayne, 1982-09-27, 2445240, 2,2,2,3,5,7,41,71, 0, 0, 1401836.674
Mata_Hari, 1876-08-07, 2406474, 2,3,3,7,71,269, 0, 0, 162816.0328
Michael_Carrick, 1981-07-28, 2444814, 2,3,3,71,1913, 0, 0, 56211.63462
Mika_Häkkinen, 1968-09-28, 2440128, 2,2,2,2,2,2,3,71,179, 0, 0, 71184.91304
Naomi_Watts, 1968-09-28, 2440128, 2,2,2,2,2,2,3,71,179, 0, 0, 273029.2407
Peter_O'Toole, 1932-08-02, 2426922, 2,3,3,3,3,71,211, 0, 0, 162080.3778
Raúl_Castro, 1931-06-03, 2426496, 2,2,2,2,2,2,2,3,71,89, 0, 0, 66641.33824
Rita_Ora, 1990-11-26, 2448222, 2,3,7,71,821, 0, 0, 345841.6552
Robert_Koch, 1843-12-11, 2394546, 2,3,7,11,71,73, 0, 0, 56331.39506
Rudolf_Virchow, 1821-10-13, 2386452, 2,2,3,71,2801, 0, 0, 55168.54545
Shah_Jahan, 1592-01-05, 2302530, 2,3,5,23,47,71, 0, 0, 67323.52542
Wes_Craven, 1939-08-02, 2429478, 2,3,3,71,1901, 0, 0, 137666.0938
