Alberto_Gilardino, 1982-07-05, 2445156, 2,2,3,3,7,31,313, 0, 0, 71737.77778
Dwight_Howard, 1985-12-08, 2446408, 2,2,2,313,977, 0, 0, 266136.8158
Elizabeth_of_Russia, 1709-12-29, 2345622, 2,3,313,1249, 0, 0, 56250.82692
Gustav_Klimt, 1862-07-14, 2401336, 2,2,2,7,137,313, 0, 0, 211676.4571
Ilya_Frank, 1908-10-23, 2418238, 2,313,3863, 0, 0, 6311.684211
Jonas_Björkman, 1972-03-23, 2441400, 2,2,2,3,5,5,13,313, 0, 0, 13892.11111
Matthias_Jakob_Schleiden, 1804-04-05, 2380052, 2,2,313,1901, 0, 0, 46653.2
Michael_Stich, 1968-10-18, 2440148, 2,2,313,1949, 0, 0, 34607.5
Mungo_Park_(explorer), 1771-09-11, 2368158, 2,3,13,97,313, 0, 0, 8265.1875
Nena, 1960-03-24, 2437018, 2,17,229,313, 0, 0, 173353.3548
Nurhaci, 1559-02-21, 2290534, 2,313,3659, 0, 0, 47194.64286
Philippe_Gilbert, 1982-07-05, 2445156, 2,2,3,3,7,31,313, 0, 0, 19211
Pierce_Brosnan, 1953-05-16, 2434514, 2,313,3889, 0, 0, 294517.0968
Piotr_Trochowski, 1984-03-22, 2445782, 2,313,3907, 0, 0, 43942.74194
Sarah_Vaughan, 1924-03-27, 2423872, 2,2,2,2,2,2,11,11,313, 0, 0, 71011.24138
Timothy_Leary, 1920-10-22, 2422620, 2,2,3,3,5,43,313, 0, 0, 185760.3636
Émile_Zola, 1840-04-02, 2393198, 2,313,3823, 0, 0, 147035.75
