Alan_Moore, 1953-11-18, 2434700, 2,2,5,5,97,251, 0, 0, 214341.8485
Andrei_Zhdanov, 1896-02-26, 2413616, 2,2,2,2,251,601, 0, 0, 22682.16129
Erich_Honecker, 1912-08-25, 2419640, 2,2,2,5,241,251, 0, 0, 95634.22449
Ernst_Röhm, 1887-11-28, 2410604, 2,2,7,7,7,7,251, 0, 0, 95777.06818
Jimmy_Greaves, 1940-02-20, 2429680, 2,2,2,2,5,11,11,251, 0, 0, 35770.26923
Joe_Biden, 1942-11-20, 2430684, 2,2,3,3,251,269, 0, 0, 182686.0128
Karl_Ziegler, 1898-11-26, 2414620, 2,2,5,13,37,251, 0, 0, 7150.789474
Luciano_Floridi, 1964-11-16, 2438716, 2,2,7,251,347, 0, 0, 4519.444444
Norman_Schwarzkopf,_Jr., 1934-08-22, 2427672, 2,2,2,3,13,31,251, 0, 0, 21450.0303
Ovid, -0043-03-20, 1705796, 2,2,251,1699, 0, 0, 79894.10227
Patrice_Evra, 1981-05-15, 2444740, 2,2,5,251,487, 0, 0, 88425.64706
Paul_Celan, 1920-11-23, 2422652, 2,2,19,127,251, 0, 0, 42914.13514
Tomáš_Necid, 1989-08-13, 2447752, 2,2,2,23,53,251, 0, 0, 20432.88889
Zara_Phillips, 1981-05-15, 2444740, 2,2,5,251,487, 0, 0, 185055.1429
