Alain_Bernard, 1983-05-01, 2,2,2,2,3,13,3919, 48289.2963
Billy_Connolly, 1942-11-24, 2,2,2,2,2,13,5843, 159010.25
Charles_Aznavour, 1924-05-22, 2,2,2,3,13,17,457, 131114.234
Chris_Benoit, 1967-05-21, 2,2,2,2,13,37,317, 274848.4146
David_Coverdale, 1951-09-22, 2,2,2,3,13,29,269, 108785.5938
Frederick_William_I_of_Prussia, 1688-08-14, 2,2,2,3,13,59,127, 32930.53659
Johann_Palisa, 1848-12-06, 2,2,2,2,13,41,281, 4591.942857
John_C._Mather, 1946-08-07, 2,2,2,3,5,13,1559, 9672.25
Kajsa_Bergqvist, 1976-10-12, 2,2,2,13,13,13,139, 18995.61538
Louis_XI_of_France, 1423-07-03, 2,2,2,2,2,13,5387, 39068.69231
Michael_C._Hall, 1971-02-01, 2,2,2,7,7,13,479, 383879.4571
Norman_Schwarzkopf,_Jr., 1934-08-22, 2,2,2,3,13,31,251, 21450.0303
Richard_Gasquet, 1986-06-18, 2,2,2,5,5,13,941, 55620
Robert_Southey, 1774-08-12, 2,2,2,11,13,19,109, 17644.92857
Roy_Lichtenstein, 1923-10-27, 2,2,2,5,13,59,79, 199549.0833
Sander_Boschker, 1970-10-20, 2,2,2,2,5,13,2347, 13617.76923
Thora_Birch, 1982-03-11, 2,2,2,2,5,13,2351, 195103.6667
Zlatko_Zahovič, 1971-02-01, 2,2,2,7,7,13,479, 19408.30769
Željko_Ražnatović, 1952-04-17, 2,2,2,5,13,31,151, 66580.33333
