Alfred_Russel_Wallace, 1823-01-08, 2386904, 2,2,2,13,59,389, 0, 0, 60085
Andy_García, 1956-04-12, 2435576, 2,2,2,11,13,2129, 0, 0, 136039.925
Asamoah_Gyan, 1985-11-22, 2446392, 2,2,2,3,13,7841, 0, 0, 81747.10256
Dick_Advocaat, 1947-09-27, 2432456, 2,2,2,13,19,1231, 0, 0, 41790.66667
Eddy_Merckx, 1945-06-17, 2431624, 2,2,2,13,103,227, 0, 0, 67092.55769
Eminem, 1972-10-17, 2441608, 2,2,2,13,17,1381, 0, 0, 1312695.181
Gabriel_Marcel, 1889-12-07, 2411344, 2,2,2,2,13,11593, 0, 0, 29269.13793
Herbert_Spencer_Gasser, 1888-07-05, 2410824, 2,2,2,3,13,7727, 0, 0, 5500.225806
Hugo_Chávez, 1954-07-28, 2434952, 2,2,2,13,13,1801, 0, 0, 213734.4632
Jens_Böhrnsen, 1949-06-12, 2433080, 2,2,2,5,13,4679, 0, 0, 13118
John_McEnroe, 1959-02-16, 2436616, 2,2,2,7,13,3347, 0, 0, 149544.7872
Joseph_Henry, 1797-12-17, 2377752, 2,2,2,3,13,7621, 0, 0, 24602.55263
Ken_Livingstone, 1945-06-17, 2431624, 2,2,2,13,103,227, 0, 0, 39923.58065
Luciano_Pavarotti, 1935-10-12, 2428088, 2,2,2,13,37,631, 0, 0, 123884.7949
Marion_Bartoli, 1984-10-02, 2445976, 2,2,2,13,29,811, 0, 0, 77813.78378
Meat_Loaf, 1947-09-27, 2432456, 2,2,2,13,19,1231, 0, 0, 322372.4839
Novalis, 1772-05-02, 2368392, 2,2,2,3,13,7591, 0, 0, 57428.16667
Paolo_Borsellino, 1940-01-19, 2429648, 2,2,2,2,13,11681, 0, 0, 85839.32143
Salvatore_Sirigu, 1987-01-12, 2446808, 2,2,2,7,13,3361, 0, 0, 56158.51852
Steve_Morse, 1954-07-28, 2434952, 2,2,2,13,13,1801, 0, 0, 65069.4
Tarkan_(singer), 1972-10-17, 2441608, 2,2,2,13,17,1381, 0, 0, 75961
