Agnieszka_Radwańska, 1989-03-06, 2,2,2,3,7,17,857, 88787.22222
Andoni_Zubizarreta, 1961-10-23, 2,2,3,3,7,17,569, 46454.70588
Charles_Aznavour, 1924-05-22, 2,2,2,3,13,17,457, 131114.234
David_Schwimmer, 1966-11-02, 2,2,2,3,3,17,1993, 254211.1707
Ferhat_Abbas, 1899-10-24, 2,2,2,3,3,17,1973, 15585.27273
Ja'far_al-Sadiq, 0702-04-23, 2,2,2,3,17,37,131, 37563.65517
Joseph_Conrad, 1857-12-03, 2,2,3,3,3,17,1307, 86888.59016
Kieran_Gibbs, 1989-09-26, 2,2,3,13,13,17,71, 50196.78788
Klaus_Ebner, 1964-08-08, 2,2,2,3,17,43,139, 2775.632911
Mustafa_Kemal_Atatürk, 1881-05-19, 2,2,3,3,5,17,787, 117202.488
Thomas_Huckle_Weller, 1915-06-15, 2,2,2,3,17,17,349, 5808.535714
İsmet_İnönü, 1884-09-24, 2,2,3,3,17,31,127, 51190.11364
