Edward_Mills_Purcell, 1912-08-30, 2,2,3,17,29,409, 8668.627907
Emil_Zátopek, 1922-09-19, 2,2,3,7,17,1697, 36553.71795
Emmanuel_Adebayor, 1984-02-26, 2,2,3,17,19,631, 157459.0625
Eric_XIV_of_Sweden, 1533-12-13, 2,2,3,17,53,211, 20175.51613
Jacques_Derrida, 1930-07-15, 2,2,3,7,17,1699, 90654.21429
Louis_IV_of_France, 0920-09-10, 2,2,3,5,17,2017, 16725.91892
Martin_Sheen, 1940-08-03, 2,2,3,17,43,277, 400678.0222
Matthew_Perry, 1969-08-19, 2,2,3,7,17,1709, 175742.1064
Nate_Dogg, 1969-08-19, 2,2,3,7,17,1709, 409021.1724
Roza_Otunbayeva, 1950-08-23, 2,2,3,17,79,151, 9853.613636
