Alejandro_Sanz, 1968-12-18, 2,2,2,2,19,23,349, 151861.5862
Allvar_Gullstrand, 1862-06-05, 2,2,2,2,3,19,2633, 6585.868421
Bamir_Topi, 1957-04-24, 2,2,2,2,3,19,2671, 10997.71429
Chris_Evans_(actor), 1981-06-13, 2,2,2,2,2,19,4021, 133890
Guy_Demel, 1981-06-13, 2,2,2,2,2,19,4021, 20047.03846
Gérard_Depardieu, 1948-12-27, 2,2,2,2,19,53,151, 173564.6949
Jennifer_Garner, 1972-04-17, 2,2,2,2,3,19,2677, 355992.7021
Joss_Stone, 1987-04-11, 2,2,2,2,3,19,2683, 275088.2692
Kwadwo_Asamoah, 1988-12-09, 2,2,2,2,19,83,97, 54379
Mariza, 1973-12-16, 2,2,2,2,19,29,277, 32927.14815
Mary_McAleese, 1951-06-27, 2,2,2,2,2,19,4003, 30200.97826
