A._J._Cronin, 1896-07-19, 2413760, 2,2,2,2,2,2,5,19,397, 0, 0, 25100.02778
Adriana_Lima, 1981-06-12, 2444768, 2,2,2,2,2,19,4021, 0, 0, 400258.5106
Al_Capone, 1899-01-17, 2414672, 2,2,2,2,13,13,19,47, 0, 0, 491181.2097
Edmond_Rostand, 1868-04-01, 2403424, 2,2,2,2,2,19,59,67, 0, 0, 36157.16667
Galeazzo_Ciano, 1903-03-18, 2416192, 2,2,2,2,2,2,19,1987, 0, 0, 35792.45455
Gough_Whitlam, 1916-07-11, 2421056, 2,2,2,2,2,2,11,19,181, 0, 0, 54667.77778
James_K._Polk, 1795-11-02, 2376976, 2,2,2,2,7,19,1117, 0, 0, 54555.22989
Jim_Courier, 1970-08-17, 2440816, 2,2,2,2,7,19,31,37, 0, 0, 51740.05714
Manu_Chao, 1961-06-21, 2437472, 2,2,2,2,2,19,19,211, 0, 0, 214663
Massimo_Oddo, 1976-06-14, 2442944, 2,2,2,2,2,2,7,7,19,41, 0, 0, 42181.78378
Mike_Huckabee, 1955-08-24, 2435344, 2,2,2,2,19,8011, 0, 0, 88897.8
Omar_Suleiman, 1936-07-02, 2428352, 2,2,2,2,2,2,19,1997, 0, 0, 44593.32258
Paulina_Rubio, 1971-06-17, 2441120, 2,2,2,2,2,5,11,19,73, 0, 0, 129890
Ricardo_Lagos, 1938-03-02, 2428960, 2,2,2,2,2,5,17,19,47, 0, 0, 25821.30303
Sarah_Michelle_Gellar, 1977-04-14, 2443248, 2,2,2,2,3,3,19,19,47, 0, 0, 424751
Seal_(musician), 1963-02-19, 2438080, 2,2,2,2,2,2,5,19,401, 0, 0, 132704.6061
Wenceslaus_III_of_Bohemia, 1289-10-06, 2192144, 2,2,2,2,19,7211, 0, 0, 19917.38462
Wes_Brown, 1979-10-13, 2444160, 2,2,2,2,2,2,2,3,5,19,67, 0, 0, 42958.46667
William_Crookes, 1832-06-17, 2390352, 2,2,2,2,3,19,2621, 0, 0, 29551.59459
Wyclef_Jean, 1969-10-17, 2440512, 2,2,2,2,2,2,3,3,19,223, 0, 0, 163833.3056
Yoshikatsu_Kawaguchi, 1975-08-15, 2442640, 2,2,2,2,5,19,1607, 0, 0, 38048.1875
