Barack_Obama, 1961-08-04, 2437516, 2,2,609379, 0, 0, 562682.885
Beyoncé, 1981-09-04, 2444852, 2,2,611213, 0, 0, 616858.0349
Billy_Bob_Thornton, 1955-08-04, 2435324, 2,2,608831, 0, 0, 242092.3889
Emily_Osment, 1992-03-10, 2448692, 2,2,612173, 0, 0, 342489.1905
Erwin_Rommel, 1891-11-15, 2412052, 2,2,603013, 0, 0, 204656.25
Gary_Oldman, 1958-03-21, 2436284, 2,2,609071, 0, 0, 359704.661
Isla_Fisher, 1976-02-03, 2442812, 2,2,610703, 0, 0, 472004.1
Jeffrey_Dahmer, 1960-05-21, 2437076, 2,2,609269, 0, 0, 667511.1852
Jim_Henson, 1936-09-24, 2428436, 2,2,607109, 0, 0, 211279.7692
Katharine_Hepburn, 1907-05-12, 2417708, 2,2,604427, 0, 0, 211209.5469
Marvin_Gaye, 1939-04-02, 2429356, 2,2,607339, 0, 0, 299610.25
Matt_Damon, 1970-10-08, 2440868, 2,2,610217, 0, 0, 506816.8
Mukesh_Ambani, 1957-04-19, 2435948, 2,2,608987, 0, 0, 220242
Oprah_Winfrey, 1954-01-29, 2434772, 2,2,608693, 0, 0, 373889.8793
Osama_bin_Laden, 1957-03-10, 2435908, 2,2,608977, 0, 0, 370043.3821
Rajon_Rondo, 1986-02-22, 2446484, 2,2,611621, 0, 0, 216829.1034
Rihanna, 1988-02-20, 2447212, 2,2,611803, 0, 0, 1058112.447
Robbie_Williams, 1974-02-13, 2442092, 2,2,610523, 0, 0, 279335.8462
Robert_Pattinson, 1986-05-13, 2446564, 2,2,611641, 0, 0, 782863
Saddam_Hussein, 1937-04-28, 2428652, 2,2,607163, 0, 0, 266557.7755
Walt_Disney, 1901-12-05, 2415724, 2,2,603931, 0, 0, 294981.1504
