Alex_Pettyfer, 1990-04-10, 2447992, 2,2,2,305999, 0, 0, 495999.5517
Audrey_Hepburn, 1929-05-04, 2425736, 2,2,2,303217, 0, 0, 437288.7
Channing_Tatum, 1980-04-26, 2444356, 2,2,449,1361, 0, 0, 932963
Charlize_Theron, 1975-08-07, 2442632, 2,2,2,305329, 0, 0, 445516.7581
Henry_Cavill, 1983-05-05, 2445460, 2,2,5,122273, 0, 0, 484095.6552
Howard_Hughes, 1905-12-24, 2417204, 2,2,103,5867, 0, 0, 409703.9756
Ice_Cube, 1969-06-15, 2440388, 2,2,433,1409, 0, 0, 417361.2128
Jennifer_Aniston, 1969-02-11, 2440264, 2,2,2,305033, 0, 0, 624681.7714
John_Travolta, 1954-02-18, 2434792, 2,2,2,304349, 0, 0, 418778.8594
John_Wayne_Gacy, 1942-03-17, 2430436, 2,2,349,1741, 0, 0, 569592.3077
Johnny_Cash, 1932-02-26, 2426764, 2,2,53,11447, 0, 0, 449129.125
Jordana_Brewster, 1980-04-26, 2444356, 2,2,449,1361, 0, 0, 394103.2759
Kesha, 1987-03-01, 2446856, 2,2,2,305857, 0, 0, 471781.2
Marilyn_Monroe, 1926-06-01, 2424668, 2,2,79,7673, 0, 0, 445255.1818
Mark_Harmon, 1951-09-02, 2433892, 2,2,83,7331, 0, 0, 389498.5333
Mark_Wahlberg, 1971-06-05, 2441108, 2,2,499,1223, 0, 0, 647166.5
Milla_Jovovich, 1975-12-17, 2442764, 2,2,17,35923, 0, 0, 452585.5
Nicholas_Hoult, 1989-12-07, 2447868, 2,2,3,203989, 0, 0, 434163.8571
Ryan_Gosling, 1980-11-12, 2444556, 2,2,3,203713, 0, 0, 839408.8649
Terry_Crews, 1968-07-30, 2440068, 2,2,3,203339, 0, 0, 396242.1935
Will_Ferrell, 1967-07-16, 2439688, 2,2,2,304961, 0, 0, 514288.6471
