Bill_Gates, 1955-10-28, 2,2,2,2,152213, 440780.5691
Bob_Marley, 1945-02-06, 2,2,7,37,2347, 665908.1319
Elizabeth_Banks, 1974-02-10, 2,2,2,11,27751, 427654.0606
Emily_Blunt, 1983-02-23, 2,2,11,149,373, 428267.8684
Frankie_Muniz, 1985-12-05, 2,2,3,239,853, 521514.3077
Jensen_Ackles, 1978-03-01, 2,2,2,2,152723, 427212.7027
Joaquin_Phoenix, 1974-10-28, 2,2,3,3,67843, 428683.1667
John_Mayer, 1977-10-16, 2,2,2,43,7103, 505540.5143
Justin_Bieber, 1994-03-01, 2,2,7,7,12497, 1208064.543
LeBron_James, 1984-12-30, 2,2,2,2,152879, 606875.9412
Michael_Jackson, 1958-08-29, 2,2,3,3,67679, 988099.6531
Muhammad_Ali, 1942-01-17, 2,2,2,13,23369, 430352.7143
Nicole_Scherzinger, 1978-06-29, 2,2,2,13,23497, 596214.1429
Nikola_Tesla, 1856-07-10, 2,2,5,139,863, 381709.6306
Ozzy_Osbourne, 1948-12-03, 2,2,2,101,3011, 468288.0185
Ralph_Fiennes, 1962-12-22, 2,2,5,13,9377, 461792.0465
Rob_Zombie, 1965-01-12, 2,2,3,7,29033, 375879.8276
Robin_Williams, 1951-07-21, 2,2,2,47,6473, 381439.2333
Snoop_Dogg, 1971-10-20, 2,2,3,13,15649, 706028.283
Steven_Tyler, 1948-03-26, 2,2,29,67,313, 484591.4722
Willow_Smith, 2000-10-31, 2,2,2,7,43783, 482813.9655
