Adolf_Hitler, 1889-04-20, 2,2,2,3,11,9133, 759578.6864
Al_Pacino, 1940-04-25, 2,2,2,2,181,839, 418018.0274
Ashley_Tisdale, 1985-07-02, 2,2,2,3,7,14561, 490825.7273
Bam_Margera, 1979-09-28, 2,2,2,2,173,883, 453206.5556
Bar_Refaeli, 1985-06-04, 2,2,5,7,101,173, 419797.3929
Ben_Affleck, 1972-08-15, 2,2,2,3,7,14533, 425569.9153
Blake_Lively, 1987-08-25, 2,2,2,7,37,1181, 689311.4048
Bruce_Lee, 1940-11-27, 2,2,2,5,13,4673, 670022.3452
Ed_Sheeran, 1991-02-17, 2,2,2,2,23,6653, 510663
Jake_Gyllenhaal, 1980-12-19, 2,2,2,2,3,50929, 488377.0185
Katie_Holmes, 1978-12-18, 2,2,3,3,5,13577, 386833.4894
Kevin_Bacon, 1958-07-08, 2,2,2,7,139,313, 390295.5128
Martin_Sheen, 1940-08-03, 2,2,3,17,43,277, 400678.0222
Michael_Bublé, 1975-09-09, 2,2,2,7,53,823, 410006.3415
Mila_Kunis, 1983-08-14, 2,2,2,5,13,4703, 701695.5375
Miranda_Kerr, 1983-04-20, 2,2,3,3,3,22643, 479974.9189
Nate_Dogg, 1969-08-19, 2,2,3,7,17,1709, 409021.1724
Sachin_Tendulkar, 1973-04-24, 2,2,3,7,41,709, 572251.3103
Tera_Patrick, 1976-07-25, 2,2,2,3,137,743, 372297.8485
Tim_Burton, 1958-08-25, 2,2,2,5,17,3583, 511070.9153
Tina_Fey, 1970-05-18, 2,2,11,13,17,251, 399426.9412
