Amedeo_Avogadro, 1776-08-09, 2,2,2,2,2,3,3,3,13,211, 35850.27941
Antonio_Machado, 1875-07-26, 2,2,2,2,3,3,7,7,11,31, 140250.9032
Brooke_Shields, 1965-05-31, 2,2,2,2,2,2,2,2,7,1361, 360427.55
Carl_Jung, 1875-07-26, 2,2,2,2,3,3,7,7,11,31, 224846.8472
Elizabeth_Barrett_Browning, 1806-03-06, 2,2,2,2,3,3,3,3,11,167, 52032.55556
Emílio_Garrastazu_Médici, 1905-12-04, 2,2,2,2,2,3,3,7,11,109, 32923.38462
Ernst_Kaltenbrunner, 1903-10-04, 2,2,2,3,3,3,3,3,11,113, 65302.60976
François_Bayrou, 1951-05-25, 2,2,2,2,2,2,2,2,3,3169, 36110.8125
Gemma_Arterton, 1986-02-02, 2,2,2,2,2,2,2,3,23,277, 481014.3103
Hank_Williams, 1923-09-17, 2,2,2,2,2,2,2,5,7,541, 151554.9412
Henri_Cartier-Bresson, 1908-08-22, 2,2,2,2,2,2,2,2,2,4723, 111299.75
Jean_Nouvel, 1945-08-12, 2,2,2,2,2,2,3,5,17,149, 55852.30556
José_Carreras, 1946-12-05, 2,2,2,2,2,3,3,3,5,563, 49192.69767
Juhi_Chawla, 1967-11-13, 2,2,2,2,2,2,2,7,7,389, 128468
Kaley_Cuoco, 1985-11-30, 2,2,2,2,2,2,5,5,11,139, 965585.4
Massimo_Oddo, 1976-06-14, 2,2,2,2,2,2,7,7,19,41, 42181.78378
Raúl_Castro, 1931-06-03, 2,2,2,2,2,2,2,3,71,89, 66641.33824
Scatman_John, 1942-03-13, 2,2,2,2,2,3,3,3,29,97, 150487.0645
Steve_Zahn, 1967-11-13, 2,2,2,2,2,2,2,7,7,389, 131170.8966
Ted_Kennedy, 1932-02-22, 2,2,2,3,3,3,3,5,7,107, 206382.3585
Wyclef_Jean, 1969-10-17, 2,2,2,2,2,2,3,3,19,223, 163833.3056
