%22Weird_Al%22_Yankovic, 1959-10-23, 2,2,2,2,2,2,2,2,3,19,167, 236841.7714
Alec_Guinness, 1914-04-02, 2,2,2,2,2,2,2,2,2,29,163, 112840.1538
Behgjet_Pacolli, 1951-08-30, 2,2,2,2,2,3,3,3,3,3,313, 16831.51852
Charles_Babbage, 1791-12-26, 2,2,2,2,3,3,3,3,3,13,47, 108579.2687
David_Moyes, 1963-04-25, 2,2,2,2,2,2,2,2,2,2,2381, 105940.8148
Gediminas_Kirkilas, 1951-08-30, 2,2,2,2,2,3,3,3,3,3,313, 4849.545455
Hans-Dietrich_Genscher, 1927-03-21, 2,2,2,2,2,2,2,3,3,5,421, 33571.64706
Jason_Segel, 1980-01-18, 2,2,2,2,2,3,3,3,3,23,41, 474367.8611
Johann_Heinrich_Pestalozzi, 1746-01-12, 2,2,2,2,2,2,2,2,2,17,271, 66874.39535
Karl_Carstens, 1914-12-14, 2,2,2,2,2,2,2,2,5,31,61, 18232.2093
Kevin_Smith, 1970-08-02, 2,2,2,2,2,3,3,3,5,5,113, 285685.4
Lucy_Liu, 1968-12-02, 2,2,2,2,2,2,2,2,2,2,2383, 275687.6667
Patrick_Kluivert, 1976-07-01, 2,2,2,2,3,3,3,3,5,13,29, 109253.2927
Rigobert_Song, 1976-07-01, 2,2,2,2,3,3,3,3,5,13,29, 60539.5
Robert_Green, 1980-01-18, 2,2,2,2,2,3,3,3,3,23,41, 38794.94595
Robin_van_Persie, 1983-08-06, 2,2,2,2,3,3,3,3,3,17,37, 262564.8246
Ruud_van_Nistelrooy, 1976-07-01, 2,2,2,2,3,3,3,3,5,13,29, 167641.2679
Sam_Raimi, 1959-10-23, 2,2,2,2,2,2,2,2,3,19,167, 203997.0667
Valery_Chkalov, 1904-02-02, 2,2,2,2,2,2,2,3,7,29,31, 6683.111111
Volkan_Demirel, 1981-10-27, 2,2,2,3,3,3,3,7,7,7,11, 60998.93548
