Ayumi_Hamasaki, 1978-10-02, 2443784, 2,2,2,7,17,17,151, 0, 0, 304254.439
Chris_O'Donnell, 1970-06-26, 2440764, 2,2,3,3,151,449, 0, 0, 182663.2941
Eddie_Fenech_Adami, 1934-02-07, 2427476, 2,2,151,4019, 0, 0, 8490.75
Engelbert_Dollfuss, 1892-10-04, 2412376, 2,2,2,151,1997, 0, 0, 26095
Fabricio_Coloccini, 1982-01-22, 2444992, 2,2,2,2,2,2,11,23,151, 0, 0, 47127.38235
Frank_Sherwood_Rowland, 1927-06-28, 2425060, 2,2,5,11,73,151, 0, 0, 7302.361111
Henry_Taube, 1915-11-30, 2420832, 2,2,2,2,2,3,151,167, 0, 0, 7692.909091
Humberto_de_Alencar_Castelo_Branco, 1897-09-20, 2414188, 2,2,7,151,571, 0, 0, 30509.75862
Husayn_ibn_Ali, 0626-01-08, 1949712, 2,2,2,2,3,151,269, 0, 0, 55551.02273
Jefferson_Davis, 1808-06-03, 2381572, 2,2,151,3943, 0, 0, 129713.6471
Jérôme_Boateng, 1988-09-03, 2447408, 2,2,2,2,151,1013, 0, 0, 111636.525
Kevin_Doyle, 1983-09-18, 2445596, 2,2,151,4049, 0, 0, 28845.57143
Michael_Ventris, 1922-07-12, 2423248, 2,2,2,2,17,59,151, 0, 0, 10444.65385
Sean_Hayes_(actor), 1970-06-26, 2440764, 2,2,3,3,151,449, 0, 0, 24498.78788
Željko_Ražnatović, 1952-04-17, 2434120, 2,2,2,5,13,31,151, 0, 0, 66580.33333
