Alexander_Prokhorov, 1916-07-11, 2421056, 2,2,2,2,2,2,11,19,181, 0, 0, 5875.130435
Andreas_Brehme, 1960-11-09, 2437248, 2,2,2,2,2,2,2,3,11,577, 0, 0, 29412.06061
Antonio_José_de_Sucre, 1795-02-03, 2376704, 2,2,2,2,2,2,2,2,2,2,11,211, 0, 0, 71808.4
Asaph_Hall, 1829-10-15, 2389376, 2,2,2,2,2,2,2,11,1697, 0, 0, 7932.114286
Erwin_Schrödinger, 1887-08-12, 2410496, 2,2,2,2,2,2,2,2,2,2,2,11,107, 0, 0, 95208.1413
Fabricio_Coloccini, 1982-01-22, 2444992, 2,2,2,2,2,2,11,23,151, 0, 0, 47127.38235
François_Tombalbaye, 1918-06-15, 2421760, 2,2,2,2,2,2,2,2,2,2,5,11,43, 0, 0, 6404.357143
Gough_Whitlam, 1916-07-11, 2421056, 2,2,2,2,2,2,11,19,181, 0, 0, 54667.77778
Kaley_Cuoco, 1985-11-30, 2446400, 2,2,2,2,2,2,5,5,11,139, 0, 0, 965585.4
Nicolas_Sarkozy, 1955-01-28, 2435136, 2,2,2,2,2,2,3,11,1153, 0, 0, 159108.96
Regina_Spektor, 1980-02-18, 2444288, 2,2,2,2,2,2,2,2,2,2,7,11,31, 0, 0, 235701.1071
Sarah_Vaughan, 1924-03-27, 2423872, 2,2,2,2,2,2,11,11,313, 0, 0, 71011.24138
Walther_Nernst, 1864-06-25, 2402048, 2,2,2,2,2,2,2,2,11,853, 0, 0, 11200.28261
