Aaron_Lennon, 1987-04-16, 2446902, 2,3,3,3,113,401, 0, 0, 54588.97826
Alexander_Stepanovich_Popov, 1859-03-16, 2400120, 2,2,2,3,3,5,59,113, 0, 0, 14746.34286
Andrei_Grechko, 1903-10-04, 2416392, 2,2,2,3,3,3,3,3,11,113, 0, 0, 8287.785714
Bengt_I._Samuelsson, 1934-05-21, 2427579, 3,3,7,11,31,113, 0, 0, 5437.37931
Blaise_Compaoré, 1951-02-03, 2433681, 3,3,113,2393, 0, 0, 17715.31818
David_James_(footballer), 1970-08-01, 2440800, 2,2,2,2,2,3,3,3,5,5,113, 0, 0, 22866.54286
Ernst_Kaltenbrunner, 1903-10-04, 2416392, 2,2,2,3,3,3,3,3,11,113, 0, 0, 65302.60976
Feliciano_López, 1981-09-20, 2444868, 2,2,3,3,113,601, 0, 0, 28042.96667
George_Abela, 1948-04-22, 2432664, 2,2,2,3,3,13,23,113, 0, 0, 10515.68966
Hans_von_Euler-Chelpin, 1873-02-15, 2405205, 3,3,5,11,43,113, 0, 0, 5790.078947
Ian_Somerhalder, 1978-12-08, 2443851, 3,3,3,3,3,89,113, 0, 0, 547220.2667
Marcia_Cross, 1962-03-25, 2437749, 3,3,3,17,47,113, 0, 0, 118584.0488
Paulo_Mendes_da_Rocha, 1928-10-25, 2425545, 3,3,3,3,5,53,113, 0, 0, 21050.73077
Peter_Naur, 1928-10-25, 2425545, 3,3,3,3,5,53,113, 0, 0, 8011.851852
Roger_Penrose, 1931-08-08, 2426562, 2,3,3,113,1193, 0, 0, 56025.41026
Vinnie_Jones, 1965-01-05, 2438766, 2,3,3,11,109,113, 0, 0, 277912.7037
