Abigail_Adams, 1744-11-22, 3,3,3,13,6719, 87977.11765
Anne_of_Brittany, 1477-01-25, 3,3,13,139,139, 34928
Arturo_Vidal, 1987-05-22, 2,3,3,13,10457, 93837.86842
Cyrus_Vance, 1917-03-27, 3,3,5,13,4139, 25358.10714
Daniel_Craig, 1968-03-02, 2,3,3,13,10427, 475705.1525
Jacopo_Peri, 1561-08-20, 3,3,5,13,3917, 12625.82353
Joel_Schumacher, 1939-08-29, 3,3,5,13,4153, 103374.1071
Jonathan_Demme, 1944-02-22, 3,3,11,13,1889, 45121.41176
Joseph_von_Fraunhofer, 1787-03-06, 3,3,3,13,6763, 13484.35714
Le_Corbusier, 1887-10-06, 3,3,11,13,1873, 125251.9813
Maria_Kirilenko, 1987-01-25, 3,3,3,13,6971, 55990.36842
Mehmed_V, 1844-11-02, 3,3,3,13,6823, 25320.1087
Novak_Djokovic, 1987-05-22, 2,3,3,13,10457, 140834.0648
Obafemi_Martins, 1984-10-28, 2,3,3,13,10453, 109433.2813
Peter_Higgs, 1929-05-29, 3,3,3,13,6911, 48587.02564
Pope_Gregory_XVI, 1765-09-18, 2,3,3,13,10111, 22419.48333
Raymond_Queneau, 1903-02-21, 3,3,13,107,193, 45005.72727
Robert_Andrews_Millikan, 1868-03-22, 2,3,3,13,10271, 27262.53571
Sakis_Rouvas, 1972-01-05, 2,3,3,13,10433, 30572.25581
Samuel_Sánchez, 1978-02-05, 3,3,5,13,4177, 22109.38462
