Abdullah_II_of_Jordan, 1962-01-30, 2437695, 3,3,3,3,5,13,463, 0, 0, 78509.71429
Amos_Oz, 1939-05-04, 2429388, 2,2,3,3,13,29,179, 0, 0, 38301.2973
Andrea_Pirlo, 1979-05-19, 2444013, 3,3,3,3,11,13,211, 0, 0, 186067.6842
Diego_Forlán, 1979-05-19, 2444013, 3,3,3,3,11,13,211, 0, 0, 198126.9259
F._Scott_Fitzgerald, 1896-09-24, 2413827, 3,3,3,13,13,23,23, 0, 0, 213149.0508
Georges_Bataille, 1897-09-10, 2414178, 2,3,3,3,13,19,181, 0, 0, 63328
John_Petrucci, 1967-07-12, 2439684, 2,2,3,3,13,13,401, 0, 0, 128044.9688
Justin_Long, 1978-06-02, 2443662, 2,3,3,3,13,59,59, 0, 0, 350527.7037
Kristen_Stewart, 1990-04-09, 2447991, 3,3,7,7,7,13,61, 0, 0, 955837.0345
Muqtada_al-Sadr, 1973-08-12, 2441907, 3,3,3,3,3,13,773, 0, 0, 37263.76471
Oliver_Stone, 1946-09-15, 2432079, 3,3,3,13,13,13,41, 0, 0, 182876.0889
Taylor_Swift, 1989-12-13, 2447874, 2,3,3,3,11,13,317, 0, 0, 863062.3971
Tommy_Lee_Jones, 1946-09-15, 2432079, 3,3,3,13,13,13,41, 0, 0, 267926.04
Yi_So-yeon, 1978-06-02, 2443662, 2,3,3,3,13,59,59, 0, 0, 7731.333333
