Carl_Sagan, 1934-11-09, 2,3,3,5,5,5,13,83, 199644.4286
Carlos_I_of_Portugal, 1863-09-28, 2,2,2,2,3,3,13,1283, 26696.03226
Frank_Sherwood_Rowland, 1927-06-28, 3,3,3,3,7,7,13,47, 7302.361111
Golda_Meir, 1898-05-03, 2,2,3,3,7,11,13,67, 72860.85507
Greer_Garson, 1904-09-29, 2,2,2,2,3,3,13,1291, 45759.12121
Hilary_Swank, 1974-07-30, 2,3,3,3,7,7,13,71, 193626.4407
Ingvar_Carlsson, 1934-11-09, 2,3,3,5,5,5,13,83, 12162.53333
Nikolai_Ostrovsky, 1904-09-29, 2,2,2,2,3,3,13,1291, 7807.366667
Warwick_Davis, 1970-02-03, 2,2,3,3,5,7,13,149, 175679.5758
Wilhelm_Frick, 1877-03-12, 2,3,3,5,11,11,13,17, 40086.48649
William_Dampier, 1651-09-05, 2,3,3,3,7,11,13,43, 22712.93939
