Alfred_Hitchcock, 1899-08-13, 2414880, 2,2,2,2,2,3,3,3,5,13,43, 0, 0, 232167.01
Andrea_Pirlo, 1979-05-19, 2444013, 3,3,3,3,11,13,211, 0, 0, 186067.6842
Daniel_Craig, 1968-03-02, 2439918, 2,3,3,13,10427, 0, 0, 475705.1525
Diego_Forlán, 1979-05-19, 2444013, 3,3,3,3,11,13,211, 0, 0, 198126.9259
Eazy-E, 1963-09-07, 2438280, 2,2,2,3,3,5,13,521, 0, 0, 402529.2258
F._Scott_Fitzgerald, 1896-09-24, 2413827, 3,3,3,13,13,23,23, 0, 0, 213149.0508
Geoffrey_Rush, 1951-07-06, 2433834, 2,3,3,3,13,3467, 0, 0, 154197.36
Hayley_Williams, 1988-12-27, 2447523, 3,3,3,13,19,367, 0, 0, 459394.0833
Jerry_Lewis, 1926-03-16, 2424591, 3,3,13,17,23,53, 0, 0, 300946.4138
John_Petrucci, 1967-07-12, 2439684, 2,2,3,3,13,13,401, 0, 0, 128044.9688
Josh_Radnor, 1974-07-29, 2442258, 2,3,3,3,7,7,13,71, 0, 0, 339447.7097
Justin_Long, 1978-06-02, 2443662, 2,3,3,3,13,59,59, 0, 0, 350527.7037
Kristen_Stewart, 1990-04-09, 2447991, 3,3,7,7,7,13,61, 0, 0, 955837.0345
Le_Corbusier, 1887-10-06, 2410551, 3,3,11,13,1873, 0, 0, 125251.9813
Mark_David_Chapman, 1955-05-10, 2435238, 2,3,3,3,13,3469, 0, 0, 306672.8684
Morgan_Freeman, 1937-06-01, 2428686, 2,3,3,13,97,107, 0, 0, 432477.0909
Novak_Djokovic, 1987-05-22, 2446938, 2,3,3,13,10457, 0, 0, 140834.0648
Oliver_Stone, 1946-09-15, 2432079, 3,3,3,13,13,13,41, 0, 0, 182876.0889
Olivier_Giroud, 1986-09-30, 2446704, 2,2,2,2,3,3,13,1307, 0, 0, 124776.1818
Taylor_Swift, 1989-12-13, 2447874, 2,3,3,3,11,13,317, 0, 0, 863062.3971
Tommy_Lee_Jones, 1946-09-15, 2432079, 3,3,3,13,13,13,41, 0, 0, 267926.04
