Anna_Nicole_Smith, 1967-11-28, 2439823, 17,143519, 0, 0, 283367.4318
Anne_Heche, 1969-05-25, 2440367, 17,143551, 0, 0, 245740.7586
Christoph_Metzelder, 1980-11-05, 2444549, 17,143797, 0, 0, 59524.94595
Elizabeth_Mitchell, 1970-03-27, 2440673, 17,143569, 0, 0, 157560.4
Friedrich_Ebert, 1871-02-04, 2404463, 17,141439, 0, 0, 51312.95122
Giulio_Andreotti, 1919-01-14, 2421973, 17,142469, 0, 0, 101507.1282
Howard_Carter, 1874-05-09, 2405653, 17,141509, 0, 0, 127892.6981
James_Blunt, 1974-02-22, 2442101, 17,143653, 0, 0, 174630.6
Jeremy_Bentham, 1748-02-15, 2359549, 17,138797, 0, 0, 129539.2157
Kurt_von_Schleicher, 1882-04-07, 2408543, 17,141679, 0, 0, 39503.5641
Lata_Mangeshkar, 1929-09-28, 2425883, 17,142699, 0, 0, 130628.8387
Liv_Ullmann, 1938-12-16, 2429249, 17,142897, 0, 0, 41712.82051
Marcel_Duchamp, 1887-07-28, 2410481, 17,141793, 0, 0, 172511.62
Mariah_Carey, 1970-03-27, 2440673, 17,143569, 0, 0, 498632.6438
Philippe_Mexès, 1982-03-30, 2445059, 17,143827, 0, 0, 72670.83784
Ralph_Fiennes, 1962-12-22, 2438021, 17,143413, 0, 0, 461792.0465
Vittorio_Gassman, 1922-09-01, 2423299, 17,142547, 0, 0, 72359.71429
William_Holden, 1918-04-17, 2421701, 17,142453, 0, 0, 101021.5238
Yul_Brynner, 1920-07-11, 2422517, 17,142501, 0, 0, 138899.1
Zach_Braff, 1975-04-06, 2442509, 17,143677, 0, 0, 339209.4848
Édith_Piaf, 1915-12-19, 2420851, 17,142403, 0, 0, 193148.4945
