%22Weird_Al%22_Yankovic, 1959-10-23, 2436865, 5,17,28669, 0, 0, 236841.7714
Ashley_Tisdale, 1985-07-02, 2446249, 13,17,11069, 0, 0, 490825.7273
Bob_Marley, 1945-02-06, 2431493, 17,281,509, 0, 0, 665908.1319
Charlie_Sheen, 1965-09-03, 2439007, 17,53,2707, 0, 0, 871800.1765
David_Spade, 1964-07-22, 2438599, 17,67,2141, 0, 0, 220347.8148
Dominic_Monaghan, 1976-12-08, 2443121, 17,137,1049, 0, 0, 192810.7209
Faith_Hill, 1967-09-21, 2439755, 5,17,28703, 0, 0, 198505.8846
Helen_Mirren, 1945-07-26, 2431663, 13,17,11003, 0, 0, 199471.4043
James_Earl_Jones, 1931-01-17, 2426359, 13,17,10979, 0, 0, 214952.8889
John_Leguizamo, 1964-07-22, 2438599, 17,67,2141, 0, 0, 209150.8214
Kevin-Prince_Boateng, 1987-03-06, 2446861, 17,31,4643, 0, 0, 236796.4878
Kirk_Hammett, 1962-11-18, 2437987, 17,61,2351, 0, 0, 200517.1556
Laurence_Fishburne, 1961-07-30, 2437511, 17,127,1129, 0, 0, 266574.2105
Linda_Hamilton, 1956-09-26, 2435743, 17,19,7541, 0, 0, 199166.2059
Mary_Steenburgen, 1953-02-08, 2434417, 17,89,1609, 0, 0, 165386.2069
Pete_Townshend, 1945-05-19, 2431595, 5,17,28607, 0, 0, 232924.8
Robert_Redford, 1936-08-18, 2428399, 17,211,677, 0, 0, 254917.3725
Rose_McGowan, 1973-09-05, 2441931, 3,17,47881, 0, 0, 349163.0909
Sam_Raimi, 1959-10-23, 2436865, 5,17,28669, 0, 0, 203997.0667
Steven_Spielberg, 1946-12-18, 2432173, 17,79,1811, 0, 0, 301448.7732
Timbaland, 1972-03-10, 2441387, 13,17,11047, 0, 0, 294917.7045
