Ada_Lovelace, 1815-12-10, 2,17,23,3049, 216760.9672
Anthony_Kiedis, 1962-11-01, 2,5,17,14341, 317967.6857
Bernie_Mac, 1957-10-05, 3,17,37,1291, 354973.9333
Christopher_Reeve, 1952-09-25, 3,17,59,809, 267999.4783
Derrick_Rose, 1988-10-04, 3,17,37,1297, 278586.3429
Elizabeth_Hurley, 1965-06-10, 2,3,17,23911, 234033.9143
Eric_Bana, 1968-08-09, 2,17,43,1669, 253200.7857
George_Clooney, 1961-05-06, 2,17,17,4217, 486602.5556
Gregor_Mendel, 1822-07-20, 2,2,17,35099, 255884.8987
Jane_Austen, 1775-12-16, 3,5,17,9293, 273167.0714
Javier_Bardem, 1969-03-01, 2,13,17,5521, 308785.3462
Jennifer_Lawrence, 1990-08-15, 17,17,43,197, 834723.4762
Jesse_McCartney, 1987-04-09, 5,11,17,2617, 401128.9211
Lee_Harvey_Oswald, 1939-10-18, 5,17,101,283, 273467.78
Leonard_Cohen, 1934-09-21, 2,3,17,23801, 225222.2857
Leonard_Nimoy, 1931-03-26, 3,3,17,15859, 358644.5455
Method_Man, 1971-03-02, 3,17,23,2081, 269969.8929
Milla_Jovovich, 1975-12-17, 2,2,17,35923, 452585.5
Robert_Englund, 1947-06-06, 3,17,37,1289, 203189.3846
Serge_Gainsbourg, 1928-04-02, 7,17,89,229, 307667.5
Tera_Patrick, 1976-07-25, 5,17,41,701, 372297.8485
