Bruce_Dickinson, 1958-08-07, 3,11,17,43,101, 211911.225
Cindy_Crawford, 1966-02-20, 3,13,13,17,283, 197012.7895
Donald_Trump, 1946-06-14, 2,3,17,113,211, 355265.5577
Edgar_Allan_Poe, 1809-01-19, 2,3,17,19,1229, 340889
J._K._Rowling, 1965-07-31, 3,3,17,19,839, 244277.2527
Jamie_Bell, 1986-03-14, 2,2,2,17,17989, 277332.3103
Janet_Jackson, 1966-05-16, 2,7,17,37,277, 331152.5306
John_Cena, 1977-04-23, 3,3,3,17,5323, 919637.4151
Kal_Penn, 1977-04-23, 3,3,3,17,5323, 314000.3438
Kareem_Abdul-Jabbar, 1947-04-16, 2,2,3,17,11923, 260464.2045
Lucas_Grabeel, 1984-11-23, 2,2,13,17,2767, 176727.7037
Michelle_Obama, 1964-01-17, 2,2,3,17,11953, 219444.7808
Mick_Jagger, 1943-07-26, 2,2,7,17,5107, 386252.1552
Miranda_Cosgrove, 1993-05-14, 2,3,13,17,1847, 728958.5946
Nastassja_Kinski, 1961-01-24, 2,2,17,73,491, 174716.3333
Pharrell_Williams, 1973-04-05, 2,3,17,37,647, 490308.9231
Raquel_Welch, 1940-09-05, 2,11,17,73,89, 252577
Robert_E._Lee, 1807-01-19, 7,11,17,17,107, 206202.2453
Rock_Hudson, 1925-11-17, 2,2,2,17,17827, 178601.0465
Rowan_Atkinson, 1955-01-06, 2,11,17,17,383, 305651.8824
Seth_MacFarlane, 1973-10-26, 2,3,17,89,269, 438789.8261
