Alberto_Gilardino, 1982-07-05, 2445156, 2,2,3,3,7,31,313, 0, 0, 71737.77778
Antonio_Machado, 1875-07-26, 2406096, 2,2,2,2,3,3,7,7,11,31, 0, 0, 140250.9032
Billie_Jean_King, 1943-11-22, 2431051, 7,17,31,659, 0, 0, 84511.23529
Carl_Jung, 1875-07-26, 2406096, 2,2,2,2,3,3,7,7,11,31, 0, 0, 224846.8472
Carole_King, 1942-02-09, 2430400, 2,2,2,2,2,2,5,5,7,7,31, 0, 0, 184115.7037
Eric_Saade, 1990-10-29, 2448194, 2,7,31,5641, 0, 0, 73252.54545
George_Gershwin, 1898-09-26, 2414559, 3,7,31,3709, 0, 0, 101560.5424
Giacomo_Casanova, 1725-04-02, 2351195, 5,7,11,31,197, 0, 0, 139034.7541
Hayden_Panettiere, 1989-08-21, 2447760, 2,2,2,2,3,5,7,31,47, 0, 0, 537846.0213
Henry_III_of_England, 1207-10-01, 2162188, 2,2,7,31,47,53, 0, 0, 60239.63462
James_Gandolfini, 1961-09-18, 2437561, 7,31,47,239, 0, 0, 284564.9655
Jessica_Tandy, 1909-06-07, 2418465, 3,5,7,31,743, 0, 0, 78985.57143
Lúcio, 1978-05-08, 2443637, 7,31,11261, 0, 0, 80839.4878
Manuel_Castells, 1942-02-09, 2430400, 2,2,2,2,2,2,5,5,7,7,31, 0, 0, 58047.26923
Paul_Verhoeven, 1938-07-18, 2429098, 2,7,29,31,193, 0, 0, 62155.75
Regina_Spektor, 1980-02-18, 2444288, 2,2,2,2,2,2,2,2,2,2,7,11,31, 0, 0, 235701.1071
Richard_Clayderman, 1953-12-28, 2434740, 2,2,3,5,7,11,17,31, 0, 0, 82192.22581
Steve_McQueen, 1930-03-24, 2426060, 2,2,5,7,13,31,43, 0, 0, 281928.4259
Tom_Selleck, 1945-01-29, 2431485, 3,3,3,5,7,31,83, 0, 0, 277634.5278
Vera_Farmiga, 1973-08-06, 2441901, 3,7,11,11,31,31, 0, 0, 297918.2069
Václav_Havel, 1936-10-05, 2428447, 7,19,19,31,31, 0, 0, 53379.43373
