Alfred_Adler, 1870-02-07, 2404101, 3,7,239,479, 0, 0, 72155.71154
Armin_Mueller-Stahl, 1930-12-17, 2426328, 2,2,2,3,3,3,47,239, 0, 0, 57167.86667
Bo_Diddley, 1928-12-30, 2425611, 3,17,199,239, 0, 0, 104926.1613
Corry_Brokken, 1932-12-03, 2427045, 3,5,239,677, 0, 0, 9504.7
Giulietta_Masina, 1921-02-22, 2422743, 3,31,109,239, 0, 0, 33616.58065
Jacqueline_Bisset, 1944-09-13, 2431347, 3,239,3391, 0, 0, 119967.6333
Jean-Bédel_Bokassa, 1921-02-22, 2422743, 3,31,109,239, 0, 0, 35417.84615
Justus_von_Liebig, 1803-05-12, 2379723, 3,239,3319, 0, 0, 29035.06818
Paul_Newman, 1925-01-26, 2424177, 3,3,7,7,23,239, 0, 0, 242660.0278
Pierre_Puvis_de_Chavannes, 1824-12-14, 2387610, 2,3,3,3,5,37,239, 0, 0, 22861.03846
Sydney_Brenner, 1927-01-13, 2424894, 2,3,19,89,239, 0, 0, 16243.57576
Walter_Raleigh, 1552-01-22, 2287947, 3,239,3191, 0, 0, 117082.4146
