Fernando_Redondo, 1969-06-06, 2440379, 19,29,43,103, 0, 0, 66522.92857
Hakan_Şükür, 1971-09-01, 2441196, 2,2,3,3,19,43,83, 0, 0, 80262.68421
Megawati_Sukarnoputri, 1947-01-23, 2432209, 13,19,43,229, 0, 0, 25827.88235
Peter_Facinelli, 1973-11-26, 2442013, 7,7,19,43,61, 0, 0, 332463.3846
Ricardo_Carvalho, 1978-05-18, 2443647, 3,19,43,997, 0, 0, 82627.09804
Sara_Errani, 1987-04-29, 2446915, 5,19,43,599, 0, 0, 46350.06897
Toni_Sailer, 1935-11-17, 2428124, 2,2,19,43,743, 0, 0, 17620.28571
Tony_Shalhoub, 1953-10-09, 2434660, 2,2,5,19,43,149, 0, 0, 152837.3636
William_Bligh, 1754-09-09, 2361947, 7,7,19,43,59, 0, 0, 56939.41379
Éric_Rohmer, 1920-03-21, 2422405, 5,19,43,593, 0, 0, 45771.67647
