Alfonso_XIII_of_Spain, 1886-05-17, 2410044, 2,2,3,7,13,2207, 0, 0, 60057.09434
Betty_Ford, 1918-04-08, 2421692, 2,2,7,13,6653, 0, 0, 73046.66667
Caster_Semenya, 1991-01-07, 2448264, 2,2,2,3,7,13,19,59, 0, 0, 113576.6071
Eden_Hazard, 1991-01-07, 2448264, 2,2,2,3,7,13,19,59, 0, 0, 240831.7568
John_Cale, 1942-03-09, 2430428, 2,2,7,11,13,607, 0, 0, 71608.2973
John_McEnroe, 1959-02-16, 2436616, 2,2,2,7,13,3347, 0, 0, 149544.7872
Kelsey_Grammer, 1955-02-21, 2435160, 2,2,2,3,5,7,13,223, 0, 0, 302374.5172
Kim_Il-sung, 1912-04-15, 2419508, 2,2,7,13,17,17,23, 0, 0, 146347.3289
Kiri_Te_Kanawa, 1944-03-06, 2431156, 2,2,7,13,6679, 0, 0, 48354.78571
Kurt_Student, 1890-05-12, 2411500, 2,2,5,5,5,7,13,53, 0, 0, 26591.83333
Lynn_Redgrave, 1943-03-08, 2430792, 2,2,2,3,3,7,7,13,53, 0, 0, 75009.74074
Marcus_Grönholm, 1968-02-05, 2439892, 2,2,7,13,6703, 0, 0, 22016.48276
Marita_Koch, 1957-02-18, 2435888, 2,2,2,2,7,7,13,239, 0, 0, 24286.14286
Michael_C._Hall, 1971-02-01, 2440984, 2,2,2,7,7,13,479, 0, 0, 383879.4571
Nina_Dobrev, 1989-01-09, 2447536, 2,2,2,2,7,13,41,41, 0, 0, 473772.2889
Rudolph_Valentino, 1895-05-06, 2413320, 2,2,2,3,5,7,13,13,17, 0, 0, 103537.025
Salvatore_Sirigu, 1987-01-12, 2446808, 2,2,2,7,13,3361, 0, 0, 56158.51852
Sigismund,_Holy_Roman_Emperor, 1368-02-14, 2220764, 2,2,7,13,6101, 0, 0, 20487.3913
Stephan_Lichtsteiner, 1984-01-16, 2445716, 2,2,7,13,6719, 0, 0, 45860.03226
Steve_McQueen, 1930-03-24, 2426060, 2,2,5,7,13,31,43, 0, 0, 281928.4259
Zita_of_Bourbon-Parma, 1892-05-09, 2412228, 2,2,3,7,13,47,47, 0, 0, 53554.73333
