Charles_XIV_John_of_Sweden, 1763-01-26, 2365008, 2,2,2,2,3,29,1699, 0, 0, 37049.72
David_Letterman, 1947-04-12, 2432288, 2,2,2,2,2,29,2621, 0, 0, 211728.0909
Feodor_III_of_Russia, 1661-06-09, 2327888, 2,2,2,2,29,29,173, 0, 0, 24731.42857
Hassan_Gouled_Aptidon, 1916-10-15, 2421152, 2,2,2,2,2,29,2609, 0, 0, 4567.642857
Hope_Solo, 1981-07-30, 2444816, 2,2,2,2,11,29,479, 0, 0, 231283.8889
Janez_Janša, 1958-09-17, 2436464, 2,2,2,2,29,59,89, 0, 0, 15745.19512
John_Paul_Jones_(musician), 1946-01-03, 2431824, 2,2,2,2,3,29,1747, 0, 0, 36810.38462
Pope_Marcellus_II, 1501-05-06, 2269424, 2,2,2,2,29,67,73, 0, 0, 15124.80392
Tom_Clancy, 1947-04-12, 2432288, 2,2,2,2,2,29,2621, 0, 0, 245108.6667
Zbigniew_Boniek, 1956-03-03, 2435536, 2,2,2,2,29,29,181, 0, 0, 57992.84848
