Armin_Mueller-Stahl, 1930-12-17, 2426328, 2,2,2,3,3,3,47,239, 0, 0, 57167.86667
Babur, 1483-02-14, 2262768, 2,2,2,2,3,17,47,59, 0, 0, 58929.57407
Christian_X_of_Denmark, 1870-09-26, 2404332, 2,2,3,3,7,7,29,47, 0, 0, 30199.13514
Gabriela_Mistral, 1889-04-07, 2411100, 2,2,3,3,3,5,5,19,47, 0, 0, 77513.51613
Hayden_Panettiere, 1989-08-21, 2447760, 2,2,2,2,3,5,7,31,47, 0, 0, 537846.0213
Jesse_Jackson, 1941-10-08, 2430276, 2,2,3,31,47,139, 0, 0, 191652.3704
Marcelo_H._del_Pilar, 1850-08-30, 2397000, 2,2,2,3,5,5,5,17,47, 0, 0, 40049.92593
Matthew_Morrison, 1978-10-30, 2443812, 2,2,3,7,47,619, 0, 0, 289266.9286
Sarah_Michelle_Gellar, 1977-04-14, 2443248, 2,2,2,2,3,3,19,19,47, 0, 0, 424751
Sun_Myung_Moon, 1920-02-25, 2422380, 2,2,3,5,47,859, 0, 0, 110619.1071
Zita_of_Bourbon-Parma, 1892-05-09, 2412228, 2,2,3,7,13,47,47, 0, 0, 53554.73333
