Alexis_Bledel, 1981-09-16, 2444864, 2,2,2,2,2,2,38201, 0, 0, 342523.8108
Arthur_Compton, 1892-09-10, 2412352, 2,2,2,2,2,2,37693, 0, 0, 9765.101695
Báb, 1819-10-20, 2385728, 2,2,2,2,2,2,37277, 0, 0, 25024.45833
Dennis_Rommedahl, 1978-07-22, 2443712, 2,2,2,2,2,2,38183, 0, 0, 31913.1875
George_Santayana, 1863-12-16, 2401856, 2,2,2,2,2,2,37529, 0, 0, 56821.96875
Geri_Halliwell, 1972-08-06, 2441536, 2,2,2,2,2,2,38149, 0, 0, 198251.4706
Jan_Neruda, 1834-07-09, 2391104, 2,2,2,2,2,2,37361, 0, 0, 25582.58065
John_Steinbeck, 1902-02-27, 2415808, 2,2,2,2,2,2,37747, 0, 0, 129845.1282
Lúcio_Costa, 1902-02-27, 2415808, 2,2,2,2,2,2,37747, 0, 0, 17867.88889
Maurice_Sendak, 1928-06-10, 2425408, 2,2,2,2,2,2,37897, 0, 0, 245024.2333
Nadine_Gordimer, 1923-11-20, 2423744, 2,2,2,2,2,2,37871, 0, 0, 22230.50769
Roberto_Bolaño, 1953-04-28, 2434496, 2,2,2,2,2,2,38039, 0, 0, 76012.37037
Ryan_Babel, 1986-12-19, 2446784, 2,2,2,2,2,2,38231, 0, 0, 74379.93023
Simon_Marius, 1573-01-20, 2295616, 2,2,2,2,2,2,35869, 0, 0, 7038.225806
Vilfredo_Pareto, 1848-07-15, 2396224, 2,2,2,2,2,2,37441, 0, 0, 45544
