Alex_Haley, 1921-08-11, 2,2,2,2,2,2,2,23,823, 74384.37931
Alexei_Nikolaevich,_Tsarevich_of_Russia, 1904-08-12, 2,2,2,2,2,2,3,41,307, 43259.46667
Anwar_Sadat, 1918-12-25, 2,2,2,2,2,2,13,41,71, 77460.31507
Barry_Gibb, 1946-09-01, 2,2,2,2,2,2,3,53,239, 214836.1111
Charles_Barkley, 1963-02-20, 2,2,2,2,2,2,5,19,401, 210539.0256
Christina_Applegate, 1971-11-25, 2,2,2,2,2,2,3,5,2543, 311067.8049
Emily_Brontë, 1818-07-30, 2,2,2,2,2,2,2,5,3727, 74010.29032
George_S._Patton, 1885-11-11, 2,2,2,2,2,2,2,67,281, 238839.6667
Julian_McMahon, 1968-07-27, 2,2,2,2,2,2,2,11,1733, 187108.8148
Julie_Delpy, 1969-12-21, 2,2,2,2,2,2,2,23,829, 123955.9286
Maria_Kaczyńska, 1942-08-21, 2,2,2,2,2,2,2,17,1117, 51010.85714
Miguel_Indurain, 1964-07-16, 2,2,2,2,2,2,3,13,977, 66766.91892
Otto_von_Bismarck, 1815-04-01, 2,2,2,2,2,2,3,3,4139, 143378.8148
Pope_Leo_XIII, 1810-03-02, 2,2,2,2,2,2,2,37,503, 48281.62687
Richard_Nixon, 1913-01-09, 2,2,2,2,2,2,3,3,4201, 265293.4078
Robert_Pirès, 1973-10-29, 2,2,2,2,2,2,2,2,9539, 72993.38462
Roh_Moo-hyun, 1946-09-01, 2,2,2,2,2,2,3,53,239, 56196.91228
Samuel_Colt, 1814-07-19, 2,2,2,2,2,2,7,17,313, 59702.09091
Timo_Hildebrand, 1979-04-05, 2,2,2,2,2,2,3,3,4243, 49730
Wallace_Shawn, 1943-11-12, 2,2,2,2,2,2,5,71,107, 91787.85185
William_Moseley_(actor), 1987-04-27, 2,2,2,2,2,2,13,17,173, 78528.55172
