Adolphe_Quetelet, 1796-02-22, 2377088, 2,2,2,2,2,2,2,7,7,379, 0, 0, 16563.75
Andreas_Brehme, 1960-11-09, 2437248, 2,2,2,2,2,2,2,3,11,577, 0, 0, 29412.06061
Arthur_Evans, 1851-07-08, 2397312, 2,2,2,2,2,2,2,3,3,2081, 0, 0, 17376.8
Brooke_Shields, 1965-05-31, 2438912, 2,2,2,2,2,2,2,2,7,1361, 0, 0, 360427.55
François_Bayrou, 1951-05-25, 2433792, 2,2,2,2,2,2,2,2,3,3169, 0, 0, 36110.8125
Gemma_Arterton, 1986-02-02, 2446464, 2,2,2,2,2,2,2,3,23,277, 0, 0, 481014.3103
Hank_Williams, 1923-09-17, 2423680, 2,2,2,2,2,2,2,5,7,541, 0, 0, 151554.9412
Henri_Cartier-Bresson, 1908-08-22, 2418176, 2,2,2,2,2,2,2,2,2,4723, 0, 0, 111299.75
Jacques_Santer, 1937-05-18, 2428672, 2,2,2,2,2,2,2,2,53,179, 0, 0, 11366.76667
Jean_Nouvel, 1945-08-12, 2431680, 2,2,2,2,2,2,3,5,17,149, 0, 0, 55852.30556
Juhi_Chawla, 1967-11-13, 2439808, 2,2,2,2,2,2,2,7,7,389, 0, 0, 128468
Kaley_Cuoco, 1985-11-30, 2446400, 2,2,2,2,2,2,5,5,11,139, 0, 0, 965585.4
Kirsan_Ilyumzhinov, 1962-04-05, 2437760, 2,2,2,2,2,2,2,5,13,293, 0, 0, 13785.39286
Massimo_Oddo, 1976-06-14, 2442944, 2,2,2,2,2,2,7,7,19,41, 0, 0, 42181.78378
Otho, 0032-04-28, 1732864, 2,2,2,2,2,2,2,2,7,967, 0, 0, 24841.875
Pascal_Zuberbühler, 1971-01-08, 2440960, 2,2,2,2,2,2,2,2,5,1907, 0, 0, 14411.84615
Percival_Lowell, 1855-03-13, 2398656, 2,2,2,2,2,2,3,13,31,31, 0, 0, 19600
Raúl_Castro, 1931-06-03, 2426496, 2,2,2,2,2,2,2,3,71,89, 0, 0, 66641.33824
Steve_Zahn, 1967-11-13, 2439808, 2,2,2,2,2,2,2,7,7,389, 0, 0, 131170.8966
Walther_Nernst, 1864-06-25, 2402048, 2,2,2,2,2,2,2,2,11,853, 0, 0, 11200.28261
Wyclef_Jean, 1969-10-17, 2440512, 2,2,2,2,2,2,3,3,19,223, 0, 0, 163833.3056
