Alexis_Bledel, 1981-09-16, 2444864, 2,2,2,2,2,2,38201, 0, 0, 342523.8108
Ashley_Greene, 1987-02-21, 2446848, 2,2,2,2,2,2,2,2,2,3,3,3,3,59, 0, 0, 445138.6857
Brooke_Shields, 1965-05-31, 2438912, 2,2,2,2,2,2,2,2,7,1361, 0, 0, 360427.55
Ellen_Page, 1987-02-21, 2446848, 2,2,2,2,2,2,2,2,2,3,3,3,3,59, 0, 0, 452879.2553
Eva_Mendes, 1974-03-05, 2442112, 2,2,2,2,2,2,2,19079, 0, 0, 381499.8511
Gemma_Arterton, 1986-02-02, 2446464, 2,2,2,2,2,2,2,3,23,277, 0, 0, 481014.3103
Heath_Ledger, 1979-04-04, 2443968, 2,2,2,2,2,2,3,3,4243, 0, 0, 730116.7671
Heather_Locklear, 1961-09-25, 2437568, 2,2,2,2,2,2,7,5441, 0, 0, 283616.4138
Inna, 1986-10-16, 2446720, 2,2,2,2,2,2,2,5,3823, 0, 0, 231981.7692
James_Garner, 1928-04-07, 2425344, 2,2,2,2,2,2,2,2,2,3,1579, 0, 0, 223019.2414
Kaley_Cuoco, 1985-11-30, 2446400, 2,2,2,2,2,2,5,5,11,139, 0, 0, 965585.4
Lionel_Richie, 1949-06-20, 2433088, 2,2,2,2,2,2,7,5431, 0, 0, 222790.4146
Maurice_Sendak, 1928-06-10, 2425408, 2,2,2,2,2,2,37897, 0, 0, 245024.2333
Naomi_Watts, 1968-09-28, 2440128, 2,2,2,2,2,2,3,71,179, 0, 0, 273029.2407
Nicki_Minaj, 1982-12-08, 2445312, 2,2,2,2,2,2,2,2,2,2,2,2,3,199, 0, 0, 1115701.245
Patrick_Stewart, 1940-07-13, 2429824, 2,2,2,2,2,2,2,41,463, 0, 0, 284151.381
Regina_Spektor, 1980-02-18, 2444288, 2,2,2,2,2,2,2,2,2,2,7,11,31, 0, 0, 235701.1071
Roald_Dahl, 1916-09-13, 2421120, 2,2,2,2,2,2,2,3,5,13,97, 0, 0, 261161.2745
Talia_Shire, 1946-04-25, 2431936, 2,2,2,2,2,2,13,37,79, 0, 0, 208893.3571
Vitali_Klitschko, 1971-07-19, 2441152, 2,2,2,2,2,2,7,5449, 0, 0, 446598.2759
Woody_Harrelson, 1961-07-23, 2437504, 2,2,2,2,2,2,2,137,139, 0, 0, 333259.2432
