Carlo_Goldoni, 1707-02-25, 2344584, 2,2,2,3,11,83,107, 0, 0, 39076.36538
Dashiell_Hammett, 1894-05-27, 2412976, 2,2,2,2,23,79,83, 0, 0, 47524.66667
Eljero_Elia, 1987-02-13, 2446840, 2,2,2,5,11,67,83, 0, 0, 67714.44444
Emile_Heskey, 1978-01-11, 2443520, 2,2,2,2,2,2,2,2,5,23,83, 0, 0, 102361.275
François_Quesnay, 1694-06-04, 2339936, 2,2,2,2,2,83,881, 0, 0, 36391.45455
Hafez_al-Assad, 1930-10-06, 2426256, 2,2,2,2,3,3,7,29,83, 0, 0, 75907.44444
Isabella_II_of_Spain, 1830-10-10, 2389736, 2,2,2,59,61,83, 0, 0, 71567.27907
John_Searle, 1932-07-31, 2426920, 2,2,2,5,17,43,83, 0, 0, 54174.17857
Klaus_von_Klitzing, 1943-06-28, 2430904, 2,2,2,7,83,523, 0, 0, 9541.857143
Kurt_Angle, 1968-12-09, 2440200, 2,2,2,3,5,5,7,7,83, 0, 0, 324973.8889
Lamar_Odom, 1979-11-06, 2444184, 2,2,2,3,3,83,409, 0, 0, 363214.0357
Louis-Ferdinand_Céline, 1894-05-27, 2412976, 2,2,2,2,23,79,83, 0, 0, 61775.26923
Mark_Rutte, 1967-02-14, 2439536, 2,2,2,2,11,83,167, 0, 0, 26230.07018
Patrick_Pearse, 1879-11-10, 2407664, 2,2,2,2,7,7,37,83, 0, 0, 22122.53333
Yegor_Gaidar, 1956-03-19, 2435552, 2,2,2,2,2,7,83,131, 0, 0, 12491.20513
