Alfred_Hitchcock, 1899-08-13, 2414880, 2,2,2,2,2,3,3,3,5,13,43, 0, 0, 232167.01
Amedeo_Avogadro, 1776-08-09, 2369952, 2,2,2,2,2,3,3,3,13,211, 0, 0, 35850.27941
Ashley_Greene, 1987-02-21, 2446848, 2,2,2,2,2,2,2,2,2,3,3,3,3,59, 0, 0, 445138.6857
David_James_(footballer), 1970-08-01, 2440800, 2,2,2,2,2,3,3,3,5,5,113, 0, 0, 22866.54286
Ellen_Page, 1987-02-21, 2446848, 2,2,2,2,2,2,2,2,2,3,3,3,3,59, 0, 0, 452879.2553
Giovanni_Battista_Tiepolo, 1696-03-05, 2340576, 2,2,2,2,2,3,3,3,3,3,7,43, 0, 0, 29500.7381
Jasper_Johns, 1930-05-15, 2426112, 2,2,2,2,2,2,2,2,3,3,3,3,3,3,13, 0, 0, 114247.1538
José_Carreras, 1946-12-05, 2432160, 2,2,2,2,2,3,3,3,5,563, 0, 0, 49192.69767
Scatman_John, 1942-03-13, 2430432, 2,2,2,2,2,3,3,3,29,97, 0, 0, 150487.0645
Wilson_Kipketer, 1972-12-12, 2441664, 2,2,2,2,2,2,3,3,3,3,3,157, 0, 0, 18113.53846
Yakov_Sverdlov, 1885-06-03, 2409696, 2,2,2,2,2,3,3,3,2789, 0, 0, 21646.96154
Zooey_Deschanel, 1980-01-17, 2444256, 2,2,2,2,2,3,3,3,3,23,41, 0, 0, 851459.7436
