Alois_Hitler, 1837-06-07, 2,2,2,67,4463, 103156.5667
Aristotle_Onassis, 1906-01-15, 2,3,7,67,859, 138229.5111
Camilla_Belle, 1986-10-02, 2,19,31,31,67, 411086
Carl_David_Anderson, 1905-09-03, 2,2,29,67,311, 9434.979592
Christian_V_of_Denmark, 1646-04-15, 2,3,53,67,109, 14901.96154
Cyd_Charisse, 1922-03-08, 2,13,13,67,107, 72174.57692
Doris_Leuthard, 1963-04-10, 2,3,5,67,1213, 19552.54545
Dorothea_Lange, 1895-05-26, 2,2,5,67,1801, 85185.96429
Ed_Westwick, 1987-06-27, 2,3,3,67,2029, 406406.7778
Emperor_Meiji, 1852-11-03, 2,2,23,67,389, 117513.9184
Frank_Sinatra, 1915-12-12, 2,2,3,67,3011, 370111.1486
Gene_Kelly, 1912-08-23, 2,3,13,67,463, 139890.4043
Jay_Chou, 1979-01-18, 2,2,11,67,829, 316711.2963
Larry_Hagman, 1931-09-21, 2,7,13,67,199, 182938.9143
Marin_Mersenne, 1588-09-08, 2,2,31,67,277, 12962.5641
Mikhail_Tal, 1936-11-09, 2,3,7,67,863, 22117.84
Paulo_Ferreira, 1979-01-18, 2,2,11,67,829, 44270.88095
Tori_Amos, 1963-08-22, 2,2,2,67,4549, 153876.3421
Tunku_Abdul_Rahman, 1903-02-08, 2,13,19,67,73, 64534.75
Vanessa_Hudgens, 1988-12-14, 2,5,13,67,281, 576795.339
Walther_Funk, 1890-08-18, 2,3,7,67,857, 26125.8
