Aaron_Sorkin, 1961-06-09, 2437460, 2,2,5,17,67,107, 0, 0, 155314.7037
Aristotle_Onassis, 1906-01-15, 2417226, 2,3,7,67,859, 0, 0, 138229.5111
Avicii, 1989-09-08, 2447778, 2,3,67,6089, 0, 0, 456361.2593
Bradley_Cooper, 1975-01-05, 2442418, 2,11,67,1657, 0, 0, 720462.1111
Camilla_Belle, 1986-10-02, 2446706, 2,19,31,31,67, 0, 0, 411086
Ed_Westwick, 1987-06-27, 2446974, 2,3,3,67,2029, 0, 0, 406406.7778
Frank_Sinatra, 1915-12-12, 2420844, 2,2,3,67,3011, 0, 0, 370111.1486
Gene_Kelly, 1912-08-23, 2419638, 2,3,13,67,463, 0, 0, 139890.4043
Jay_Chou, 1979-01-18, 2443892, 2,2,11,67,829, 0, 0, 316711.2963
Jimmy_Carter, 1924-10-01, 2424060, 2,2,3,3,3,5,67,67, 0, 0, 201643.7596
John_Dillinger, 1903-06-22, 2416288, 2,2,2,2,2,7,7,23,67, 0, 0, 521797.3438
Larry_Hagman, 1931-09-21, 2426606, 2,7,13,67,199, 0, 0, 182938.9143
Louis_XV_of_France, 1710-02-15, 2345670, 2,3,3,5,67,389, 0, 0, 125024.9167
Marion_Cotillard, 1975-09-30, 2442686, 2,67,18229, 0, 0, 345001.7692
Michael_J._Fox, 1961-06-09, 2437460, 2,2,5,17,67,107, 0, 0, 467839.4
Ryan_Giggs, 1973-11-29, 2442016, 2,2,2,2,2,17,67,67, 0, 0, 233076.4098
Sylvia_Plath, 1932-10-27, 2427008, 2,2,2,2,2,2,2,67,283, 0, 0, 156827.0909
Terry_Gilliam, 1940-11-22, 2429956, 2,2,67,9067, 0, 0, 182374.4878
Tori_Amos, 1963-08-22, 2438264, 2,2,2,67,4549, 0, 0, 153876.3421
Vanessa_Hudgens, 1988-12-14, 2447510, 2,5,13,67,281, 0, 0, 576795.339
Wayne_Gretzky, 1961-01-26, 2437326, 2,3,3,43,47,67, 0, 0, 307944.697
