Alfredo_Palacio, 1939-01-22, 2429286, 2,3,67,6043, 0, 0, 11862.55556
Avicii, 1989-09-08, 2447778, 2,3,67,6089, 0, 0, 456361.2593
Bradley_Cooper, 1975-01-05, 2442418, 2,11,67,1657, 0, 0, 720462.1111
Daniel_Auteuil, 1950-01-24, 2433306, 2,3,67,6053, 0, 0, 86147.68966
Gabdulkhay_Akhatov, 1927-09-08, 2425132, 2,2,67,9049, 0, 0, 1265.580645
Hassan_II_of_Morocco, 1929-07-09, 2425802, 2,43,67,421, 0, 0, 47278.80488
Homare_Sawa, 1978-09-06, 2443758, 2,3,67,6079, 0, 0, 94129.65385
Lars_Bender, 1989-04-27, 2447644, 2,2,67,9133, 0, 0, 43513.80645
Paul_J._Crutzen, 1933-12-03, 2427410, 2,5,67,3623, 0, 0, 8016.138889
Raoul_Dufy, 1877-06-03, 2406774, 2,3,67,5987, 0, 0, 31414.48276
Terry_Gilliam, 1940-11-22, 2429956, 2,2,67,9067, 0, 0, 182374.4878
