Brook_Taylor, 1685-08-18, 2,2,3,3,13,4993, 16421.83333
Colleen_McCullough, 1937-06-01, 2,3,3,13,97,107, 31085.51852
Geoffrey_Rush, 1951-07-06, 2,3,3,3,13,3467, 154197.36
Gerhard_Ertl, 1936-10-10, 2,2,3,3,13,5189, 17261.31818
Gianluca_Zambrotta, 1977-02-19, 2,3,3,13,53,197, 70723.48837
Howard_Hawks, 1896-05-30, 2,3,3,5,13,2063, 55869.51515
Margaret,_Maid_of_Norway, 1283-04-09, 2,2,3,3,13,4679, 5403.038462
Mark_David_Chapman, 1955-05-10, 2,3,3,3,13,3469, 306672.8684
Morgan_Freeman, 1937-06-01, 2,3,3,13,97,107, 432477.0909
Stephen_Appiah, 1980-12-24, 2,3,3,13,31,337, 58712.93333
