Alfred_Hitchcock, 1899-08-13, 2414880, 2,2,2,2,2,3,3,3,5,13,43, 0, 0, 232167.01
Arturo_Vidal, 1987-05-22, 2446938, 2,3,3,13,10457, 0, 0, 93837.86842
Daniel_Craig, 1968-03-02, 2439918, 2,3,3,13,10427, 0, 0, 475705.1525
Eazy-E, 1963-09-07, 2438280, 2,2,2,3,3,5,13,521, 0, 0, 402529.2258
Geoffrey_Rush, 1951-07-06, 2433834, 2,3,3,3,13,3467, 0, 0, 154197.36
Georges_Bataille, 1897-09-10, 2414178, 2,3,3,3,13,19,181, 0, 0, 63328
Gianluca_Zambrotta, 1977-02-19, 2443194, 2,3,3,13,53,197, 0, 0, 70723.48837
Howard_Hawks, 1896-05-30, 2413710, 2,3,3,5,13,2063, 0, 0, 55869.51515
Jasper_Johns, 1930-05-15, 2426112, 2,2,2,2,2,2,2,2,3,3,3,3,3,3,13, 0, 0, 114247.1538
John_Petrucci, 1967-07-12, 2439684, 2,2,3,3,13,13,401, 0, 0, 128044.9688
Josh_Radnor, 1974-07-29, 2442258, 2,3,3,3,7,7,13,71, 0, 0, 339447.7097
Justin_Long, 1978-06-02, 2443662, 2,3,3,3,13,59,59, 0, 0, 350527.7037
Lynn_Redgrave, 1943-03-08, 2430792, 2,2,2,3,3,7,7,13,53, 0, 0, 75009.74074
Mark_David_Chapman, 1955-05-10, 2435238, 2,3,3,3,13,3469, 0, 0, 306672.8684
Morgan_Freeman, 1937-06-01, 2428686, 2,3,3,13,97,107, 0, 0, 432477.0909
Novak_Djokovic, 1987-05-22, 2446938, 2,3,3,13,10457, 0, 0, 140834.0648
Obafemi_Martins, 1984-10-28, 2446002, 2,3,3,13,10453, 0, 0, 109433.2813
Olivier_Giroud, 1986-09-30, 2446704, 2,2,2,2,3,3,13,1307, 0, 0, 124776.1818
Stephen_Appiah, 1980-12-24, 2444598, 2,3,3,13,31,337, 0, 0, 58712.93333
Steven_Pinker, 1954-09-18, 2435004, 2,2,3,3,11,11,13,43, 0, 0, 61697.31034
Taylor_Swift, 1989-12-13, 2447874, 2,3,3,3,11,13,317, 0, 0, 863062.3971
