Alexios_II_Komnenos, 1169-09-10, 2148288, 2,2,2,2,2,2,3,67,167, 0, 0, 9262.935484
Alpha_Oumar_Konaré, 1946-02-02, 2431854, 2,3,3,167,809, 0, 0, 7925.607143
Blake_Clark, 1946-02-02, 2431854, 2,3,3,167,809, 0, 0, 37560
Caroline,_Princess_of_Hanover, 1957-01-23, 2435862, 2,3,11,13,17,167, 0, 0, 103893.1
Chris_Diamantopoulos, 1975-05-09, 2442542, 2,71,103,167, 0, 0, 59321.76923
Christian_Wolff_(philosopher), 1679-01-24, 2334326, 2,29,167,241, 0, 0, 9612.117647
Dennis_Tito, 1940-08-08, 2429850, 2,3,5,5,97,167, 0, 0, 28665.6
Diego_Lugano, 1980-11-02, 2444546, 2,13,167,563, 0, 0, 77928.78378
Elizabeth_Barrett_Browning, 1806-03-06, 2380752, 2,2,2,2,3,3,3,3,11,167, 0, 0, 52032.55556
Gerhart_Hauptmann, 1862-11-15, 2401460, 2,2,5,167,719, 0, 0, 26358.78873
Hongwu_Emperor, 1328-10-21, 2206404, 2,2,3,3,167,367, 0, 0, 246512
Jacques_Lacan, 1901-04-13, 2415488, 2,2,2,2,2,2,2,113,167, 0, 0, 119432.7347
James_Prescott_Joule, 1818-12-24, 2385428, 2,2,167,3571, 0, 0, 33940.63855
Jamie_Lee_Curtis, 1958-11-22, 2436530, 2,5,167,1459, 0, 0, 311782.7381
John_V_Palaiologos, 1332-06-18, 2207740, 2,2,5,167,661, 0, 0, 11059.21875
Judith_Butler, 1956-02-24, 2435528, 2,2,2,167,1823, 0, 0, 82092.52941
LL_Cool_J, 1968-01-14, 2439870, 2,3,5,167,487, 0, 0, 379192.4
Mariano_Rajoy, 1955-03-27, 2435194, 2,23,167,317, 0, 0, 45929.15789
Mark_Rutte, 1967-02-14, 2439536, 2,2,2,2,11,83,167, 0, 0, 26230.07018
Stanislav_Petrov, 1939-09-09, 2429516, 2,2,167,3637, 0, 0, 83845.06667
Émile_Lahoud, 1936-01-12, 2428180, 2,2,5,167,727, 0, 0, 12075.85294
