Adolf_Erik_Nordenskiöld, 1832-11-18, 2390506, 2,17,70309, 0, 0, 12152.2963
Afonso_I_of_Portugal, 1109-07-25, 2126326, 2,17,62539, 0, 0, 31310.33333
Alphonse_de_Lamartine, 1790-10-21, 2375138, 2,17,69857, 0, 0, 58169.31707
Ferdinand_VI_of_Spain, 1713-09-23, 2346986, 2,17,69029, 0, 0, 30436.45946
Fernando_da_Piedade_Dias_dos_Santos, 1950-03-05, 2433346, 2,17,71569, 0, 0, 5995.214286
Giovanni_Falcone, 1939-05-18, 2429402, 2,17,71453, 0, 0, 107891.9714
Harald_V_of_Norway, 1937-02-21, 2428586, 2,17,71429, 0, 0, 55222.44068
Joe_Frazier, 1944-01-12, 2431102, 2,17,71503, 0, 0, 131329.717
John_Boyd_Orr,_1st_Baron_Boyd-Orr, 1880-09-23, 2407982, 2,17,70823, 0, 0, 4745.518519
John_Franklin_Enders, 1897-02-10, 2413966, 2,17,70999, 0, 0, 8247.407407
John_Keats, 1795-10-31, 2376974, 2,17,69911, 0, 0, 116932.9508
Jöns_Jacob_Berzelius, 1779-08-20, 2371058, 2,17,69737, 0, 0, 29144.04167
Marco_Materazzi, 1973-08-19, 2441914, 2,17,71821, 0, 0, 105263.4048
Masatoshi_Koshiba, 1926-09-19, 2424778, 2,17,71317, 0, 0, 22497.1
Milan_Baroš, 1981-10-28, 2444906, 2,17,71909, 0, 0, 93682.97727
Nick_Heidfeld, 1977-05-10, 2443274, 2,17,71861, 0, 0, 39236.61905
Peter_Grünberg, 1939-05-18, 2429402, 2,17,71453, 0, 0, 11138.82222
Sidney_Lumet, 1924-06-25, 2423962, 2,17,71293, 0, 0, 70221.65854
Ted_Hughes, 1930-08-17, 2426206, 2,17,71359, 0, 0, 76461.87097
