Adele, 1988-05-05, 2,3,17,23993, 285908.1212
Ashton_Kutcher, 1978-02-07, 2,7,17,10267, 705775.8269
Dwight_D._Eisenhower, 1890-10-14, 2,7,17,10133, 192452.8283
Hokusai, 1760-10-31, 2,5,17,13907, 47464.11538
Isaac_Newton, 1642-12-25, 2,17,233,293, 313659.9424
Jacques_Prévert, 1900-02-04, 2,3,17,23677, 64163.24
Lara_Dutta, 1978-04-16, 2,3,17,23957, 137744.5
Manuel_Belgrano, 1770-06-03, 2,2,17,34819, 198441.5769
Margaret_Mead, 1901-12-16, 2,17,227,313, 64016.8
Mirza_Ghulam_Ahmad, 1835-02-13, 2,17,61,1153, 48824.26923
Octavio_Paz, 1914-03-31, 2,7,17,10169, 84980.75758
Paula_Abdul, 1962-06-19, 2,7,17,10243, 242286.2619
Robert_Mitchum, 1917-08-06, 2,17,229,311, 132434.775
Rudy_Giuliani, 1944-05-28, 2,17,23,3109, 110191.2973
Stevie_Wonder, 1950-05-13, 2,3,17,23857, 337747.3774
Svetlana_Alliluyeva, 1926-02-28, 2,17,29,2459, 60273.28125
T._S._Eliot, 1888-09-26, 2,17,23,3083, 109895.1282
Theodor_Heuss, 1884-01-31, 2,17,59,1201, 46834.28947
Travis_Barker, 1975-11-14, 2,5,17,14369, 357220.1875
Vladimir_Lenin, 1870-04-22, 2,17,31,2281, 198252.8613
William_Bligh, 1754-09-09, 2,17,127,547, 56939.41379
