Anthony_Kiedis, 1962-11-01, 2437970, 2,5,17,14341, 0, 0, 317967.6857
Ayumi_Hamasaki, 1978-10-02, 2443784, 2,2,2,7,17,17,151, 0, 0, 304254.439
Dennis_Quaid, 1954-04-09, 2434842, 2,3,3,17,73,109, 0, 0, 292619.1111
Donald_Trump, 1946-06-14, 2431986, 2,3,17,113,211, 0, 0, 355265.5577
Edgar_Allan_Poe, 1809-01-19, 2381802, 2,3,17,19,1229, 0, 0, 340889
Edward_Norton, 1969-08-18, 2440452, 2,2,3,7,17,1709, 0, 0, 359733.8596
Eminem, 1972-10-17, 2441608, 2,2,2,13,17,1381, 0, 0, 1312695.181
George_Clooney, 1961-05-06, 2437426, 2,17,17,4217, 0, 0, 486602.5556
Jackie_Robinson, 1919-01-31, 2421990, 2,3,3,5,17,1583, 0, 0, 327129.3438
Janet_Jackson, 1966-05-16, 2439262, 2,7,17,37,277, 0, 0, 331152.5306
Javier_Bardem, 1969-03-01, 2440282, 2,13,17,5521, 0, 0, 308785.3462
John_F._Kennedy, 1917-05-29, 2421378, 2,3,3,17,41,193, 0, 0, 496524.431
John_Lennon, 1940-10-09, 2429912, 2,2,2,17,17,1051, 0, 0, 575654.3465
Michael_Cera, 1988-06-07, 2447320, 2,2,2,5,17,59,61, 0, 0, 487260.037
Michael_J._Fox, 1961-06-09, 2437460, 2,2,5,17,67,107, 0, 0, 467839.4
Mick_Jagger, 1943-07-26, 2430932, 2,2,7,17,5107, 0, 0, 386252.1552
Milla_Jovovich, 1975-12-17, 2442764, 2,2,17,35923, 0, 0, 452585.5
Miranda_Cosgrove, 1993-05-14, 2449122, 2,3,13,17,1847, 0, 0, 728958.5946
Pharrell_Williams, 1973-04-05, 2441778, 2,3,17,37,647, 0, 0, 490308.9231
Rowan_Atkinson, 1955-01-06, 2435114, 2,11,17,17,383, 0, 0, 305651.8824
Seth_MacFarlane, 1973-10-26, 2441982, 2,3,17,89,269, 0, 0, 438789.8261
