Alberto_Gilardino, 1982-07-05, 2445156, 2,2,3,3,7,31,313, 0, 0, 71737.77778
Alfonso_García_Robles, 1911-03-20, 2419116, 2,2,3,7,31,929, 0, 0, 16455.25714
Antonio_Machado, 1875-07-26, 2406096, 2,2,2,2,3,3,7,7,11,31, 0, 0, 140250.9032
Bettina_von_Arnim, 1785-04-04, 2373112, 2,2,2,7,31,1367, 0, 0, 22486.48276
Carl_Jung, 1875-07-26, 2406096, 2,2,2,2,3,3,7,7,11,31, 0, 0, 224846.8472
Carole_King, 1942-02-09, 2430400, 2,2,2,2,2,2,5,5,7,7,31, 0, 0, 184115.7037
Elif_Şafak, 1971-10-25, 2441250, 2,3,3,5,5,5,5,7,31, 0, 0, 41302.69231
Eric_Saade, 1990-10-29, 2448194, 2,7,31,5641, 0, 0, 73252.54545
Gennady_Zyuganov, 1944-06-26, 2431268, 2,2,7,31,2801, 0, 0, 14137.7
Hayden_Panettiere, 1989-08-21, 2447760, 2,2,2,2,3,5,7,31,47, 0, 0, 537846.0213
Henry_III_of_England, 1207-10-01, 2162188, 2,2,7,31,47,53, 0, 0, 60239.63462
Jim_Courier, 1970-08-17, 2440816, 2,2,2,2,7,19,31,37, 0, 0, 51740.05714
John_Hannah_(actor), 1962-04-23, 2437778, 2,7,31,41,137, 0, 0, 45816.53846
Manuel_Castells, 1942-02-09, 2430400, 2,2,2,2,2,2,5,5,7,7,31, 0, 0, 58047.26923
Paul_Verhoeven, 1938-07-18, 2429098, 2,7,29,31,193, 0, 0, 62155.75
Philippe_Gilbert, 1982-07-05, 2445156, 2,2,3,3,7,31,313, 0, 0, 19211
Regina_Spektor, 1980-02-18, 2444288, 2,2,2,2,2,2,2,2,2,2,7,11,31, 0, 0, 235701.1071
Richard_Clayderman, 1953-12-28, 2434740, 2,2,3,5,7,11,17,31, 0, 0, 82192.22581
Sophia_of_Hanover, 1630-10-14, 2316692, 2,2,7,17,31,157, 0, 0, 46061.73077
Steve_McQueen, 1930-03-24, 2426060, 2,2,5,7,13,31,43, 0, 0, 281928.4259
Stjepan_Mesić, 1934-12-24, 2427796, 2,2,7,31,2797, 0, 0, 15612.84444
