Alexander_Frei, 1979-07-15, 2444070, 2,3,5,257,317, 0, 0, 40208.28947
Charles_IX_of_Sweden, 1550-10-04, 2287472, 2,2,2,2,11,41,317, 0, 0, 20110.25
Chris_Benoit, 1967-05-21, 2439632, 2,2,2,2,13,37,317, 0, 0, 274848.4146
Chris_Jericho, 1970-11-09, 2440900, 2,2,5,5,7,11,317, 0, 0, 424251.5
Danny_Glover, 1946-07-22, 2432024, 2,2,2,7,137,317, 0, 0, 163196.7632
Jadranka_Kosor, 1953-07-01, 2434560, 2,2,2,2,2,2,2,2,2,3,5,317, 0, 0, 12684.29545
Lawrence_Gonzi, 1953-07-01, 2434560, 2,2,2,2,2,2,2,2,2,3,5,317, 0, 0, 12021.16129
Mariano_Rajoy, 1955-03-27, 2435194, 2,23,167,317, 0, 0, 45929.15789
Mathieu_Valbuena, 1984-09-28, 2445972, 2,2,3,317,643, 0, 0, 81387.7037
Mireille_Mathieu, 1946-07-22, 2432024, 2,2,2,7,137,317, 0, 0, 79249.4
Mohamed_Ould_Abdel_Aziz, 1956-12-20, 2435828, 2,2,17,113,317, 0, 0, 16701.85714
Peter_Simon_Pallas, 1741-09-22, 2357212, 2,2,11,13,13,317, 0, 0, 7607.741935
Taylor_Swift, 1989-12-13, 2447874, 2,3,3,3,11,13,317, 0, 0, 863062.3971
Vincente_Minnelli, 1903-02-28, 2416174, 2,37,103,317, 0, 0, 61020.18519
