Dolph_Lundgren, 1957-11-03, 2436146, 2,367,3319, 0, 0, 366478.381
Dési_Bouterse, 1945-10-13, 2431742, 2,367,3313, 0, 0, 19263.53125
Franz_Grillparzer, 1791-01-15, 2375224, 2,2,2,367,809, 0, 0, 23789.5
Hongwu_Emperor, 1328-10-21, 2206404, 2,2,3,3,167,367, 0, 0, 246512
Jacob_Grimm, 1785-01-04, 2373022, 2,53,61,367, 0, 0, 30323.37838
John_Mott, 1865-05-25, 2402382, 2,3,367,1091, 0, 0, 6749.625
Murray_Gell-Mann, 1929-09-15, 2425870, 2,5,367,661, 0, 0, 25404.31915
Peter_Sellers, 1925-09-08, 2424402, 2,3,3,367,367, 0, 0, 162570.4468
Pierre_Curie, 1859-05-15, 2400180, 2,2,3,5,109,367, 0, 0, 40708.56962
Pieter_Zeeman, 1865-05-25, 2402382, 2,3,367,1091, 0, 0, 8312.0625
Roman_Pavlyuchenko, 1981-12-15, 2444954, 2,367,3331, 0, 0, 48401.10204
Ronnie_O'Sullivan, 1975-12-05, 2442752, 2,2,2,2,2,2,2,2,2,13,367, 0, 0, 115166.7895
