Chris_Diamantopoulos, 1975-05-09, 2,71,103,167, 59321.76923
Christian_Wolff_(philosopher), 1679-01-24, 2,29,167,241, 9612.117647
Diego_Lugano, 1980-11-02, 2,13,167,563, 77928.78378
James_Prescott_Joule, 1818-12-24, 2,2,167,3571, 33940.63855
Jamie_Lee_Curtis, 1958-11-22, 2,5,167,1459, 311782.7381
Jean_Jaurès, 1859-09-03, 3,3,167,1597, 52019.28947
Mariano_Rajoy, 1955-03-27, 2,23,167,317, 45929.15789
Maya_Angelou, 1928-04-04, 3,47,103,167, 211057.7692
Paracelsus, 1493-11-11, 7,7,167,277, 87993.47541
Stanislav_Petrov, 1939-09-09, 2,2,167,3637, 83845.06667
