Alberto_Sordi, 1920-06-15, 2422491, 3,43,89,211, 0, 0, 75820.48276
Anna_of_Russia, 1693-02-07, 2339454, 2,3,13,89,337, 0, 0, 36052.58491
Anthony_Hopkins, 1937-12-31, 2428899, 3,11,89,827, 0, 0, 247001.3231
Bernardo_O'Higgins, 1778-08-20, 2370693, 3,13,89,683, 0, 0, 68585.10526
Cesária_Évora, 1941-08-27, 2430234, 2,3,3,37,41,89, 0, 0, 42942.5098
Earl_Warren, 1891-03-19, 2411811, 3,3,89,3011, 0, 0, 79816.23077
Emil_Kraepelin, 1856-02-15, 2398995, 3,3,5,89,599, 0, 0, 26181.12903
Fedor_Emelianenko, 1976-09-28, 2443050, 2,3,3,5,5,61,89, 0, 0, 571876.4286
Gianfranco_Zola, 1966-07-05, 2439312, 2,2,2,2,3,89,571, 0, 0, 86409
Hank_Azaria, 1964-04-25, 2438511, 3,89,9133, 0, 0, 208706.0909
Ian_Somerhalder, 1978-12-08, 2443851, 3,3,3,3,3,89,113, 0, 0, 547220.2667
Jacques-Louis_David, 1748-08-30, 2359746, 2,3,3,3,89,491, 0, 0, 91524.20968
Luca_Antonini, 1982-08-04, 2445186, 2,3,19,89,241, 0, 0, 49723
Michel_Hazanavicius, 1967-03-29, 2439579, 3,89,9137, 0, 0, 47725.4
Mikheil_Saakashvili, 1967-12-21, 2439846, 2,3,3,89,1523, 0, 0, 30166.63235
Prince_Joachim_of_Denmark, 1969-06-07, 2440380, 2,2,3,5,89,457, 0, 0, 43778.61538
Raúl_Castro, 1931-06-03, 2426496, 2,2,2,2,2,2,2,3,71,89, 0, 0, 66641.33824
Seth_MacFarlane, 1973-10-26, 2441982, 2,3,17,89,269, 0, 0, 438789.8261
Sokratis_Papastathopoulos, 1988-06-09, 2447322, 2,3,89,4583, 0, 0, 42246.91892
Steven_Tyler, 1948-03-26, 2432637, 3,3,89,3037, 0, 0, 484591.4722
Todor_Zhivkov, 1911-09-07, 2419287, 3,13,17,41,89, 0, 0, 27801.74359
