Anna_Maria_Jopek, 1970-12-14, 2440935, 3,3,3,3,3,5,7,7,41, 0, 0, 9214.767123
Avraam_Papadopoulos, 1984-12-03, 2446038, 2,3,3,3,3,3,7,719, 0, 0, 12825.24138
Edith_Stein, 1891-10-12, 2412018, 2,3,3,3,3,3,7,709, 0, 0, 52454.79487
Giovanni_Battista_Tiepolo, 1696-03-05, 2340576, 2,2,2,2,2,3,3,3,3,3,7,43, 0, 0, 29500.7381
Ivan_V_of_Russia, 1666-09-06, 2329803, 3,3,3,3,7,7,587, 0, 0, 23646.95349
James_Cagney, 1899-07-17, 2414853, 3,3,3,3,7,4259, 0, 0, 75230.8913
Janeane_Garofalo, 1964-09-28, 2438667, 3,3,3,3,7,11,17,23, 0, 0, 156328.2222
Jody_Williams, 1950-10-09, 2433564, 2,2,3,3,3,3,7,29,37, 0, 0, 16278.65625
Joseph_II,_Holy_Roman_Emperor, 1741-03-13, 2357019, 3,3,3,3,7,4157, 0, 0, 32234.57447
Laurent-Désiré_Kabila, 1939-11-27, 2429595, 3,3,3,3,5,7,857, 0, 0, 24472.83333
Marsilio_Ficino, 1433-10-19, 2244753, 3,3,3,3,7,37,107, 0, 0, 27754.43243
Mary_McDonnell, 1952-04-28, 2434131, 3,3,3,3,3,3,3,3,7,53, 0, 0, 126443.9259
Nancy_Ajram, 1983-05-16, 2445471, 3,3,3,3,7,19,227, 0, 0, 102775.75
Pyotr_Stolypin, 1862-04-14, 2401245, 3,3,3,3,5,7,7,11,11, 0, 0, 23055.94118
Slavoj_Žižek, 1949-03-21, 2432997, 3,3,3,3,7,7,613, 0, 0, 98222.34884
Ted_Kennedy, 1932-02-22, 2426760, 2,2,2,3,3,3,3,5,7,107, 0, 0, 206382.3585
Victoria_Azarenka, 1989-07-31, 2447739, 3,3,3,3,3,7,1439, 0, 0, 106898
Émile_Loubet, 1838-12-31, 2392740, 2,2,3,3,3,3,5,7,211, 0, 0, 15937.38462
