Abdus_Salam, 1926-01-29, 2424545, 5,23,29,727, 0, 0, 33437.04444
Alberto_Aquilani, 1984-07-07, 2445889, 19,23,29,193, 0, 0, 99765.12821
Auguste_Piccard, 1884-01-28, 2409204, 2,2,3,7,23,29,43, 0, 0, 25905.83333
Benazir_Bhutto, 1953-06-21, 2434550, 2,5,5,23,29,73, 0, 0, 74179.77174
Danny_Murphy_(footballer,_born_1977), 1977-03-18, 2443221, 3,3,11,23,29,37, 0, 0, 8352.222222
Glenn_Miller, 1904-03-01, 2416541, 23,29,3623, 0, 0, 109096.5854
Monica_Lewinsky, 1973-07-23, 2441887, 7,23,29,523, 0, 0, 310701.4054
Nicolas_Léonard_Sadi_Carnot, 1796-06-01, 2377188, 2,2,3,3,3,3,11,23,29, 0, 0, 20451.72727
Orson_Scott_Card, 1951-08-24, 2433883, 23,29,41,89, 0, 0, 107228.4286
Rick_Riordan, 1964-06-05, 2438552, 2,2,2,23,29,457, 0, 0, 131900.6207
Ted_Danson, 1947-12-29, 2432549, 7,23,29,521, 0, 0, 223531.7407
Theodor_Herzl, 1860-05-02, 2400533, 23,29,59,61, 0, 0, 67035.28571
Vito_Mannone, 1988-03-02, 2447223, 3,23,29,1223, 0, 0, 45417.82759
Willy_Sagnol, 1977-03-18, 2443221, 3,3,11,23,29,37, 0, 0, 40680.17241
