Egon_Schiele, 1890-06-12, 2411531, 67,35993, 0, 0, 93627.36957
Giacinto_Facchetti, 1942-07-18, 2430559, 67,36277, 0, 0, 44107.5625
Guido_Westerwelle, 1961-12-27, 2437661, 67,36383, 0, 0, 50946.22727
Ibn_Battuta, 1304-02-25, 2197399, 67,32797, 0, 0, 56151.16667
Johann_Heinrich_Lambert, 1728-08-26, 2352437, 67,35111, 0, 0, 15888.03125
Kevin_Kurányi, 1982-03-02, 2445031, 67,36493, 0, 0, 52132.52632
Lina_Medina, 1933-09-27, 2427343, 67,36229, 0, 0, 328371.4286
Paramahansa_Yogananda, 1893-01-05, 2412469, 67,36007, 0, 0, 51615.46154
Pope_Paul_II, 1417-02-23, 2238671, 67,33413, 0, 0, 14395
Vincenzo_Montella, 1974-06-18, 2442217, 67,36451, 0, 0, 63256.74074
