Albert_Schweitzer, 1875-01-14, 2405903, 67,149,241, 0, 0, 93839.24194
Amanda_Tapping, 1965-08-28, 2439001, 59,67,617, 0, 0, 119339.5484
Andreu_Fontàs, 1989-11-14, 2447845, 5,67,7307, 0, 0, 36891.48485
Anna_Kournikova, 1981-06-07, 2444763, 3,67,12163, 0, 0, 157460.0179
Charles_Trenet, 1913-05-18, 2419906, 2,67,18059, 0, 0, 52171.03448
Daniel_Dae_Kim, 1968-08-04, 2440073, 67,79,461, 0, 0, 124411.7857
David_Spade, 1964-07-22, 2438599, 17,67,2141, 0, 0, 220347.8148
Eddie_Murphy, 1961-04-03, 2437393, 7,67,5197, 0, 0, 325598.4925
Emerson_Fittipaldi, 1946-12-12, 2432167, 31,67,1171, 0, 0, 52821.61765
Franjo_Tuđman, 1922-05-14, 2423189, 59,67,613, 0, 0, 28880.55814
John_Leguizamo, 1964-07-22, 2438599, 17,67,2141, 0, 0, 209150.8214
Jude_Law, 1972-12-29, 2441681, 11,67,3313, 0, 0, 366541.8679
Lev_Landau, 1908-01-22, 2417963, 67,151,239, 0, 0, 21485.42593
Marion_Cotillard, 1975-09-30, 2442686, 2,67,18229, 0, 0, 345001.7692
Martin_Lawrence, 1965-04-16, 2438867, 67,89,409, 0, 0, 231934.1556
Mário_Soares, 1924-12-07, 2424127, 67,97,373, 0, 0, 21290.32258
Robert_Nozick, 1938-11-16, 2429219, 13,67,2789, 0, 0, 40743.08571
Satoshi_Tajiri, 1965-08-28, 2439001, 59,67,617, 0, 0, 103933.0714
Shania_Twain, 1965-08-28, 2439001, 59,67,617, 0, 0, 219346.1273
Tōgō_Heihachirō, 1848-01-27, 2396054, 2,67,17881, 0, 0, 108285.7857
Yao_Ming, 1980-09-12, 2444495, 5,67,7297, 0, 0, 350230.7368
