Alexandra_Maria_Lara, 1978-11-12, 2443825, 5,5,67,1459, 0, 0, 107671.7308
Avicii, 1989-09-08, 2447778, 2,3,67,6089, 0, 0, 456361.2593
Bernard_Montgomery,_1st_Viscount_Montgomery_of_Alamein, 1887-11-17, 2410593, 3,67,67,179, 0, 0, 38547.23529
Bradley_Cooper, 1975-01-05, 2442418, 2,11,67,1657, 0, 0, 720462.1111
Clark_Gable, 1901-02-01, 2415417, 3,61,67,197, 0, 0, 182093.9828
Damon_Albarn, 1968-03-23, 2439939, 3,61,67,199, 0, 0, 235849.7
Daniel_Auteuil, 1950-01-24, 2433306, 2,3,67,6053, 0, 0, 86147.68966
Enver_Hoxha, 1908-10-16, 2418231, 3,53,67,227, 0, 0, 60138.5
Eros_Ramazzotti, 1963-10-28, 2438331, 3,7,67,1733, 0, 0, 152322.3902
Fernando_Hierro, 1968-03-23, 2439939, 3,61,67,199, 0, 0, 60850.91429
Gene_Roddenberry, 1921-08-19, 2422921, 29,29,43,67, 0, 0, 83226.175
H._Jon_Benjamin, 1966-05-23, 2439269, 7,7,67,743, 0, 0, 112066.1379
Hassan_II_of_Morocco, 1929-07-09, 2425802, 2,43,67,421, 0, 0, 47278.80488
Heikki_Kovalainen, 1981-10-19, 2444897, 7,13,67,401, 0, 0, 36148.70455
Homare_Sawa, 1978-09-06, 2443758, 2,3,67,6079, 0, 0, 94129.65385
Lars_Bender, 1989-04-27, 2447644, 2,2,67,9133, 0, 0, 43513.80645
Raoul_Dufy, 1877-06-03, 2406774, 2,3,67,5987, 0, 0, 31414.48276
Robert_Mitchum, 1917-08-06, 2421447, 3,7,67,1721, 0, 0, 132434.775
Siphiwe_Tshabalala, 1984-09-25, 2445969, 3,43,67,283, 0, 0, 29740.03125
Terry_Gilliam, 1940-11-22, 2429956, 2,2,67,9067, 0, 0, 182374.4878
Zine_El_Abidine_Ben_Ali, 1936-09-03, 2428415, 5,11,67,659, 0, 0, 76247.68421
