Alois_Hitler, 1837-06-07, 2392168, 2,2,2,67,4463, 0, 0, 103156.5667
Andrew_Garfield, 1983-08-20, 2445567, 3,23,23,23,67, 0, 0, 143083.2816
Aristotle_Onassis, 1906-01-15, 2417226, 2,3,7,67,859, 0, 0, 138229.5111
Camilla_Belle, 1986-10-02, 2446706, 2,19,31,31,67, 0, 0, 411086
Cyd_Charisse, 1922-03-08, 2423122, 2,13,13,67,107, 0, 0, 72174.57692
Dorothea_Lange, 1895-05-26, 2413340, 2,2,5,67,1801, 0, 0, 85185.96429
Ed_Westwick, 1987-06-27, 2446974, 2,3,3,67,2029, 0, 0, 406406.7778
Emperor_Meiji, 1852-11-03, 2397796, 2,2,23,67,389, 0, 0, 117513.9184
Frank_Sinatra, 1915-12-12, 2420844, 2,2,3,67,3011, 0, 0, 370111.1486
Gene_Kelly, 1912-08-23, 2419638, 2,3,13,67,463, 0, 0, 139890.4043
Jay_Chou, 1979-01-18, 2443892, 2,2,11,67,829, 0, 0, 316711.2963
Ken_Russell, 1927-07-03, 2425065, 3,5,19,67,127, 0, 0, 52580.80769
Larry_Hagman, 1931-09-21, 2426606, 2,7,13,67,199, 0, 0, 182938.9143
Mark_Zuckerberg, 1984-05-14, 2445835, 5,7,7,67,149, 0, 0, 736947.6353
Michael_Rensing, 1984-05-14, 2445835, 5,7,7,67,149, 0, 0, 47762.85714
Paulo_Ferreira, 1979-01-18, 2443892, 2,2,11,67,829, 0, 0, 44270.88095
Ronald_Coase, 1910-12-29, 2419035, 3,5,29,67,83, 0, 0, 30765.36585
Tori_Amos, 1963-08-22, 2438264, 2,2,2,67,4549, 0, 0, 153876.3421
Tunku_Abdul_Rahman, 1903-02-08, 2416154, 2,13,19,67,73, 0, 0, 64534.75
Vanessa_Hudgens, 1988-12-14, 2447510, 2,5,13,67,281, 0, 0, 576795.339
Yuri_Zhirkov, 1983-08-20, 2445567, 3,23,23,23,67, 0, 0, 44876.63636
