Alfred_Russel_Wallace, 1823-01-08, 2386904, 2,2,2,13,59,389, 0, 0, 60085
Caster_Semenya, 1991-01-07, 2448264, 2,2,2,3,7,13,19,59, 0, 0, 113576.6071
Eden_Hazard, 1991-01-07, 2448264, 2,2,2,3,7,13,19,59, 0, 0, 240831.7568
Frederick_William_I_of_Prussia, 1688-08-14, 2337816, 2,2,2,3,13,59,127, 0, 0, 32930.53659
Gianni_Versace, 1946-12-02, 2432157, 3,7,13,59,151, 0, 0, 142948.4359
Justin_Long, 1978-06-02, 2443662, 2,3,3,3,13,59,59, 0, 0, 350527.7037
Robbie_Keane, 1980-07-08, 2444429, 13,59,3187, 0, 0, 124063.6744
Roy_Lichtenstein, 1923-10-27, 2423720, 2,2,2,5,13,59,79, 0, 0, 199549.0833
Virgilijus_Alekna, 1972-02-13, 2441361, 3,13,59,1061, 0, 0, 11169.13333
Walter_Gilbert, 1932-03-21, 2426788, 2,2,7,13,59,113, 0, 0, 9952.171429
Yi_So-yeon, 1978-06-02, 2443662, 2,3,3,3,13,59,59, 0, 0, 7731.333333
