Alfred_Hitchcock, 1899-08-13, 2414880, 2,2,2,2,2,3,3,3,5,13,43, 0, 0, 232167.01
Antoine_de_Saint-Exupéry, 1900-06-29, 2415200, 2,2,2,2,2,5,5,3019, 0, 0, 130256.8158
Carole_King, 1942-02-09, 2430400, 2,2,2,2,2,2,5,5,7,7,31, 0, 0, 184115.7037
Deryck_Whibley, 1980-03-21, 2444320, 2,2,2,2,2,5,15277, 0, 0, 145600.1212
Dolly_Parton, 1946-01-19, 2431840, 2,2,2,2,2,5,15199, 0, 0, 319738.6444
Frank_Lampard, 1978-06-20, 2443680, 2,2,2,2,2,3,3,5,1697, 0, 0, 185169.1176
Hank_Williams, 1923-09-17, 2423680, 2,2,2,2,2,2,2,5,7,541, 0, 0, 151554.9412
Inna, 1986-10-16, 2446720, 2,2,2,2,2,2,2,5,3823, 0, 0, 231981.7692
Jamie_Oliver, 1975-05-27, 2442560, 2,2,2,2,2,2,5,17,449, 0, 0, 208293.7647
Jennette_McCurdy, 1992-06-26, 2448800, 2,2,2,2,2,5,5,3061, 0, 0, 551673.5806
Johannes_Vermeer, 1632-10-31, 2317440, 2,2,2,2,2,2,2,3,5,17,71, 0, 0, 130381.7838
Kaley_Cuoco, 1985-11-30, 2446400, 2,2,2,2,2,2,5,5,11,139, 0, 0, 965585.4
Kim_Basinger, 1953-12-08, 2434720, 2,2,2,2,2,5,15217, 0, 0, 201803.0909
Lee_Van_Cleef, 1925-01-09, 2424160, 2,2,2,2,2,5,109,139, 0, 0, 125683.5405
Martha_Graham, 1894-05-11, 2412960, 2,2,2,2,2,3,5,11,457, 0, 0, 225573.8824
Paulina_Rubio, 1971-06-17, 2441120, 2,2,2,2,2,5,11,19,73, 0, 0, 129890
Richard_Dawkins, 1941-03-26, 2430080, 2,2,2,2,2,2,2,5,3797, 0, 0, 166379.3971
Roald_Dahl, 1916-09-13, 2421120, 2,2,2,2,2,2,2,3,5,13,97, 0, 0, 261161.2745
Ronaldinho, 1980-03-21, 2444320, 2,2,2,2,2,5,15277, 0, 0, 497528.4156
Ronaldo, 1976-09-18, 2443040, 2,2,2,2,2,5,15269, 0, 0, 510843.8533
Seal_(musician), 1963-02-19, 2438080, 2,2,2,2,2,2,5,19,401, 0, 0, 132704.6061
