David_Dacko, 1930-03-24, 2,2,5,7,13,31,43, 9224.965517
Frank_Lloyd, 1886-02-02, 2,2,5,13,13,23,31, 8627.111111
Frederick_I_of_Denmark, 1471-10-07, 2,2,5,7,13,17,73, 15340.46154
John_C._Mather, 1946-08-07, 2,2,2,3,5,13,1559, 9672.25
Richard_Gasquet, 1986-06-18, 2,2,2,5,5,13,941, 55620
Roy_Lichtenstein, 1923-10-27, 2,2,2,5,13,59,79, 199549.0833
Sander_Boschker, 1970-10-20, 2,2,2,2,5,13,2347, 13617.76923
Steve_McQueen, 1930-03-24, 2,2,5,7,13,31,43, 281928.4259
Thora_Birch, 1982-03-11, 2,2,2,2,5,13,2351, 195103.6667
Željko_Ražnatović, 1952-04-17, 2,2,2,5,13,31,151, 66580.33333
