Alex_Ferguson, 1941-12-31, 2,2,2,3,3,5,43,157, 211358.4697
Alexander_Stepanovich_Popov, 1859-03-16, 2,2,2,3,3,5,59,113, 14746.34286
Cesc_Fàbregas, 1987-05-04, 2,2,2,3,3,5,7,971, 181519.6087
Eazy-E, 1963-09-07, 2,2,2,3,3,5,13,521, 402529.2258
George_Boole, 1815-11-02, 2,2,2,3,3,5,37,179, 36059.67925
John_Surtees, 1934-02-11, 2,2,2,3,3,5,11,613, 30555.1875
Jorge_Lorenzo, 1987-05-04, 2,2,2,3,3,5,7,971, 68922.12903
Manuel_Noriega, 1934-02-11, 2,2,2,3,3,5,11,613, 104634.7073
Nicole_Vaidišová, 1989-04-23, 2,2,2,3,3,5,13,523, 26897.93548
Nikolai_Bukharin, 1888-10-09, 2,2,2,3,3,5,37,181, 30570.07895
William_R._King, 1786-04-07, 2,2,2,3,3,5,19,347, 17510.13793
