Allison_Mack, 1982-07-29, 2,2,3,5,83,491, 130668.8214
Catherine_Deneuve, 1943-10-22, 2,2,3,5,31,1307, 144374.7115
Demi_Moore, 1962-11-11, 2,2,3,5,179,227, 396399.0143
Gilles_Villeneuve, 1950-01-18, 2,2,3,5,5,8111, 107494.3448
Giovanni_Trapattoni, 1939-03-17, 2,2,3,5,19,2131, 84015.85294
J._D._Salinger, 1919-01-01, 2,2,2,3,5,20183, 143019.2656
Jason_Earles, 1977-04-26, 2,2,3,5,43,947, 356005
Kellan_Lutz, 1985-03-15, 2,2,3,5,59,691, 340049.3333
Larry_Ellison, 1944-08-17, 2,2,2,3,5,20261, 207032.069
Masashi_Kishimoto, 1974-11-08, 2,2,2,3,5,20353, 136862.6744
Melanie_Griffith, 1957-08-09, 2,2,3,5,11,3691, 229125.2632
Oskar_Schindler, 1908-04-28, 2,2,3,5,191,211, 259355.0392
Paul_Auster, 1947-02-03, 2,2,3,5,7,5791, 104283.6667
Piet_Mondrian, 1872-03-07, 2,2,3,5,149,269, 185097.1731
Richard_II_of_England, 1367-01-06, 2,2,2,3,5,18503, 76990.36
Robert_Enke, 1977-08-24, 2,2,3,5,193,211, 128502.025
Roberto_Baggio, 1967-02-18, 2,2,3,3,5,13553, 138739.6182
Sebastian_Vettel, 1987-07-03, 2,2,3,5,17,2399, 142688.7465
Sun_Myung_Moon, 1920-02-25, 2,2,3,5,47,859, 110619.1071
Tom_Welling, 1977-04-26, 2,2,3,5,43,947, 233908.9744
Zico, 1953-03-03, 2,2,2,3,5,20287, 127777.2045
