Abbé_Pierre, 1912-08-05, 2419620, 2,2,3,5,7,7,823, 0, 0, 50069.75
Alexander_III_of_Scotland, 1241-09-04, 2174580, 2,2,3,3,3,5,4027, 0, 0, 16821.93333
Annie_Girardot, 1931-10-25, 2426640, 2,2,2,2,3,5,10111, 0, 0, 50532.71429
B._F._Skinner, 1904-03-20, 2416560, 2,2,2,2,3,5,10069, 0, 0, 176265.8378
Bohumil_Hrabal, 1914-03-28, 2420220, 2,2,3,5,11,19,193, 0, 0, 37298.70968
Cuauhtémoc_Blanco, 1973-01-17, 2441700, 2,2,3,3,5,5,2713, 0, 0, 78293.48485
Donald_A._Glaser, 1926-09-21, 2424780, 2,2,3,3,5,19,709, 0, 0, 9220.931818
Elliott_Smith, 1969-08-06, 2440440, 2,2,2,3,3,5,6779, 0, 0, 205500.2414
Gabriella_Cilmi, 1991-10-10, 2448540, 2,2,3,3,5,61,223, 0, 0, 133658.9231
John_C._Mather, 1946-08-07, 2432040, 2,2,2,3,5,13,1559, 0, 0, 9672.25
José_Eduardo_dos_Santos, 1942-08-28, 2430600, 2,2,2,3,5,5,4051, 0, 0, 25329.16981
Lothar_Matthäus, 1961-03-21, 2437380, 2,2,3,3,5,11,1231, 0, 0, 106941.5882
Marco_van_Basten, 1964-10-31, 2438700, 2,2,3,5,5,11,739, 0, 0, 116366.8654
Mehmet_Ali_Talat, 1952-07-06, 2434200, 2,2,2,3,5,5,4057, 0, 0, 10509.46154
Mustafa_Kemal_Atatürk, 1881-05-19, 2408220, 2,2,3,3,5,17,787, 0, 0, 117202.488
Natalie_Wood, 1938-07-20, 2429100, 2,2,3,3,5,5,2699, 0, 0, 247223.7111
Niamh_Kavanagh, 1968-02-13, 2439900, 2,2,3,3,5,5,2711, 0, 0, 11716.53846
Paz_Vega, 1976-01-02, 2442780, 2,2,3,3,5,41,331, 0, 0, 131161.2333
Ritchie_Blackmore, 1945-04-14, 2431560, 2,2,2,3,5,23,881, 0, 0, 145133
Timothy_Leary, 1920-10-22, 2422620, 2,2,3,3,5,43,313, 0, 0, 185760.3636
Xherdan_Shaqiri, 1991-10-10, 2448540, 2,2,3,3,5,61,223, 0, 0, 125993.7037
