Alex_Ferguson, 1941-12-31, 2430360, 2,2,2,3,3,5,43,157, 0, 0, 211358.4697
Alfred_Hitchcock, 1899-08-13, 2414880, 2,2,2,2,2,3,3,3,5,13,43, 0, 0, 232167.01
David_Dacko, 1930-03-24, 2426060, 2,2,5,7,13,31,43, 0, 0, 9224.965517
François_Tombalbaye, 1918-06-15, 2421760, 2,2,2,2,2,2,2,2,2,2,5,11,43, 0, 0, 6404.357143
Jason_Earles, 1977-04-26, 2443260, 2,2,3,5,43,947, 0, 0, 356005
John_Searle, 1932-07-31, 2426920, 2,2,2,5,17,43,83, 0, 0, 54174.17857
Luis_Federico_Leloir, 1906-09-06, 2417460, 2,2,3,5,43,937, 0, 0, 19420.76471
Nikos_Kazantzakis, 1883-02-18, 2408860, 2,2,5,43,2801, 0, 0, 52374.80556
Silvio_Piola, 1913-09-29, 2420040, 2,2,2,3,5,7,43,67, 0, 0, 42284.66667
Steve_McQueen, 1930-03-24, 2426060, 2,2,5,7,13,31,43, 0, 0, 281928.4259
Timothy_Leary, 1920-10-22, 2422620, 2,2,3,3,5,43,313, 0, 0, 185760.3636
Tom_Welling, 1977-04-26, 2443260, 2,2,3,5,43,947, 0, 0, 233908.9744
Tony_Shalhoub, 1953-10-09, 2434660, 2,2,5,19,43,149, 0, 0, 152837.3636
