50_Cent, 1975-07-06, 2442600, 2,2,2,3,3,5,5,23,59, 0, 0, 632055.6716
Ashley_Greene, 1987-02-21, 2446848, 2,2,2,2,2,2,2,2,2,3,3,3,3,59, 0, 0, 445138.6857
David_Boreanaz, 1969-05-16, 2440358, 2,59,20681, 0, 0, 271899.3235
Eden_Hazard, 1991-01-07, 2448264, 2,2,2,3,7,13,19,59, 0, 0, 240831.7568
Ellen_Page, 1987-02-21, 2446848, 2,2,2,2,2,2,2,2,2,3,3,3,3,59, 0, 0, 452879.2553
Flo_Rida, 1979-09-17, 2444134, 2,7,11,59,269, 0, 0, 356150.0541
Franck_Ribéry, 1983-04-07, 2445432, 2,2,2,3,11,59,157, 0, 0, 236676.5574
Henry_David_Thoreau, 1817-07-12, 2384898, 2,3,59,6737, 0, 0, 154374.6441
Joni_Mitchell, 1943-11-07, 2431036, 2,2,59,10301, 0, 0, 184939.1818
Justin_Long, 1978-06-02, 2443662, 2,3,3,3,13,59,59, 0, 0, 350527.7037
Kellan_Lutz, 1985-03-15, 2446140, 2,2,3,5,59,691, 0, 0, 340049.3333
Laura_Dern, 1967-02-10, 2439532, 2,2,59,10337, 0, 0, 174793.8387
Liev_Schreiber, 1967-10-04, 2439768, 2,2,2,3,59,1723, 0, 0, 335520.7037
Maggie_Q, 1979-05-22, 2444016, 2,2,2,2,3,59,863, 0, 0, 339764.1429
Michael_Cera, 1988-06-07, 2447320, 2,2,2,5,17,59,61, 0, 0, 487260.037
Queen_Rania_of_Jordan, 1970-08-31, 2440830, 2,3,5,7,59,197, 0, 0, 148003.2105
Rachel_Bilson, 1981-08-25, 2444842, 2,59,20719, 0, 0, 430997.5806
Richard_Gere, 1949-08-31, 2433160, 2,2,2,5,59,1031, 0, 0, 308734.8704
Richard_III_of_England, 1452-10-02, 2251676, 2,2,7,29,47,59, 0, 0, 172495.0877
Roy_Lichtenstein, 1923-10-27, 2423720, 2,2,2,5,13,59,79, 0, 0, 199549.0833
Susan_Sarandon, 1946-10-04, 2432098, 2,59,20611, 0, 0, 210274.4727
