Abdoulaye_Wade, 1926-05-29, 2,2,2,11,59,467, 22816.67442
Aimé_Césaire, 1913-06-26, 2,2,2,3,59,1709, 64987.58065
Ali_Hassan_al-Majid, 1941-11-30, 2,2,2,19,59,271, 41045.02857
Domenico_Modugno, 1928-01-09, 2,3,13,17,31,59, 57215.81081
Edvard_Beneš, 1884-05-28, 2,2,3,41,59,83, 33930.92105
Guy_Pearce, 1967-10-05, 2,2,2,3,59,1723, 277834.7813
John_Dos_Passos, 1896-01-14, 2,2,3,7,59,487, 45073.06897
John_O'Shea, 1981-04-30, 2,2,3,3,59,1151, 37314.6087
Kylie_Minogue, 1968-05-28, 2,2,7,7,59,211, 246058.4026
Macky_Sall, 1961-12-11, 2,2,3,11,59,313, 12747.75676
Mikhail_Tukhachevsky, 1893-02-16, 2,3,5,29,47,59, 33576.55
Modibo_Keïta, 1915-06-04, 2,2,3,13,59,263, 8944.964286
Peter_Nalitch, 1981-04-30, 2,2,3,3,59,1151, 4971.642857
Samuel_Sánchez, 1978-02-05, 2,2,2,31,59,167, 22109.38462
Walter_Gargano, 1984-07-23, 2,2,2,2,59,2591, 35648.42424
Wilhelm_Pieck, 1876-01-03, 2,2,2,2,59,2549, 27277.79412
Yuri_Andropov, 1914-06-15, 2,3,3,43,53,59, 54232.39706
