August_Bebel, 1840-02-22, 2,17,59,1193, 20642.55556
Aung_San_Suu_Kyi, 1945-06-19, 2,3,59,6869, 137039.2892
Claudio_López_(footballer), 1974-07-17, 2,3,59,6899, 30188.62963
D._H._Lawrence, 1885-09-11, 2,2,59,10211, 81502.68627
Georges-Louis_Leclerc,_Comte_de_Buffon, 1707-09-07, 2,31,59,641, 20752
Henry_David_Thoreau, 1817-07-12, 2,3,59,6737, 154374.6441
James_Coburn, 1928-08-31, 2,5,59,4111, 102582.3182
Joni_Mitchell, 1943-11-07, 2,2,59,10301, 184939.1818
Joseph_L._Goldstein, 1940-04-18, 2,59,59,349, 7495.870968
Laura_Dern, 1967-02-10, 2,2,59,10337, 174793.8387
Michael_Spence, 1943-11-07, 2,2,59,10301, 14984.7037
Michael_York, 1942-03-27, 2,43,59,479, 31165.51852
Paul_van_Dyk, 1971-12-16, 2,17,59,1217, 79622.32432
Radovan_Karadžić, 1945-06-19, 2,3,59,6869, 58871.89831
Robert_Hofstadter, 1915-02-05, 2,59,73,281, 10266.53488
Zahi_Hawass, 1947-05-28, 2,3,59,6871, 43538.96774
