Emilia_Plater, 1806-11-13, 2381004, 2,2,3,3,19,59,59, 0, 0, 22150.2069
Emilio_G._Segrè, 1905-01-30, 2416876, 2,2,7,7,11,19,59, 0, 0, 9271.229167
Franck_Ribéry, 1983-04-07, 2445432, 2,2,2,3,11,59,157, 0, 0, 236676.5574
Frederick_William_I_of_Prussia, 1688-08-14, 2337816, 2,2,2,3,13,59,127, 0, 0, 32930.53659
Janez_Janša, 1958-09-17, 2436464, 2,2,2,2,29,59,89, 0, 0, 15745.19512
Justin_Long, 1978-06-02, 2443662, 2,3,3,3,13,59,59, 0, 0, 350527.7037
Maggie_Q, 1979-05-22, 2444016, 2,2,2,2,3,59,863, 0, 0, 339764.1429
Michael_Cera, 1988-06-07, 2447320, 2,2,2,5,17,59,61, 0, 0, 487260.037
Michael_Ventris, 1922-07-12, 2423248, 2,2,2,2,17,59,151, 0, 0, 10444.65385
Roy_Lichtenstein, 1923-10-27, 2423720, 2,2,2,5,13,59,79, 0, 0, 199549.0833
Yi_So-yeon, 1978-06-02, 2443662, 2,3,3,3,13,59,59, 0, 0, 7731.333333
