Ali_Larter, 1976-02-28, 2,2,11,59,941, 243263.6486
Allan_McLeod_Cormack, 1924-02-23, 2,3,41,59,167, 8187
Edward_Lear, 1812-05-12, 2,5,7,59,577, 42770.59259
Gilbert_Gottfried, 1955-02-28, 2,3,3,59,2293, 102059.3636
Helmut_Schmidt, 1918-12-23, 2,5,5,59,821, 83666.2
Johann_Ludwig_Burckhardt, 1784-11-24, 2,2,5,59,2011, 9638.481481
Joseph_Yobo, 1980-09-06, 2,2,2,59,5179, 42177.125
Philip_II_of_Spain, 1527-05-21, 2,7,31,59,89, 142874.2344
Vivienne_Westwood, 1941-04-08, 2,2,7,59,1471, 152191.1111
Wisława_Szymborska, 1923-07-02, 2,19,23,47,59, 55582.25714
Zachary_Taylor, 1784-11-24, 2,2,5,59,2011, 56586.22222
Zalman_Shazar, 1889-11-24, 2,5,59,61,67, 12196.51852
