Brigitte_Nielsen, 1963-07-15, 2438226, 2,3,3,7,37,523, 0, 0, 277783.9394
Courtney_Love, 1964-07-09, 2438586, 2,3,3,3,3,15053, 0, 0, 332528.7273
Dennis_Quaid, 1954-04-09, 2434842, 2,3,3,17,73,109, 0, 0, 292619.1111
Hongwu_Emperor, 1328-10-21, 2206404, 2,2,3,3,167,367, 0, 0, 246512
Jackie_Robinson, 1919-01-31, 2421990, 2,3,3,5,17,1583, 0, 0, 327129.3438
John_F._Kennedy, 1917-05-29, 2421378, 2,3,3,17,41,193, 0, 0, 496524.431
Julianne_Moore, 1960-12-03, 2437272, 2,2,2,3,3,33851, 0, 0, 275829.7903
Kelly_Clarkson, 1982-04-24, 2445084, 2,2,3,3,23,2953, 0, 0, 303434.4259
LeAnn_Rimes, 1982-08-28, 2445210, 2,3,3,5,101,269, 0, 0, 226345.3704
Les_Paul, 1915-06-09, 2420658, 2,3,3,3,23,1949, 0, 0, 308494.4082
Lindsay_Lohan, 1986-07-02, 2446614, 2,3,3,29,43,109, 0, 0, 609891.7424
Maggie_Gyllenhaal, 1977-11-16, 2443464, 2,2,2,3,3,33937, 0, 0, 320363.8889
Mark_David_Chapman, 1955-05-10, 2435238, 2,3,3,3,13,3469, 0, 0, 306672.8684
Morgan_Freeman, 1937-06-01, 2428686, 2,3,3,13,97,107, 0, 0, 432477.0909
Nicholas_Sparks, 1965-12-31, 2439126, 2,3,3,3,17,2657, 0, 0, 227450.6875
Rebecca_Romijn, 1972-11-06, 2441628, 2,2,3,3,7,9689, 0, 0, 279454.8889
Ronald_Reagan, 1911-02-06, 2419074, 2,3,3,7,73,263, 0, 0, 334460.6822
Sigmund_Freud, 1856-05-06, 2399076, 2,2,3,3,103,647, 0, 0, 324447.2388
T.I., 1980-09-25, 2444508, 2,2,3,3,11,6173, 0, 0, 627045.1111
Vinnie_Jones, 1965-01-05, 2438766, 2,3,3,11,109,113, 0, 0, 277912.7037
Wayne_Gretzky, 1961-01-26, 2437326, 2,3,3,43,47,67, 0, 0, 307944.697
