Akihito, 1933-12-23, 2,5,17,109,131, 145303.2208
Bent_Larsen, 1935-03-04, 2,7,37,43,109, 10759.13793
Christian_III_of_Denmark, 1503-08-12, 2,2,41,109,127, 15773.03571
Christian_V_of_Denmark, 1646-04-15, 2,3,53,67,109, 14901.96154
Christian_Wilhelmsson, 1979-12-08, 2,2,2,109,2803, 36999.31034
Galina_Vishnevskaya, 1926-10-25, 2,7,7,109,227, 11343.74074
Jan_Matejko, 1838-06-24, 2,5,5,109,439, 73357.92308
Mao_Zedong, 1893-12-26, 2,2,2,109,2767, 238131
Oscar_Peterson, 1925-08-15, 2,3,11,109,337, 47128.02564
Paul_Gascoigne, 1967-05-27, 2,19,19,31,109, 124610.25
Peter_Singer, 1946-07-06, 2,2,2,109,2789, 99841.93939
Philip_I_of_France, 1052-05-23, 2,2,11,109,439, 16053.5625
Roger_Glover, 1945-11-30, 2,5,23,97,109, 47004.25
Sylvester_Stallone, 1946-07-06, 2,2,2,109,2789, 591962.2297
Terrence_Howard, 1969-03-11, 2,2,29,109,193, 218361.6071
Thorstein_Veblen, 1857-07-30, 2,3,3,109,1223, 48496.23333
Viola_Davis, 1965-08-11, 2,2,2,109,2797, 109216.5862
