Adam_Sandler, 1966-09-09, 2439378, 2,3,3,53,2557, 0, 0, 637335.9643
Barbra_Streisand, 1942-04-24, 2430474, 2,3,53,7643, 0, 0, 288720.9836
Debra_Winger, 1955-05-16, 2435244, 2,2,3,7,53,547, 0, 0, 121033.2857
Dietmar_Hamann, 1973-08-27, 2441922, 2,3,7,53,1097, 0, 0, 54027
Emanuel_Swedenborg, 1688-01-29, 2337618, 2,3,53,7351, 0, 0, 48317.69048
Felix_Baumgartner, 1969-04-20, 2440332, 2,2,3,3,53,1279, 0, 0, 127650.8947
Frank_Lloyd_Wright, 1867-06-08, 2403126, 2,3,3,11,53,229, 0, 0, 136058.9579
Gianluca_Zambrotta, 1977-02-19, 2443194, 2,3,3,13,53,197, 0, 0, 70723.48837
Hans_Fallada, 1893-07-21, 2412666, 2,3,3,3,3,53,281, 0, 0, 33409.66667
Harold_Wilson, 1916-03-11, 2420934, 2,3,23,53,331, 0, 0, 49131.86538
Janet_Leigh, 1927-07-06, 2425068, 2,2,3,3,31,41,53, 0, 0, 136405.1429
Joseph_Schumpeter, 1883-02-08, 2408850, 2,3,3,5,5,53,101, 0, 0, 87888.2381
José_de_Espronceda, 1808-03-25, 2381502, 2,3,53,7489, 0, 0, 40629.84848
Ludwig_Beck, 1880-06-29, 2407896, 2,2,2,3,3,53,631, 0, 0, 46002.36667
Lynn_Redgrave, 1943-03-08, 2430792, 2,2,2,3,3,7,7,13,53, 0, 0, 75009.74074
Marcell_Jansen, 1985-11-04, 2446374, 2,3,7,7,53,157, 0, 0, 31052
Olga_Korbut, 1955-05-16, 2435244, 2,2,3,7,53,547, 0, 0, 36401.58065
Pina_Bausch, 1940-07-27, 2429838, 2,3,3,3,3,53,283, 0, 0, 97821.23333
Rachel_McAdams, 1978-11-17, 2443830, 2,3,5,29,53,53, 0, 0, 626933.5366
Rafael_Trujillo, 1891-10-24, 2412030, 2,3,5,37,41,53, 0, 0, 113953.3077
William_Gilbert_(astronomer), 1544-05-24, 2285148, 2,2,3,53,3593, 0, 0, 22573.79487
