Alfred_Radcliffe-Brown, 1881-01-17, 2408098, 2,7,11,19,823, 0, 0, 17455.88889
Bohumil_Hrabal, 1914-03-28, 2420220, 2,2,3,5,11,19,193, 0, 0, 37298.70968
Emilio_G._Segrè, 1905-01-30, 2416876, 2,2,7,7,11,19,59, 0, 0, 9271.229167
Gough_Whitlam, 1916-07-11, 2421056, 2,2,2,2,2,2,11,19,181, 0, 0, 54667.77778
Jason_Lee_(actor), 1970-04-25, 2440702, 2,11,19,5839, 0, 0, 54869.06061
Jean_Baptiste_Perrin, 1870-09-30, 2404336, 2,2,2,2,11,19,719, 0, 0, 12098.77358
Karl_Lagerfeld, 1933-09-10, 2427326, 2,11,19,5807, 0, 0, 265219.0909
Kostas_Katsouranis, 1979-06-21, 2444046, 2,3,11,19,1949, 0, 0, 17665.16129
Leopold_II_of_Belgium, 1835-04-09, 2391378, 2,3,11,19,1907, 0, 0, 57326.53846
Magnus_Carlsen, 1990-11-30, 2448226, 2,11,19,5857, 0, 0, 96977.2766
Makoto_Hasebe, 1984-01-18, 2445718, 2,11,19,5851, 0, 0, 106951.3448
Michael_Biehn, 1956-07-31, 2435686, 2,11,19,5827, 0, 0, 165545.2903
Moshe_Dayan, 1915-05-20, 2420638, 2,11,19,5791, 0, 0, 66848.92683
Necmettin_Erbakan, 1926-10-29, 2424818, 2,11,19,5801, 0, 0, 42908.93548
Nick_Cave, 1957-09-22, 2436104, 2,2,2,11,19,31,47, 0, 0, 181472.9737
Paulina_Rubio, 1971-06-17, 2441120, 2,2,2,2,2,5,11,19,73, 0, 0, 129890
Peter_Shilton, 1949-09-18, 2433178, 2,11,19,5821, 0, 0, 53060.3871
Robert_Southey, 1774-08-12, 2369224, 2,2,2,11,13,19,109, 0, 0, 17644.92857
Seung-Hui_Cho, 1984-01-18, 2445718, 2,11,19,5851, 0, 0, 185634.0741
Trygve_Haavelmo, 1911-12-13, 2419384, 2,2,2,11,19,1447, 0, 0, 6989.96875
Viktor_Chernomyrdin, 1938-04-09, 2428998, 2,3,11,13,19,149, 0, 0, 14063.525
