Anna_Magnani, 1908-03-07, 2418008, 2,2,2,409,739, 0, 0, 45215.55
Aníbal_Cavaco_Silva, 1939-07-15, 2429460, 2,2,3,3,3,5,11,409, 0, 0, 21954
Boris_Kolker, 1939-07-15, 2429460, 2,2,3,3,3,5,11,409, 0, 0, 2086.814815
Bruce_Willis, 1955-03-19, 2435186, 2,13,229,409, 0, 0, 519817.7361
Cathy_Freeman, 1973-02-16, 2441730, 2,3,5,199,409, 0, 0, 57656.32258
Grand_Duchess_Anastasia_Nikolaevna_of_Russia, 1901-06-18, 2415554, 2,409,2953, 0, 0, 244372.9487
Ian_Paice, 1948-06-29, 2432732, 2,2,409,1487, 0, 0, 50798.56667
Joe_DiMaggio, 1914-11-25, 2420462, 2,11,269,409, 0, 0, 231822.5556
Ken_Saro-Wiwa, 1941-10-10, 2430278, 2,409,2971, 0, 0, 38131
Lamar_Odom, 1979-11-06, 2444184, 2,2,2,3,3,83,409, 0, 0, 363214.0357
Paulette_Goddard, 1910-06-03, 2418826, 2,409,2957, 0, 0, 64772.10256
Thomas_Häßler, 1966-05-30, 2439276, 2,2,3,7,71,409, 0, 0, 31074.24138
