Anders_Jonas_Ångström, 1814-08-13, 2383834, 2,43,53,523, 0, 0, 8072.390244
Brigitte_Nielsen, 1963-07-15, 2438226, 2,3,3,7,37,523, 0, 0, 277783.9394
Candice_Bergen, 1946-05-09, 2431950, 2,3,5,5,31,523, 0, 0, 105176.7568
Franz_Bopp, 1791-09-14, 2375466, 2,3,523,757, 0, 0, 7143.277778
Fredric_March, 1897-08-31, 2414168, 2,2,2,523,577, 0, 0, 29760.70588
Helena_Bonham_Carter, 1966-05-26, 2439272, 2,2,2,11,53,523, 0, 0, 499967.7872
James_Stirling_(architect), 1926-04-22, 2424628, 2,2,19,61,523, 0, 0, 3148
Klaus_von_Klitzing, 1943-06-28, 2430904, 2,2,2,7,83,523, 0, 0, 9541.857143
Nicole_Vaidišová, 1989-04-23, 2447640, 2,2,2,3,3,5,13,523, 0, 0, 26897.93548
Paul_Rudd, 1969-04-06, 2440318, 2,523,2333, 0, 0, 428930.7586
Prachanda, 1954-12-11, 2435088, 2,2,2,2,3,97,523, 0, 0, 19660.62069
