Bjørn_Dæhlie, 1967-06-19, 2,2,3,5,73,557, 23477.59259
Cyndi_Lauper, 1953-06-22, 2,5,5,23,29,73, 308153.8293
Emerson_Ferreira_da_Rosa, 1976-04-04, 2,2,2,47,73,89, 47049.02857
Emil_Constantinescu, 1939-11-19, 2,3,3,43,43,73, 11748.42857
Eugène_Ionesco, 1909-11-26, 2,2,3,11,73,251, 69307.82353
John_Myung, 1967-01-24, 2,7,7,11,31,73, 59335.13793
Julius_Streicher, 1885-02-12, 2,2,2,2,73,2063, 54174.59459
Leander_Paes, 1973-06-17, 2,3,5,5,73,223, 61794.35714
Linda_B._Buck, 1947-01-29, 2,3,3,3,73,617, 8651.410256
Peter_MacNicol, 1954-04-10, 2,3,3,17,73,109, 78899.57692
Rogério_Ceni, 1973-01-22, 2,2,2,37,73,113, 108334.2759
