Andreas_Papandreou, 1919-02-05, 2,53,73,313, 33738.75758
Augusto_Pinochet, 1915-11-25, 2,3,73,5527, 123154.7237
Betty_Friedan, 1921-02-04, 2,2,73,8297, 66786.89655
Blanka_Vlašić, 1983-11-08, 2,7,73,2393, 53491.28125
Edward_Burnett_Tylor, 1832-10-02, 2,7,73,2339, 28583.22857
Ernst_Bloch, 1885-07-08, 2,5,73,3301, 27920.84375
Florence_Nightingale, 1820-05-12, 2,2,73,8171, 150409.6049
Freddie_Mercury, 1946-09-05, 2,2,73,8329, 755745.8933
Hans_von_Euler-Chelpin, 1873-02-15, 2,2,73,8237, 5790.078947
Ibrahim_Afellay, 1986-04-02, 2,13,73,1289, 126117.1064
Izzy_Stradlin, 1962-04-08, 2,59,73,283, 147745.7241
John_Roberts, 1955-01-27, 2,13,73,1283, 62766.42424
John_Wallis, 1616-11-23, 2,71,73,223, 17087.90323
Mary_Leakey, 1913-02-06, 2,2,73,8287, 188930.5806
Matsukata_Masayoshi, 1835-02-25, 2,11,73,1489, 21858.19231
Pavel_Pogrebnyak, 1983-11-08, 2,7,73,2393, 37252.08571
Philip_Glass, 1937-01-31, 2,2,73,8317, 107451.45
Svante_Arrhenius, 1859-02-19, 2,17,73,967, 32790.17742
Theodor_Herzl, 1860-05-02, 2,2,73,8221, 67035.28571
Ğabdulla_Tuqay, 1886-04-26, 2,17,73,971, 5604.346154
