Anna_Pavlova, 1881-02-12, 2,2,3,73,2749, 47162.26829
Carlos_Salcido, 1980-04-02, 2,2,11,73,761, 39364.41935
Henry_Mancini, 1924-04-16, 2,2,3,73,2767, 62238.31579
Henryk_Sienkiewicz, 1846-05-05, 2,3,3,73,1823, 65709.1831
Herbie_Hancock, 1940-04-12, 2,2,53,73,157, 131794.1389
Jacob_Zuma, 1942-04-12, 2,3,31,73,179, 69472.19298
James_Madison, 1751-03-16, 2,19,23,37,73, 94728.95918
Joseph_I_of_Portugal, 1714-06-06, 2,3,23,73,233, 17795.6
Kenzaburō_Ōe, 1935-01-31, 2,3,23,73,241, 38584.79032
Nastassja_Kinski, 1961-01-24, 2,2,17,73,491, 174716.3333
Raquel_Welch, 1940-09-05, 2,11,17,73,89, 252577
Susan_Hayward, 1917-06-30, 2,5,31,73,107, 61502.72414
Tommy_Haas, 1978-04-03, 2,3,7,73,797, 69791.3871
Tunku_Abdul_Rahman, 1903-02-08, 2,13,19,67,73, 64534.75
Vigdís_Finnbogadóttir, 1930-04-15, 2,3,29,73,191, 10719.55
