Alan_Shearer, 1970-08-13, 2440812, 2,2,3,11,11,41,41, 0, 0, 95239.17308
Camille_Pissarro, 1830-07-10, 2389644, 2,2,3,3,41,1619, 0, 0, 65733.87273
Claudia_Cardinale, 1938-04-15, 2429004, 2,2,3,41,4937, 0, 0, 107498.4545
Colin_McRae, 1968-08-05, 2440074, 2,3,7,13,41,109, 0, 0, 114889.5946
Darren_Fletcher, 1984-02-01, 2445732, 2,2,3,3,41,1657, 0, 0, 54531.15217
David_Morse_(actor), 1953-10-11, 2434662, 2,3,3,41,3299, 0, 0, 61555.40741
Dejan_Stanković, 1978-09-12, 2443764, 2,2,3,41,4967, 0, 0, 68031.46154
Empress_Dowager_Cixi, 1835-11-29, 2391612, 2,2,3,41,4861, 0, 0, 84471.25758
Franz_Beckenbauer, 1945-09-11, 2431710, 2,3,3,5,41,659, 0, 0, 134288.2857
Gennaro_Gattuso, 1978-01-09, 2443518, 2,3,3,7,11,41,43, 0, 0, 116553.5
Janet_Leigh, 1927-07-06, 2425068, 2,2,3,3,31,41,53, 0, 0, 136405.1429
John_F._Kennedy, 1917-05-29, 2421378, 2,3,3,17,41,193, 0, 0, 496524.431
Lil_Wayne, 1982-09-27, 2445240, 2,2,2,3,5,7,41,71, 0, 0, 1401836.674
Marc-Vivien_Foé, 1975-05-01, 2442534, 2,3,41,9929, 0, 0, 91649.12903
Marine_Le_Pen, 1968-08-05, 2440074, 2,3,7,13,41,109, 0, 0, 62280.04918
Paz_Vega, 1976-01-02, 2442780, 2,2,3,3,5,41,331, 0, 0, 131161.2333
Peter_Schmeichel, 1963-11-18, 2438352, 2,2,2,2,3,3,7,41,59, 0, 0, 109452.093
Rafael_Trujillo, 1891-10-24, 2412030, 2,3,5,37,41,53, 0, 0, 113953.3077
Richard_Chamberlain, 1934-03-31, 2427528, 2,2,2,3,41,2467, 0, 0, 118327.2857
Selena, 1971-04-16, 2441058, 2,3,41,9923, 0, 0, 141731.6355
Zooey_Deschanel, 1980-01-17, 2444256, 2,2,2,2,2,3,3,3,3,23,41, 0, 0, 851459.7436
