Allan_McLeod_Cormack, 1924-02-23, 2,3,41,59,167, 8187
David_Jarolím, 1979-05-17, 2,3,5,41,1987, 16081.57692
David_Spade, 1964-07-22, 2,3,23,41,431, 220347.8148
Gabriel_Agbonlahor, 1986-10-13, 2,2,3,41,4973, 53726.48485
Glenn_Hoddle, 1957-10-27, 2,3,3,41,3301, 45013.46154
James_Irwin, 1930-03-17, 2,2,3,41,4931, 21685.51852
John_Leguizamo, 1964-07-22, 2,3,23,41,431, 209150.8214
Kenwyne_Jones, 1984-10-05, 2,3,41,61,163, 37774.42308
Liam_Neeson, 1952-06-07, 2,3,5,41,1979, 566489.4038
Mark_Twain, 1835-11-30, 2,2,3,41,4861, 194408.5755
Noemi_(singer), 1982-01-25, 2,3,3,41,3313, 1299.730337
Orhan_Pamuk, 1952-06-07, 2,3,5,41,1979, 45379.92222
Rafael_Caldera, 1916-01-24, 2,3,13,41,757, 68165.88462
Robert_Fripp, 1946-05-16, 2,2,3,41,4943, 77633.20588
Robert_Koren, 1980-09-20, 2,3,19,41,523, 14993.23333
Sarah_Jessica_Parker, 1965-03-25, 2,2,3,41,4957, 368720.3333
Stefka_Kostadinova, 1965-03-25, 2,2,3,41,4957, 21641.42308
Viswanathan_Anand, 1969-12-11, 2,3,3,41,3307, 63026.33333
