Alexej_von_Jawlensky, 1864-03-13, 2401944, 2,2,2,3,41,2441, 0, 0, 18709.30769
Bertrand_Delanoë, 1950-05-30, 2433432, 2,2,2,3,41,2473, 0, 0, 35780.30303
Camille_Pissarro, 1830-07-10, 2389644, 2,2,3,3,41,1619, 0, 0, 65733.87273
Carlo_Rubbia, 1934-03-31, 2427528, 2,2,2,3,41,2467, 0, 0, 18507.68293
Cesária_Évora, 1941-08-27, 2430234, 2,3,3,37,41,89, 0, 0, 42942.5098
Colin_McRae, 1968-08-05, 2440074, 2,3,7,13,41,109, 0, 0, 114889.5946
Darren_Fletcher, 1984-02-01, 2445732, 2,2,3,3,41,1657, 0, 0, 54531.15217
Franz_Beckenbauer, 1945-09-11, 2431710, 2,3,3,5,41,659, 0, 0, 134288.2857
Herbert_Marcuse, 1898-07-19, 2414490, 2,3,5,13,41,151, 0, 0, 52662.16667
John_F._Kennedy, 1917-05-29, 2421378, 2,3,3,17,41,193, 0, 0, 496524.431
Marine_Le_Pen, 1968-08-05, 2440074, 2,3,7,13,41,109, 0, 0, 62280.04918
Rafael_Trujillo, 1891-10-24, 2412030, 2,3,5,37,41,53, 0, 0, 113953.3077
Richard_Chamberlain, 1934-03-31, 2427528, 2,2,2,3,41,2467, 0, 0, 118327.2857
Rudolf_Christoph_Eucken, 1846-01-05, 2395302, 2,3,7,13,41,107, 0, 0, 6631.215385
