Colonel_Sanders, 1890-09-09, 2411620, 2,2,5,17,41,173, 0, 0, 168414.0385
Emre_Belözoğlu, 1980-09-07, 2444490, 2,3,3,5,157,173, 0, 0, 94989.19444
Gabriel_Milito, 1980-09-07, 2444490, 2,3,3,5,157,173, 0, 0, 70721.63158
Kurt_Lewin, 1890-09-09, 2411620, 2,2,5,17,41,173, 0, 0, 89351.10345
Nigar_Jamal, 1980-09-07, 2444490, 2,3,3,5,157,173, 0, 0, 17099.84615
Papiss_Cissé, 1985-06-03, 2446220, 2,2,5,7,101,173, 0, 0, 90264.88462
Pope_Paul_III, 1468-02-29, 2257304, 2,2,2,7,173,233, 0, 0, 33269.55357
Thomas_Edison, 1847-02-11, 2395704, 2,2,2,3,173,577, 0, 0, 306600.6905
Tom_DeLonge, 1975-12-13, 2442760, 2,2,2,5,173,353, 0, 0, 186471.129
William_Godwin, 1756-03-03, 2362488, 2,2,2,3,173,569, 0, 0, 30074.36111
