Aaron_Burr, 1756-02-06, 2362462, 2,223,5297, 0, 0, 71783.51111
Andre_Geim, 1958-10-21, 2436498, 2,3,3,223,607, 0, 0, 23678.08889
Ashanti_(singer), 1980-10-13, 2444526, 2,3,3,3,7,29,223, 0, 0, 10490.42857
Brian_Cowen, 1960-01-10, 2436944, 2,2,2,2,223,683, 0, 0, 21874.30233
Davy_Crockett, 1786-08-17, 2373612, 2,2,3,223,887, 0, 0, 193632.75
Gabriella_Cilmi, 1991-10-10, 2448540, 2,2,3,3,5,61,223, 0, 0, 133658.9231
Gerald_Edelman, 1929-07-01, 2425794, 2,3,7,7,37,223, 0, 0, 11066.29032
Guillaume_Apollinaire, 1880-08-26, 2407954, 2,223,5399, 0, 0, 104508.8491
Jimmy_Floyd_Hasselbaink, 1972-03-27, 2441404, 2,2,7,17,23,223, 0, 0, 61704.29032
Kelsey_Grammer, 1955-02-21, 2435160, 2,2,2,3,5,7,13,223, 0, 0, 302374.5172
Massimo_Moratti, 1945-05-16, 2431592, 2,2,2,29,47,223, 0, 0, 71733.82143
Menachem_Begin, 1913-08-16, 2419996, 2,2,223,2713, 0, 0, 58354.85714
Muhammad_Zia-ul-Haq, 1924-08-12, 2424010, 2,5,223,1087, 0, 0, 34806.275
Peter_Handke, 1942-12-06, 2430700, 2,2,5,5,109,223, 0, 0, 33781.69231
Roberto_Donadoni, 1963-09-09, 2438282, 2,7,11,71,223, 0, 0, 49401.35714
Scott_Parker, 1980-10-13, 2444526, 2,3,3,3,7,29,223, 0, 0, 46525.8
Wyclef_Jean, 1969-10-17, 2440512, 2,2,2,2,2,2,3,3,19,223, 0, 0, 163833.3056
Xherdan_Shaqiri, 1991-10-10, 2448540, 2,2,3,3,5,61,223, 0, 0, 125993.7037
