Alexander_Wurz, 1974-02-15, 2442094, 2,23,53089, 0, 0, 19957.57576
Amadeo_I_of_Spain, 1845-05-30, 2395082, 2,23,52067, 0, 0, 20779.275
Annie_Lennox, 1954-12-25, 2435102, 2,23,52937, 0, 0, 183038.5556
Ben_Roy_Mottelson, 1926-07-09, 2424706, 2,23,52711, 0, 0, 8528.102564
Bret_Hart, 1957-07-02, 2436022, 2,23,52957, 0, 0, 313482.7576
Carl_Zeiss, 1816-09-11, 2384594, 2,23,51839, 0, 0, 35990.05263
Charles_Perrault, 1628-01-12, 2315686, 2,23,50341, 0, 0, 86485.5614
Conan_O'Brien, 1963-04-18, 2438138, 2,23,53003, 0, 0, 252868.4474
Francisco_Macías_Nguema, 1924-01-01, 2423786, 2,23,52691, 0, 0, 15082.2069
Frederick_William_IV_of_Prussia, 1795-10-15, 2376958, 2,23,51673, 0, 0, 31818.14634
Garrincha, 1933-10-28, 2427374, 2,23,52769, 0, 0, 84058.93617
Isadora_Duncan, 1877-05-26, 2406766, 2,23,52321, 0, 0, 78061.25926
Jacques_Le_Goff, 1924-01-01, 2423786, 2,23,52691, 0, 0, 25972.42857
James_Stewart, 1908-05-20, 2418082, 2,23,52567, 0, 0, 140254.5741
Langston_Hughes, 1902-02-01, 2415782, 2,23,52517, 0, 0, 150978.2857
Louis_Leakey, 1903-08-07, 2416334, 2,23,52529, 0, 0, 29153.9697
Lucien_Bonaparte, 1775-05-21, 2369506, 2,23,51511, 0, 0, 25481.5
Neil_deGrasse_Tyson, 1958-10-05, 2436482, 2,23,52967, 0, 0, 151935.8621
Ralph_Bunche, 1903-08-07, 2416334, 2,23,52529, 0, 0, 19244.94444
Robert_Knepper, 1959-07-08, 2436758, 2,23,52973, 0, 0, 132838
Roy_Keane, 1971-08-10, 2441174, 2,23,53069, 0, 0, 106807.2439
