Ada_Lovelace, 1815-12-10, 2384318, 2,17,23,3049, 0, 0, 216760.9672
Amauri, 1980-06-03, 2444394, 2,3,23,17713, 0, 0, 92608.18519
Andy_Serkis, 1964-04-20, 2438506, 2,7,23,7573, 0, 0, 208424.5758
Arthur_Ashe, 1943-07-10, 2430916, 2,2,23,26423, 0, 0, 76255.68421
Carles_Puyol, 1978-04-13, 2443612, 2,2,23,26561, 0, 0, 151888.8448
Corazon_Aquino, 1933-01-25, 2427098, 2,19,23,2777, 0, 0, 59283.01316
Crispin_Glover, 1964-04-20, 2438506, 2,7,23,7573, 0, 0, 217362.75
Dustin_Hoffman, 1937-08-08, 2428754, 2,23,37,1427, 0, 0, 194911.1
Gabriel_Batistuta, 1969-02-01, 2440254, 2,3,23,17683, 0, 0, 116345.4082
Gwyneth_Paltrow, 1972-09-27, 2441588, 2,2,23,26539, 0, 0, 283434.587
Henry_IV_of_France, 1553-12-13, 2288638, 2,11,23,4523, 0, 0, 136868.7213
Juan_Gris, 1887-03-23, 2410354, 2,23,61,859, 0, 0, 108732.0909
Jörg_Haider, 1950-01-26, 2433308, 2,2,23,26449, 0, 0, 68905.4375
Kim_Jong-il, 1941-02-16, 2430042, 2,3,23,17609, 0, 0, 253617.9011
Liu_Xiaobo, 1955-12-28, 2435470, 2,5,23,10589, 0, 0, 66545.35211
Naruhito,_Crown_Prince_of_Japan, 1960-02-23, 2436988, 2,2,23,26489, 0, 0, 86934.45455
Nora_Ephron, 1941-05-19, 2430134, 2,7,23,7547, 0, 0, 87822.16667
Paul_Gauguin, 1848-06-07, 2396186, 2,13,23,4007, 0, 0, 126253.2317
Takeshi_Kitano, 1947-01-18, 2432204, 2,2,23,26437, 0, 0, 246022.7
Tara_Strong, 1973-02-12, 2441726, 2,7,23,7583, 0, 0, 244226.75
Thomas_Pynchon, 1937-05-08, 2428662, 2,3,23,17599, 0, 0, 92560.63415
