Abdullah_Gül, 1950-10-29, 2433584, 2,2,2,2,17,23,389, 0, 0, 37440.98551
Andre_Iguodala, 1984-01-28, 2445728, 2,2,2,2,2,23,3323, 0, 0, 76413.57143
Auguste_Piccard, 1884-01-28, 2409204, 2,2,3,7,23,29,43, 0, 0, 25905.83333
Darren_Criss, 1987-02-05, 2446832, 2,2,2,2,23,61,109, 0, 0, 340967.7143
Dashiell_Hammett, 1894-05-27, 2412976, 2,2,2,2,23,79,83, 0, 0, 47524.66667
Frank_Lloyd, 1886-02-02, 2409940, 2,2,5,13,13,23,31, 0, 0, 8627.111111
Gerhard_Herzberg, 1904-12-25, 2416840, 2,2,2,5,23,37,71, 0, 0, 8230.516129
Howard_Shore, 1946-10-18, 2432112, 2,2,2,2,3,23,2203, 0, 0, 64933.3125
Jan_Koller, 1973-03-30, 2441772, 2,2,3,3,3,23,983, 0, 0, 59175.68571
Kim_Il-sung, 1912-04-15, 2419508, 2,2,7,13,17,17,23, 0, 0, 146347.3289
Louis-Ferdinand_Céline, 1894-05-27, 2412976, 2,2,2,2,23,79,83, 0, 0, 61775.26923
Marc_Anthony, 1968-09-16, 2440116, 2,2,3,3,7,23,421, 0, 0, 342956.3636
Ritchie_Blackmore, 1945-04-14, 2431560, 2,2,2,3,5,23,881, 0, 0, 145133
Théodore_Rousseau, 1812-04-15, 2382984, 2,2,2,3,3,23,1439, 0, 0, 17882.48148
