André_the_Giant, 1946-05-19, 2431960, 2,2,2,5,163,373, 0, 0, 369799.8333
Charles_Nicolle, 1866-09-21, 2402866, 2,373,3221, 0, 0, 6638.057143
Emilio_Salgari, 1862-08-21, 2401374, 2,3,29,37,373, 0, 0, 48551.76923
H._G._Wells, 1866-09-21, 2402866, 2,373,3221, 0, 0, 139315.3521
Ivan_Bunin, 1870-10-22, 2404358, 2,11,293,373, 0, 0, 11877.41791
Jochen_Rindt, 1942-04-18, 2430468, 2,2,3,3,181,373, 0, 0, 55726.65517
John_II_of_France, 1319-04-26, 2202938, 2,373,2953, 0, 0, 22183.06122
Niklaus_Wirth, 1934-02-15, 2427484, 2,2,373,1627, 0, 0, 21623.28571
Pastor_Maldonado, 1985-03-09, 2446134, 2,3,373,1093, 0, 0, 37250.54839
Sinclair_Lewis, 1885-02-07, 2409580, 2,2,5,17,19,373, 0, 0, 32334.31148
Theodor_Storm, 1817-09-14, 2384962, 2,23,139,373, 0, 0, 43651.875
Álvaro_Uribe, 1952-07-04, 2434198, 2,13,251,373, 0, 0, 44387.37209
