Christian_Slater, 1969-08-18, 2440452, 2,2,3,7,17,1709, 0, 0, 228277.9394
Colin_Firth, 1960-09-10, 2437188, 2,2,3,13,17,919, 0, 0, 280620.9216
Dalida, 1933-01-17, 2427090, 2,3,5,17,4759, 0, 0, 150476.7143
David_Schwimmer, 1966-11-02, 2439432, 2,2,2,3,3,17,1993, 0, 0, 254211.1707
Dennis_Quaid, 1954-04-09, 2434842, 2,3,3,17,73,109, 0, 0, 292619.1111
Donald_Trump, 1946-06-14, 2431986, 2,3,17,113,211, 0, 0, 355265.5577
Eckhart_Tolle, 1948-02-16, 2432598, 2,3,7,17,3407, 0, 0, 151654.2222
Edgar_Allan_Poe, 1809-01-19, 2381802, 2,3,17,19,1229, 0, 0, 340889
Edward_Norton, 1969-08-18, 2440452, 2,2,3,7,17,1709, 0, 0, 359733.8596
Elizabeth_Hurley, 1965-06-10, 2438922, 2,3,17,23911, 0, 0, 234033.9143
Jackie_Robinson, 1919-01-31, 2421990, 2,3,3,5,17,1583, 0, 0, 327129.3438
John_F._Kennedy, 1917-05-29, 2421378, 2,3,3,17,41,193, 0, 0, 496524.431
Kareem_Abdul-Jabbar, 1947-04-16, 2432292, 2,2,3,17,11923, 0, 0, 260464.2045
Larry_King, 1933-11-19, 2427396, 2,2,3,17,73,163, 0, 0, 169079.4722
Leonard_Cohen, 1934-09-21, 2427702, 2,3,17,23801, 0, 0, 225222.2857
Michelle_Obama, 1964-01-17, 2438412, 2,2,3,17,11953, 0, 0, 219444.7808
Miranda_Cosgrove, 1993-05-14, 2449122, 2,3,13,17,1847, 0, 0, 728958.5946
Nicholas_Sparks, 1965-12-31, 2439126, 2,3,3,3,17,2657, 0, 0, 227450.6875
Pharrell_Williams, 1973-04-05, 2441778, 2,3,17,37,647, 0, 0, 490308.9231
Seth_MacFarlane, 1973-10-26, 2441982, 2,3,17,89,269, 0, 0, 438789.8261
Willie_Nelson, 1933-04-29, 2427192, 2,2,2,3,3,3,17,661, 0, 0, 244650.2647
