Alan_J._Pakula, 1928-04-07, 2425344, 2,2,2,2,2,2,2,2,2,3,1579, 0, 0, 23444.07143
Alfred_Hitchcock, 1899-08-13, 2414880, 2,2,2,2,2,3,3,3,5,13,43, 0, 0, 232167.01
Carole_King, 1942-02-09, 2430400, 2,2,2,2,2,2,5,5,7,7,31, 0, 0, 184115.7037
Christian_de_Duve, 1917-10-02, 2421504, 2,2,2,2,2,2,2,2,3,3,1051, 0, 0, 12009.55882
David_James_(footballer), 1970-08-01, 2440800, 2,2,2,2,2,3,3,3,5,5,113, 0, 0, 22866.54286
Emile_Heskey, 1978-01-11, 2443520, 2,2,2,2,2,2,2,2,5,23,83, 0, 0, 102361.275
James_Baldwin, 1924-08-02, 2424000, 2,2,2,2,2,2,3,5,5,5,101, 0, 0, 51519.43333
James_Garner, 1928-04-07, 2425344, 2,2,2,2,2,2,2,2,2,3,1579, 0, 0, 223019.2414
Jim_Cummings, 1952-11-03, 2434320, 2,2,2,2,3,3,3,5,7,7,23, 0, 0, 120277.8846
Johannes_Vermeer, 1632-10-31, 2317440, 2,2,2,2,2,2,2,3,5,17,71, 0, 0, 130381.7838
João_Havelange, 1916-05-08, 2420992, 2,2,2,2,2,2,2,2,7,7,193, 0, 0, 29088.26471
Klaus_Tschütscher, 1967-07-08, 2439680, 2,2,2,2,2,2,2,2,2,5,953, 0, 0, 6600.214286
Manuel_Castells, 1942-02-09, 2430400, 2,2,2,2,2,2,5,5,7,7,31, 0, 0, 58047.26923
Marguerite_de_Navarre, 1492-04-11, 2266112, 2,2,2,2,2,2,2,2,2,2,2213, 0, 0, 15739.57143
Roald_Dahl, 1916-09-13, 2421120, 2,2,2,2,2,2,2,3,5,13,97, 0, 0, 261161.2745
Ronnie_O'Sullivan, 1975-12-05, 2442752, 2,2,2,2,2,2,2,2,2,13,367, 0, 0, 115166.7895
Thomas_Johansson, 1975-03-24, 2442496, 2,2,2,2,2,2,2,2,7,29,47, 0, 0, 13388.22222
Wes_Brown, 1979-10-13, 2444160, 2,2,2,2,2,2,2,3,5,19,67, 0, 0, 42958.46667
Zooey_Deschanel, 1980-01-17, 2444256, 2,2,2,2,2,3,3,3,3,23,41, 0, 0, 851459.7436
