Abraham_Lincoln, 1809-02-12, 2381826, 2,3,396971, 0, 0, 504925.2748
Barack_Obama, 1961-08-04, 2437516, 2,2,609379, 0, 0, 562682.885
Beyoncé, 1981-09-04, 2444852, 2,2,611213, 0, 0, 616858.0349
Brad_Pitt, 1963-12-18, 2438382, 2,3,406397, 0, 0, 639600.2442
David_Bowie, 1947-01-08, 2432194, 2,191,6367, 0, 0, 498752.7761
David_Guetta, 1967-11-07, 2439802, 2,53,23017, 0, 0, 499669.5862
Isla_Fisher, 1976-02-03, 2442812, 2,2,610703, 0, 0, 472004.1
James_Franco, 1978-04-19, 2443618, 2,53,23053, 0, 0, 612270.7907
Jeffrey_Dahmer, 1960-05-21, 2437076, 2,2,609269, 0, 0, 667511.1852
Jennifer_Love_Hewitt, 1979-02-21, 2443926, 2,3,407321, 0, 0, 481980.617
Julia_Child, 1912-08-15, 2419630, 2,5,241963, 0, 0, 518714.4483
Ludacris, 1977-09-11, 2443398, 2,3,407233, 0, 0, 494378.8108
Matt_Damon, 1970-10-08, 2440868, 2,2,610217, 0, 0, 506816.8
Michael_Sheen, 1969-02-05, 2440258, 2,31,39359, 0, 0, 531671.4815
Nicolas_Cage, 1964-01-07, 2438402, 2,577,2113, 0, 0, 529383.6232
Rihanna, 1988-02-20, 2447212, 2,2,611803, 0, 0, 1058112.447
Robert_Pattinson, 1986-05-13, 2446564, 2,2,611641, 0, 0, 782863
Sacha_Baron_Cohen, 1971-10-13, 2441238, 2,3,406873, 0, 0, 454105.1455
Sunny_Leone, 1981-05-13, 2444738, 2,37,33037, 0, 0, 792865.963
Triple_H, 1969-07-27, 2440430, 2,5,244043, 0, 0, 787557.9211
Victoria_Justice, 1993-02-19, 2449038, 2,3,408173, 0, 0, 729200.1852
