Alyson_Hannigan, 1974-03-24, 2,5,103,2371, 544853.3514
Ashton_Kutcher, 1978-02-07, 2,7,17,10267, 705775.8269
Brandon_Lee, 1965-02-01, 2,2,2,304849, 496278.8
Bruno_Mars, 1985-10-08, 2,7,197,887, 722974.2453
Freddie_Mercury, 1946-09-05, 2,2,73,8329, 755745.8933
Jada_Pinkett_Smith, 1971-09-18, 2,2,67,9109, 498196.2593
Jeff_Hardy, 1977-08-31, 2,3,11,37021, 541239.975
Jenna_Jameson, 1974-04-09, 2,7,19,9181, 629642.0417
John_Cena, 1977-04-23, 2,2,2,305407, 919637.4151
Katherine_Heigl, 1978-11-24, 2,2,3,203653, 566450.7
Katy_Perry, 1984-10-25, 2,79,113,137, 857817.0972
Kristen_Stewart, 1990-04-09, 2,5,43,5693, 955837.0345
Lionel_Messi, 1987-06-24, 2,5,23,10639, 867939.1053
Megan_Fox, 1986-05-16, 2,3,173,2357, 945945.3492
Natalie_Portman, 1981-06-09, 2,2,7,87313, 583969.4487
Neil_Patrick_Harris, 1973-06-15, 2,2,2,305231, 834520.6341
Randy_Orton, 1980-04-01, 2,5,7,34919, 614329.4474
Scarlett_Johansson, 1984-11-22, 2,3,11,37061, 516806.4066
Ted_Bundy, 1946-11-24, 2,2,3,202679, 563540.1842
Tupac_Shakur, 1971-06-16, 2,3,139,2927, 866521.1014
Zac_Efron, 1987-10-18, 2,19,71,907, 563371.3636
