Alyssa_Milano, 1972-12-19, 2,3,5,7,7,11,151, 391663.175
Billy_Ray_Cyrus, 1961-08-25, 2,2,2,2,2,3,25391, 318590.9167
Corey_Taylor, 1973-12-08, 2,2,2,3,3,13,2609, 356730.0357
Cory_Monteith, 1982-05-11, 2,2,5,5,7,7,499, 629062.2857
Debby_Ryan, 1993-05-13, 2,2,2,2,2,5,15307, 334431.6471
Eddie_Vedder, 1964-12-23, 2,2,2,2,2,17,4483, 364430.6061
Elle_Fanning, 1998-04-09, 2,2,2,2,2,191,401, 357419.3704
George_Harrison, 1943-02-25, 2,2,3,5,11,29,127, 325569.1667
Jackson_Rathbone, 1984-12-14, 2,2,2,2,2,11,6949, 316283
Jennifer_Garner, 1972-04-17, 2,2,2,2,3,19,2677, 355992.7021
John_Belushi, 1949-01-24, 2,2,3,5,23,41,43, 343435.6061
Joseph_Gordon-Levitt, 1981-02-17, 2,2,3,3,7,89,109, 633562.8
Jude_Law, 1972-12-29, 2,2,2,2,5,23,1327, 366541.8679
Kate_Winslet, 1975-10-05, 2,3,3,3,5,83,109, 378422.6712
Mandy_Moore, 1984-04-10, 2,2,2,5,5,7,1747, 397600.4634
Mariah_Carey, 1970-03-27, 2,2,2,2,2,13,5867, 498632.6438
Natasha_Richardson, 1963-05-11, 2,2,2,2,3,5,10159, 363048.3158
Paris_Hilton, 1981-02-17, 2,2,3,3,7,89,109, 434445.1719
Shakira, 1977-02-02, 2,2,2,3,3,3,11311, 586653.4516
Steve_Wozniak, 1950-08-11, 2,2,2,2,2,3,25349, 311643.2182
Tom_Felton, 1987-09-22, 2,2,5,7,7,11,227, 313715.5
