Channing_Tatum, 1980-04-26, 2444356, 2,2,449,1361, 0, 0, 932963
Charles_Manson, 1934-11-12, 2427754, 2,7,7,7,3539, 0, 0, 888097.4186
Cristiano_Ronaldo, 1985-02-05, 2446102, 2,1223051, 0, 0, 1053769.805
Eminem, 1972-10-17, 2441608, 2,2,2,13,17,1381, 0, 0, 1312695.181
Emma_Stone, 1988-11-06, 2447472, 2,2,2,2,3,50989, 0, 0, 934637.4474
Jason_Statham, 1967-07-26, 2439698, 2,1219849, 0, 0, 813869.9592
Johnny_Depp, 1963-06-09, 2438190, 2,3,3,5,27091, 0, 0, 1037709.288
Kaley_Cuoco, 1985-11-30, 2446400, 2,2,2,2,2,2,5,5,11,139, 0, 0, 965585.4
Kim_Kardashian, 1980-10-21, 2444534, 2,1222267, 0, 0, 1515231.932
Lil_Wayne, 1982-09-27, 2445240, 2,2,2,3,5,7,41,71, 0, 0, 1401836.674
Macaulay_Culkin, 1980-08-26, 2444478, 2,3,73,5581, 0, 0, 852066.5778
Miley_Cyrus, 1992-11-23, 2448950, 2,5,5,7,6997, 0, 0, 1277051.847
Nicki_Minaj, 1982-12-08, 2445312, 2,2,2,2,2,2,2,2,2,2,2,2,3,199, 0, 0, 1115701.245
Paul_Walker, 1973-09-12, 2441938, 2,1220969, 0, 0, 907568.1429
Rihanna, 1988-02-20, 2447212, 2,2,611803, 0, 0, 1058112.447
Ryan_Gosling, 1980-11-12, 2444556, 2,2,3,203713, 0, 0, 839408.8649
Selena_Gomez, 1992-07-22, 2448826, 2,1224413, 0, 0, 913989.0208
Sunny_Leone, 1981-05-13, 2444738, 2,37,33037, 0, 0, 792865.963
Taylor_Swift, 1989-12-13, 2447874, 2,3,3,3,11,13,317, 0, 0, 863062.3971
Vin_Diesel, 1967-07-18, 2439690, 2,3,5,11,7393, 0, 0, 861818.1304
Zooey_Deschanel, 1980-01-17, 2444256, 2,2,2,2,2,3,3,3,3,23,41, 0, 0, 851459.7436
