Augustus_III_of_Poland, 1696-10-17, 2340802, 2,23,151,337, 0, 0, 34241.5
Cláudio_Taffarel, 1966-05-08, 2439254, 2,41,151,197, 0, 0, 48055.42857
Cuba_Gooding,_Jr., 1968-01-02, 2439858, 2,3,151,2693, 0, 0, 37575.21429
Eddie_Fenech_Adami, 1934-02-07, 2427476, 2,2,151,4019, 0, 0, 8490.75
Ernst_Jünger, 1895-03-29, 2413282, 2,61,131,151, 0, 0, 54124.94118
Jefferson_Davis, 1808-06-03, 2381572, 2,2,151,3943, 0, 0, 129713.6471
Kenny_G, 1956-06-05, 2435630, 2,5,151,1613, 0, 0, 140390.3929
Kevin_Doyle, 1983-09-18, 2445596, 2,2,151,4049, 0, 0, 28845.57143
Luigi_Riva, 1944-11-07, 2431402, 2,83,97,151, 0, 0, 24567.48276
Michelangelo, 1475-03-06, 2259866, 2,7,151,1069, 0, 0, 253119.0063
