Augustus_III_of_Poland, 1696-10-17, 2340802, 2,23,151,337, 0, 0, 34241.5
Ayumi_Hamasaki, 1978-10-02, 2443784, 2,2,2,7,17,17,151, 0, 0, 304254.439
Bella_Thorne, 1997-10-08, 2450730, 2,3,5,151,541, 0, 0, 379715.4688
Chris_O'Donnell, 1970-06-26, 2440764, 2,2,3,3,151,449, 0, 0, 182663.2941
Cláudio_Taffarel, 1966-05-08, 2439254, 2,41,151,197, 0, 0, 48055.42857
Cuba_Gooding,_Jr., 1968-01-02, 2439858, 2,3,151,2693, 0, 0, 37575.21429
Ernst_Jünger, 1895-03-29, 2413282, 2,61,131,151, 0, 0, 54124.94118
Fabricio_Coloccini, 1982-01-22, 2444992, 2,2,2,2,2,2,11,23,151, 0, 0, 47127.38235
Herbert_Marcuse, 1898-07-19, 2414490, 2,3,5,13,41,151, 0, 0, 52662.16667
Humberto_de_Alencar_Castelo_Branco, 1897-09-20, 2414188, 2,2,7,151,571, 0, 0, 30509.75862
Husayn_ibn_Ali, 0626-01-08, 1949712, 2,2,2,2,3,151,269, 0, 0, 55551.02273
Irena_Sendler, 1910-02-15, 2418718, 2,151,8009, 0, 0, 120172.6341
Jack_Black, 1969-08-28, 2440462, 2,151,8081, 0, 0, 380868.5532
Jefferson_Davis, 1808-06-03, 2381572, 2,2,151,3943, 0, 0, 129713.6471
Jérôme_Boateng, 1988-09-03, 2447408, 2,2,2,2,151,1013, 0, 0, 111636.525
Kenny_G, 1956-06-05, 2435630, 2,5,151,1613, 0, 0, 140390.3929
Mercedes_Ruehl, 1948-02-28, 2432610, 2,3,3,5,151,179, 0, 0, 34483.17857
Michelangelo, 1475-03-06, 2259866, 2,7,151,1069, 0, 0, 253119.0063
Steven_Chu, 1948-02-28, 2432610, 2,3,3,5,151,179, 0, 0, 41290.17021
T._E._Lawrence, 1888-08-16, 2410866, 2,3,3,151,887, 0, 0, 125299.4615
Željko_Ražnatović, 1952-04-17, 2434120, 2,2,2,5,13,31,151, 0, 0, 66580.33333
