Aristotle_Onassis, 1906-01-15, 2417226, 2,3,7,67,859, 0, 0, 138229.5111
Avicii, 1989-09-08, 2447778, 2,3,67,6089, 0, 0, 456361.2593
Daniel_Auteuil, 1950-01-24, 2433306, 2,3,67,6053, 0, 0, 86147.68966
Ed_Westwick, 1987-06-27, 2446974, 2,3,3,67,2029, 0, 0, 406406.7778
Fabio_Quagliarella, 1983-01-31, 2445366, 2,3,7,11,67,79, 0, 0, 78678.25
Frank_Sinatra, 1915-12-12, 2420844, 2,2,3,67,3011, 0, 0, 370111.1486
Gene_Kelly, 1912-08-23, 2419638, 2,3,13,67,463, 0, 0, 139890.4043
Helmut_Kohl, 1930-04-03, 2426070, 2,3,5,17,67,71, 0, 0, 88218.78462
Homare_Sawa, 1978-09-06, 2443758, 2,3,67,6079, 0, 0, 94129.65385
Ilan_Ramon, 1954-06-20, 2434914, 2,3,3,3,67,673, 0, 0, 37891.625
Jimmy_Carter, 1924-10-01, 2424060, 2,2,3,3,3,5,67,67, 0, 0, 201643.7596
Käthe_Kollwitz, 1867-07-08, 2403156, 2,2,3,7,7,61,67, 0, 0, 48019.88571
Louis_XV_of_France, 1710-02-15, 2345670, 2,3,3,5,67,389, 0, 0, 125024.9167
Mario_Andretti, 1940-02-28, 2429688, 2,2,2,3,67,1511, 0, 0, 63808.81818
Norodom_Sihamoni, 1953-05-14, 2434512, 2,2,2,2,3,67,757, 0, 0, 31245.39535
Raoul_Dufy, 1877-06-03, 2406774, 2,3,67,5987, 0, 0, 31414.48276
Silvio_Piola, 1913-09-29, 2420040, 2,2,2,3,5,7,43,67, 0, 0, 42284.66667
W._H._Auden, 1907-02-21, 2417628, 2,2,3,31,67,97, 0, 0, 68436
Walther_Funk, 1890-08-18, 2411598, 2,3,7,67,857, 0, 0, 26125.8
Wayne_Gretzky, 1961-01-26, 2437326, 2,3,3,43,47,67, 0, 0, 307944.697
Wes_Brown, 1979-10-13, 2444160, 2,2,2,2,2,2,2,3,5,19,67, 0, 0, 42958.46667
