Andriy_Shevchenko, 1976-09-29, 2,3,3,5,5,61,89, 169293.2667
Ben_Wallace, 1974-09-10, 2,2,3,5,5,7,1163, 91413.75862
Charles_I_of_Austria, 1887-08-17, 2,2,3,5,5,5,1607, 50934.35556
Clifford_Geertz, 1926-08-23, 2,3,5,5,5,53,61, 55700.80769
Hans-Adam_II,_Prince_of_Liechtenstein, 1945-02-14, 2,2,3,5,5,5,1621, 18748.32609
James_Francis_Edward_Stuart, 1688-06-10, 2,3,3,5,5,5,1039, 38128.36667
Marcus_Garvey, 1887-08-17, 2,2,3,5,5,5,1607, 177607.9
Philippe_Noiret, 1930-10-01, 2,3,5,5,5,5,647, 41073.23256
Reinhold_Messner, 1944-09-17, 2,3,3,3,5,5,1801, 94154.12195
Richard_Harris, 1930-10-01, 2,3,5,5,5,5,647, 216976.5714
Ryan_Phillippe, 1974-09-10, 2,2,3,5,5,7,1163, 308571.7419
Sonja_Henie, 1912-04-08, 2,2,3,5,5,5,1613, 34348.69697
