Briana_Banks, 1978-05-21, 2443650, 2,3,5,5,11,1481, 0, 0, 278049.4615
Bryan_Robson, 1957-01-11, 2435850, 2,3,3,5,5,5413, 0, 0, 55810.28571
Candice_Bergen, 1946-05-09, 2431950, 2,3,5,5,31,523, 0, 0, 105176.7568
Dennis_Tito, 1940-08-08, 2429850, 2,3,5,5,97,167, 0, 0, 28665.6
Francesco_Hayez, 1791-02-10, 2375250, 2,3,5,5,5,3167, 0, 0, 36504.77419
Frederick_III,_Holy_Roman_Emperor, 1415-09-21, 2238150, 2,3,5,5,43,347, 0, 0, 8784.860465
Gilles_Villeneuve, 1950-01-18, 2433300, 2,2,3,5,5,8111, 0, 0, 107494.3448
Henry_II_of_England, 1133-03-05, 2134950, 2,3,5,5,43,331, 0, 0, 106257.6842
Heydar_Aliyev, 1923-05-10, 2423550, 2,3,5,5,107,151, 0, 0, 24598.68182
Joseph_Murray, 1919-04-01, 2422050, 2,3,5,5,67,241, 0, 0, 9392.909091
Kerry_King, 1964-06-03, 2438550, 2,3,3,5,5,5419, 0, 0, 120249
Martin_Škrtel, 1984-12-15, 2446050, 2,3,5,5,23,709, 0, 0, 49892.36842
Michelle_Trachtenberg, 1985-10-11, 2446350, 2,3,5,5,47,347, 0, 0, 368302.8966
Philip_I_of_Castile, 1478-07-22, 2261100, 2,2,3,5,5,7537, 0, 0, 59795.05263
Valter_Birsa, 1986-08-07, 2446650, 2,3,3,5,5,5437, 0, 0, 30803.2069
