50_Cent, 1975-07-06, 2442600, 2,2,2,3,3,5,5,23,59, 0, 0, 632055.6716
Briana_Banks, 1978-05-21, 2443650, 2,3,5,5,11,1481, 0, 0, 278049.4615
Bryan_Robson, 1957-01-11, 2435850, 2,3,3,5,5,5413, 0, 0, 55810.28571
Candice_Bergen, 1946-05-09, 2431950, 2,3,5,5,31,523, 0, 0, 105176.7568
Cuauhtémoc_Blanco, 1973-01-17, 2441700, 2,2,3,3,5,5,2713, 0, 0, 78293.48485
Fedor_Emelianenko, 1976-09-28, 2443050, 2,3,3,5,5,61,89, 0, 0, 571876.4286
Gabriela_Mistral, 1889-04-07, 2411100, 2,2,3,3,3,5,5,19,47, 0, 0, 77513.51613
Gilles_Villeneuve, 1950-01-18, 2433300, 2,2,3,5,5,8111, 0, 0, 107494.3448
Hayao_Miyazaki, 1941-01-05, 2430000, 2,2,2,2,3,3,3,3,3,5,5,5,5, 0, 0, 414062.75
Henry_II_of_England, 1133-03-05, 2134950, 2,3,5,5,43,331, 0, 0, 106257.6842
James_Baldwin, 1924-08-02, 2424000, 2,2,2,2,2,2,3,5,5,5,101, 0, 0, 51519.43333
Joseph_Schumpeter, 1883-02-08, 2408850, 2,3,3,5,5,53,101, 0, 0, 87888.2381
Kerry_King, 1964-06-03, 2438550, 2,3,3,5,5,5419, 0, 0, 120249
Kurt_Angle, 1968-12-09, 2440200, 2,2,2,3,5,5,7,7,83, 0, 0, 324973.8889
Marco_van_Basten, 1964-10-31, 2438700, 2,2,3,5,5,11,739, 0, 0, 116366.8654
Martin_Škrtel, 1984-12-15, 2446050, 2,3,5,5,23,709, 0, 0, 49892.36842
Michelle_Trachtenberg, 1985-10-11, 2446350, 2,3,5,5,47,347, 0, 0, 368302.8966
Natalie_Wood, 1938-07-20, 2429100, 2,2,3,3,5,5,2699, 0, 0, 247223.7111
Philip_I_of_Castile, 1478-07-22, 2261100, 2,2,3,5,5,7537, 0, 0, 59795.05263
Recep_Tayyip_Erdoğan, 1954-02-26, 2434800, 2,2,2,2,3,5,5,2029, 0, 0, 105559.0132
Wojciech_Szczęsny, 1990-04-18, 2448000, 2,2,2,2,2,2,2,3,3,5,5,5,17, 0, 0, 88322.95122
