Charles_I_of_Austria, 1887-08-17, 2,2,3,5,5,5,1607, 50934.35556
Clifford_Geertz, 1926-08-23, 2,3,5,5,5,53,61, 55700.80769
Hans-Adam_II,_Prince_of_Liechtenstein, 1945-02-14, 2,2,3,5,5,5,1621, 18748.32609
Henry_Moore, 1898-07-30, 2,2,5,5,5,11,439, 73859.1
Ivan_Lendl, 1960-03-07, 2,2,2,5,5,5,2437, 107764.8444
James_Francis_Edward_Stuart, 1688-06-10, 2,3,3,5,5,5,1039, 38128.36667
Manuel_Pinto_da_Costa, 1937-08-05, 2,5,5,5,5,29,67, 5821.793103
Marcel_Marceau, 1923-03-22, 2,2,5,5,5,37,131, 62489.63158
Marcus_Garvey, 1887-08-17, 2,2,3,5,5,5,1607, 177607.9
Nicholas_I_of_Montenegro, 1841-10-07, 2,5,5,5,5,5,383, 21807.88462
Philippe_Noiret, 1930-10-01, 2,3,5,5,5,5,647, 41073.23256
Richard_Harris, 1930-10-01, 2,3,5,5,5,5,647, 216976.5714
Sonja_Henie, 1912-04-08, 2,2,3,5,5,5,1613, 34348.69697
