Audrey_Tautou, 1976-08-09, 2443000, 2,2,2,5,5,5,7,349, 0, 0, 170865.2679
Claire_Forlani, 1972-07-01, 2441500, 2,2,5,5,5,19,257, 0, 0, 215274.8621
Claudio_Abbado, 1933-06-26, 2427250, 2,5,5,5,7,19,73, 0, 0, 33907.69231
Claudio_Caniggia, 1967-01-09, 2439500, 2,2,5,5,5,7,17,41, 0, 0, 70636.19355
Denise_Richards, 1971-02-17, 2441000, 2,2,2,5,5,5,2441, 0, 0, 387577.2222
Dino_Buzzati, 1906-10-16, 2417500, 2,2,5,5,5,5,967, 0, 0, 44014.75
Elif_Şafak, 1971-10-25, 2441250, 2,3,3,5,5,5,5,7,31, 0, 0, 41302.69231
Francesco_Hayez, 1791-02-10, 2375250, 2,3,5,5,5,3167, 0, 0, 36504.77419
Fredrik_Ljungberg, 1977-04-16, 2443250, 2,5,5,5,29,337, 0, 0, 99408.27778
Hayao_Miyazaki, 1941-01-05, 2430000, 2,2,2,2,3,3,3,3,3,5,5,5,5, 0, 0, 414062.75
Iván_Helguera, 1975-03-28, 2442500, 2,2,5,5,5,5,977, 0, 0, 39287.15385
James_Baldwin, 1924-08-02, 2424000, 2,2,2,2,2,2,3,5,5,5,101, 0, 0, 51519.43333
Jefferson_Farfán, 1984-10-26, 2446000, 2,2,2,2,5,5,5,1223, 0, 0, 75648.64286
Jermain_Defoe, 1982-10-07, 2445250, 2,5,5,5,9781, 0, 0, 84292.15
John_Stockton, 1962-03-26, 2437750, 2,5,5,5,7,7,199, 0, 0, 113734.1212
Marcelo_H._del_Pilar, 1850-08-30, 2397000, 2,2,2,3,5,5,5,17,47, 0, 0, 40049.92593
Peter_III_of_Russia, 1728-02-21, 2352250, 2,5,5,5,97,97, 0, 0, 57356.46939
Pierre_Trudeau, 1919-10-18, 2422250, 2,5,5,5,9689, 0, 0, 85690.66667
Sasha_Cohen, 1984-10-26, 2446000, 2,2,2,2,5,5,5,1223, 0, 0, 82414.38462
Stanley_Tucci, 1960-11-11, 2437250, 2,5,5,5,9749, 0, 0, 255573.129
Wojciech_Szczęsny, 1990-04-18, 2448000, 2,2,2,2,2,2,2,3,3,5,5,5,17, 0, 0, 88322.95122
