Audrey_Tautou, 1976-08-09, 2443000, 2,2,2,5,5,5,7,349, 0, 0, 170865.2679
Boris_Trajkovski, 1956-06-25, 2435650, 2,5,5,7,6959, 0, 0, 8530.685714
Carole_King, 1942-02-09, 2430400, 2,2,2,2,2,2,5,5,7,7,31, 0, 0, 184115.7037
Chris_Jericho, 1970-11-09, 2440900, 2,2,5,5,7,11,317, 0, 0, 424251.5
Claudio_Abbado, 1933-06-26, 2427250, 2,5,5,5,7,19,73, 0, 0, 33907.69231
Claudio_Caniggia, 1967-01-09, 2439500, 2,2,5,5,5,7,17,41, 0, 0, 70636.19355
Ed_Gein, 1906-08-27, 2417450, 2,5,5,7,6907, 0, 0, 607577.6296
Elif_Şafak, 1971-10-25, 2441250, 2,3,3,5,5,5,5,7,31, 0, 0, 41302.69231
Enzo_Bearzot, 1927-09-26, 2425150, 2,5,5,7,13,13,41, 0, 0, 26282.23077
Jairzinho, 1944-12-25, 2431450, 2,5,5,7,6947, 0, 0, 27964.1875
John_Stockton, 1962-03-26, 2437750, 2,5,5,5,7,7,199, 0, 0, 113734.1212
Joseph_Joffre, 1852-01-12, 2397500, 2,2,5,5,5,5,7,137, 0, 0, 22736.94444
Karl_Mannheim, 1893-03-27, 2412550, 2,5,5,7,61,113, 0, 0, 21428.33333
Kurt_Angle, 1968-12-09, 2440200, 2,2,2,3,5,5,7,7,83, 0, 0, 324973.8889
Kurt_Student, 1890-05-12, 2411500, 2,2,5,5,5,7,13,53, 0, 0, 26591.83333
Magda_Goebbels, 1901-11-11, 2415700, 2,2,5,5,7,7,17,29, 0, 0, 92763.51724
Manuel_Castells, 1942-02-09, 2430400, 2,2,2,2,2,2,5,5,7,7,31, 0, 0, 58047.26923
Miley_Cyrus, 1992-11-23, 2448950, 2,5,5,7,6997, 0, 0, 1277051.847
Oleh_Husyev, 1983-04-25, 2445450, 2,3,5,5,7,17,137, 0, 0, 7777.935484
William_Lamb,_2nd_Viscount_Melbourne, 1779-03-15, 2370900, 2,2,3,5,5,7,1129, 0, 0, 4498.5
