50_Cent, 1975-07-06, 2442600, 2,2,2,3,3,5,5,23,59, 0, 0, 632055.6716
Anton_Makarenko, 1888-01-13, 2410650, 2,3,3,5,5,11,487, 0, 0, 26749.89286
Bryan_Robson, 1957-01-11, 2435850, 2,3,3,5,5,5413, 0, 0, 55810.28571
Cuauhtémoc_Blanco, 1973-01-17, 2441700, 2,2,3,3,5,5,2713, 0, 0, 78293.48485
David_James_(footballer), 1970-08-01, 2440800, 2,2,2,2,2,3,3,3,5,5,113, 0, 0, 22866.54286
Elif_Şafak, 1971-10-25, 2441250, 2,3,3,5,5,5,5,7,31, 0, 0, 41302.69231
Ephraim_Katzir, 1916-05-16, 2421000, 2,2,2,3,3,5,5,5,269, 0, 0, 11172.40741
Fedor_Emelianenko, 1976-09-28, 2443050, 2,3,3,5,5,61,89, 0, 0, 571876.4286
Francesco_Borromini, 1599-09-25, 2305350, 2,3,3,5,5,47,109, 0, 0, 35811.475
Gabriela_Mistral, 1889-04-07, 2411100, 2,2,3,3,3,5,5,19,47, 0, 0, 77513.51613
Hayao_Miyazaki, 1941-01-05, 2430000, 2,2,2,2,3,3,3,3,3,5,5,5,5, 0, 0, 414062.75
Joseph_Schumpeter, 1883-02-08, 2408850, 2,3,3,5,5,53,101, 0, 0, 87888.2381
Josip_Jelačić, 1801-10-16, 2379150, 2,3,3,5,5,17,311, 0, 0, 17949.96552
Kerry_King, 1964-06-03, 2438550, 2,3,3,5,5,5419, 0, 0, 120249
László_Papp, 1926-03-25, 2424600, 2,2,2,3,3,3,5,5,449, 0, 0, 7188.321429
Natalie_Wood, 1938-07-20, 2429100, 2,2,3,3,5,5,2699, 0, 0, 247223.7111
Niamh_Kavanagh, 1968-02-13, 2439900, 2,2,3,3,5,5,2711, 0, 0, 11716.53846
Philip_Johnson, 1906-07-08, 2417400, 2,2,2,3,3,5,5,17,79, 0, 0, 40671.56818
Stanley_Milgram, 1933-08-15, 2427300, 2,2,3,3,3,5,5,29,31, 0, 0, 47217.96875
Valter_Birsa, 1986-08-07, 2446650, 2,3,3,5,5,5437, 0, 0, 30803.2069
Wojciech_Szczęsny, 1990-04-18, 2448000, 2,2,2,2,2,2,2,3,3,5,5,5,17, 0, 0, 88322.95122
