Assia_Djebar, 1936-06-30, 2428350, 2,3,5,5,16189, 0, 0, 19449.75
Carmelo_Anthony, 1984-05-29, 2445850, 2,5,5,11,4447, 0, 0, 229297.925
Claudio_Marchisio, 1986-01-19, 2446450, 2,5,5,113,433, 0, 0, 74269.47619
Dana_International, 1972-02-02, 2441350, 2,5,5,157,311, 0, 0, 55391.11111
Daniel_Cohn-Bendit, 1945-04-04, 2431550, 2,5,5,11,4421, 0, 0, 78135.25806
Ed_Gein, 1906-08-27, 2417450, 2,5,5,7,6907, 0, 0, 607577.6296
Jairzinho, 1944-12-25, 2431450, 2,5,5,7,6947, 0, 0, 27964.1875
Jan_Matejko, 1838-06-24, 2392550, 2,5,5,109,439, 0, 0, 73357.92308
Javier_Saviola, 1981-12-11, 2444950, 2,5,5,107,457, 0, 0, 112270.6905
Jermain_Defoe, 1982-10-07, 2445250, 2,5,5,5,9781, 0, 0, 84292.15
Mesut_Özil, 1988-10-15, 2447450, 2,5,5,31,1579, 0, 0, 303750.0339
Michael_Palin, 1943-05-05, 2430850, 2,5,5,61,797, 0, 0, 119048.5758
Miley_Cyrus, 1992-11-23, 2448950, 2,5,5,7,6997, 0, 0, 1277051.847
Mohamed_Zidan, 1981-12-11, 2444950, 2,5,5,107,457, 0, 0, 59732.8125
Moritz_Schlick, 1882-04-14, 2408550, 2,3,5,5,16057, 0, 0, 16181.53571
Philipp_Lahm, 1983-11-11, 2445650, 2,5,5,41,1193, 0, 0, 100898.8868
Pierre_Trudeau, 1919-10-18, 2422250, 2,5,5,5,9689, 0, 0, 85690.66667
Simone_de_Beauvoir, 1908-01-09, 2417950, 2,5,5,37,1307, 0, 0, 98729.44706
Stanley_Tucci, 1960-11-11, 2437250, 2,5,5,5,9749, 0, 0, 255573.129
Vittorio_Emanuele_Orlando, 1860-05-19, 2400550, 2,5,5,41,1171, 0, 0, 19714.81481
William_the_Silent, 1533-04-24, 2281100, 2,2,5,5,22811, 0, 0, 64120.08163
