Alan_Moore, 1953-11-18, 2,2,5,5,97,251, 214341.8485
Alanis_Morissette, 1974-06-01, 2,2,2,5,5,12211, 231432.3148
Benazir_Bhutto, 1953-06-21, 2,5,5,23,29,73, 74179.77174
Brian_Epstein, 1934-09-19, 2,2,5,5,11,2207, 71272.34286
Briana_Banks, 1978-05-21, 2,3,5,5,11,1481, 278049.4615
Bryan_Robson, 1957-01-11, 2,3,3,5,5,5413, 55810.28571
Candice_Bergen, 1946-05-09, 2,3,5,5,31,523, 105176.7568
Floyd_Landis, 1975-10-14, 2,2,5,5,13,1879, 46628.83871
Francesco_Hayez, 1791-02-10, 2,3,5,5,5,3167, 36504.77419
Fredrik_Ljungberg, 1977-04-16, 2,5,5,5,29,337, 99408.27778
George_Weah, 1966-10-01, 2,2,2,5,5,12197, 95012.54348
Gilles_Villeneuve, 1950-01-18, 2,2,3,5,5,8111, 107494.3448
Henri_de_Toulouse-Lautrec, 1864-11-24, 2,2,2,5,5,12011, 125973.6984
Henry_II_of_England, 1133-03-05, 2,3,5,5,43,331, 106257.6842
Kerry_King, 1964-06-03, 2,3,3,5,5,5419, 120249
Marco_Pantani, 1970-01-13, 2,2,2,5,5,12203, 95538.25806
Martin_Škrtel, 1984-12-15, 2,3,5,5,23,709, 49892.36842
Michelle_Trachtenberg, 1985-10-11, 2,3,5,5,47,347, 368302.8966
Peter_III_of_Russia, 1728-02-21, 2,5,5,5,97,97, 57356.46939
Philip_I_of_Castile, 1478-07-22, 2,2,3,5,5,7537, 59795.05263
Rafael_Alberti, 1902-12-16, 2,2,5,5,37,653, 64328.16667
