Andriy_Shevchenko, 1976-09-29, 2,3,3,5,5,61,89, 169293.2667
Ansel_Adams, 1902-02-20, 2,2,2,5,5,47,257, 112233.5405
Ben_Wallace, 1974-09-10, 2,2,3,5,5,7,1163, 91413.75862
Charles_I_of_Austria, 1887-08-17, 2,2,3,5,5,5,1607, 50934.35556
Clifford_Geertz, 1926-08-23, 2,3,5,5,5,53,61, 55700.80769
Cory_Monteith, 1982-05-11, 2,2,5,5,7,7,499, 629062.2857
Fulgencio_Batista, 1901-01-16, 2,2,2,5,5,13,929, 90916.94643
George_Soros, 1930-08-12, 2,2,2,5,5,7,1733, 179072.1017
Henry_Moore, 1898-07-30, 2,2,5,5,5,11,439, 73859.1
Ivan_Lendl, 1960-03-07, 2,2,2,5,5,5,2437, 107764.8444
James_Francis_Edward_Stuart, 1688-06-10, 2,3,3,5,5,5,1039, 38128.36667
Jorge_Garcia, 1973-04-28, 2,2,2,5,5,29,421, 98624.55172
Mandy_Moore, 1984-04-10, 2,2,2,5,5,7,1747, 397600.4634
Marcel_Marceau, 1923-03-22, 2,2,5,5,5,37,131, 62489.63158
Marcus_Garvey, 1887-08-17, 2,2,3,5,5,5,1607, 177607.9
Pauleta, 1973-04-28, 2,2,2,5,5,29,421, 54538.125
Philippe_Noiret, 1930-10-01, 2,3,5,5,5,5,647, 41073.23256
Reinhold_Messner, 1944-09-17, 2,3,3,3,5,5,1801, 94154.12195
Richard_Harris, 1930-10-01, 2,3,5,5,5,5,647, 216976.5714
Rudyard_Kipling, 1865-12-30, 2,2,2,5,5,41,293, 108726.382
Ryan_Phillippe, 1974-09-10, 2,2,3,5,5,7,1163, 308571.7419
