Aleksandr_Kerzhakov, 1982-11-27, 2,2,3,3,5,5,11,13,19
Alexander_R._Todd,_Baron_Todd, 1907-10-02, 2,3,3,3,3,3,5,5,199
Amanda_Tapping, 1965-08-28, 2,2,2,3,3,5,5,5,271
César_Pelli, 1926-10-12, 2,2,2,2,2,5,5,7,433
Donald_Sutherland, 1935-07-17, 2,2,2,2,2,5,5,5,607
Elena_Paparizou, 1982-01-31, 2,2,2,3,5,5,5,5,163
Karl_Pearson, 1857-03-27, 2,2,2,3,3,5,5,31,43
Mike_Portnoy, 1967-04-20, 2,2,2,2,3,5,5,19,107
Nikolai_Berdyaev, 1874-03-18, 2,2,2,2,2,5,5,31,97
Satoshi_Tajiri, 1965-08-28, 2,2,2,3,3,5,5,5,271
Shania_Twain, 1965-08-28, 2,2,2,3,3,5,5,5,271
