Anton_Makarenko, 1888-01-13, 2410650, 2,3,3,5,5,11,487, 0, 0, 26749.89286
Brian_Epstein, 1934-09-19, 2427700, 2,2,5,5,11,2207, 0, 0, 71272.34286
Briana_Banks, 1978-05-21, 2443650, 2,3,5,5,11,1481, 0, 0, 278049.4615
Carmelo_Anthony, 1984-05-29, 2445850, 2,5,5,11,4447, 0, 0, 229297.925
Chris_Jericho, 1970-11-09, 2440900, 2,2,5,5,7,11,317, 0, 0, 424251.5
Daniel_Cohn-Bendit, 1945-04-04, 2431550, 2,5,5,11,4421, 0, 0, 78135.25806
Eduard_Kokoity, 1964-10-31, 2438700, 2,2,3,5,5,11,739, 0, 0, 6441.756098
Isidor_Isaac_Rabi, 1898-07-29, 2414500, 2,2,5,5,5,11,439, 0, 0, 10552.38
Kaley_Cuoco, 1985-11-30, 2446400, 2,2,2,2,2,2,5,5,11,139, 0, 0, 965585.4
Marco_van_Basten, 1964-10-31, 2438700, 2,2,3,5,5,11,739, 0, 0, 116366.8654
Nikolai_Andrianov, 1952-10-14, 2434300, 2,2,5,5,11,2213, 0, 0, 12399.5
