Alessandro_Manzoni, 1785-03-07, 2373084, 2,2,3,3,3,7,43,73, 0, 0, 72838.91489
Alex_Ferguson, 1941-12-31, 2430360, 2,2,2,3,3,5,43,157, 0, 0, 211358.4697
Alfred_Hitchcock, 1899-08-13, 2414880, 2,2,2,2,2,3,3,3,5,13,43, 0, 0, 232167.01
David_Cook_(singer), 1982-12-20, 2445324, 2,2,3,7,43,677, 0, 0, 57651.76923
Elizabeth_I_of_England, 1533-09-07, 2281236, 2,2,3,43,4421, 0, 0, 370663.8113
Emmanuel_Petit, 1970-09-22, 2440852, 2,2,23,43,617, 0, 0, 56184.19355
Hakan_Şükür, 1971-09-01, 2441196, 2,2,3,3,19,43,83, 0, 0, 80262.68421
Jason_Earles, 1977-04-26, 2443260, 2,2,3,5,43,947, 0, 0, 356005
Justin_Timberlake, 1981-01-31, 2444636, 2,2,43,61,233, 0, 0, 571333.029
Leelee_Sobieski, 1983-06-10, 2445496, 2,2,2,43,7109, 0, 0, 201184.6667
Matt_Dillon, 1964-02-18, 2438444, 2,2,43,14177, 0, 0, 187413.7568
Omar_Epps, 1973-07-20, 2441884, 2,2,43,14197, 0, 0, 181563.1111
Ornella_Muti, 1955-03-09, 2435176, 2,2,2,43,7079, 0, 0, 104788.8108
Paul_Giamatti, 1967-06-06, 2439648, 2,2,2,2,2,3,3,43,197, 0, 0, 171443.7576
Plácido_Domingo, 1941-01-21, 2430016, 2,2,2,2,2,2,43,883, 0, 0, 71081.5283
Shohreh_Aghdashloo, 1952-05-11, 2434144, 2,2,2,2,2,29,43,61, 0, 0, 59829.30769
Steve_McQueen, 1930-03-24, 2426060, 2,2,5,7,13,31,43, 0, 0, 281928.4259
Steven_Pinker, 1954-09-18, 2435004, 2,2,3,3,11,11,13,43, 0, 0, 61697.31034
Timothy_Leary, 1920-10-22, 2422620, 2,2,3,3,5,43,313, 0, 0, 185760.3636
Tom_Welling, 1977-04-26, 2443260, 2,2,3,5,43,947, 0, 0, 233908.9744
Tony_Shalhoub, 1953-10-09, 2434660, 2,2,5,19,43,149, 0, 0, 152837.3636
