Abdullah_Gül, 1950-10-29, 2433584, 2,2,2,2,17,23,389, 0, 0, 37440.98551
Babur, 1483-02-14, 2262768, 2,2,2,2,3,17,47,59, 0, 0, 58929.57407
Edmund_Hillary, 1919-07-20, 2422160, 2,2,2,2,5,13,17,137, 0, 0, 53212.875
Ella_Fitzgerald, 1917-04-25, 2421344, 2,2,2,2,2,17,4451, 0, 0, 200284.2667
Friedrich_Wilhelm_Joseph_Schelling, 1775-01-27, 2369392, 2,2,2,2,17,31,281, 0, 0, 35759.17778
Gisela_Dulko, 1985-01-30, 2446096, 2,2,2,2,17,17,23,23, 0, 0, 36220.03448
Isaac_Hayes, 1942-08-20, 2430592, 2,2,2,2,2,2,2,17,1117, 0, 0, 190313.7059
Jamie_Oliver, 1975-05-27, 2442560, 2,2,2,2,2,2,5,17,449, 0, 0, 208293.7647
Jean_Nouvel, 1945-08-12, 2431680, 2,2,2,2,2,2,3,5,17,149, 0, 0, 55852.30556
Jim_Jarmusch, 1953-01-22, 2434400, 2,2,2,2,2,5,5,17,179, 0, 0, 110784.1081
Johannes_Vermeer, 1632-10-31, 2317440, 2,2,2,2,2,2,2,3,5,17,71, 0, 0, 130381.7838
Marc_Bartra, 1991-01-15, 2448272, 2,2,2,2,17,9001, 0, 0, 45612.84615
Olga_Kurylenko, 1979-11-14, 2444192, 2,2,2,2,2,17,4493, 0, 0, 286350
Peter_Mandelson, 1953-10-21, 2434672, 2,2,2,2,17,8951, 0, 0, 59559.46154
Roland_Ratzenberger, 1960-07-04, 2437120, 2,2,2,2,2,2,2,2,2,2,2,2,5,7,17, 0, 0, 73821.15152
Ryan_Giggs, 1973-11-29, 2442016, 2,2,2,2,2,17,67,67, 0, 0, 233076.4098
Santiago_Calatrava, 1951-07-28, 2433856, 2,2,2,2,2,2,17,2237, 0, 0, 79543.40385
Thomas_Carlyle, 1795-12-04, 2377008, 2,2,2,2,3,3,17,971, 0, 0, 40906.65909
Wojciech_Szczęsny, 1990-04-18, 2448000, 2,2,2,2,2,2,2,3,3,5,5,5,17, 0, 0, 88322.95122
Woodrow_Wilson, 1856-12-28, 2399312, 2,2,2,2,17,8821, 0, 0, 154442.957
Yves_Montand, 1921-10-13, 2422976, 2,2,2,2,2,2,17,17,131, 0, 0, 86773.07317
