Anthony_Eden, 1897-06-12, 2414088, 2,2,2,3,3,33529, 0, 0, 35850.77551
Daryl_Hannah, 1960-12-03, 2437272, 2,2,2,3,3,33851, 0, 0, 217024.9143
Denzil_Douglas, 1953-01-14, 2434392, 2,2,2,3,3,33811, 0, 0, 6940.615385
Devon_Aoki, 1982-08-10, 2445192, 2,2,2,3,3,33961, 0, 0, 198491.1071
Gustavo_Kuerten, 1976-09-10, 2443032, 2,2,2,3,3,33931, 0, 0, 56862.51282
Joe_Dassin, 1938-11-05, 2429208, 2,2,2,3,3,33739, 0, 0, 100757.1875
Joyce_Banda, 1950-04-12, 2433384, 2,2,2,3,3,33797, 0, 0, 12225.42105
Julianne_Moore, 1960-12-03, 2437272, 2,2,2,3,3,33851, 0, 0, 275829.7903
Maggie_Gyllenhaal, 1977-11-16, 2443464, 2,2,2,3,3,33937, 0, 0, 320363.8889
Martin_Ryle, 1918-09-27, 2421864, 2,2,2,3,3,33637, 0, 0, 7105.897436
Philipp_Kohlschreiber, 1983-10-16, 2445624, 2,2,2,3,3,33967, 0, 0, 24159.42308
Pierre_de_Marivaux, 1688-02-04, 2337624, 2,2,2,3,3,32467, 0, 0, 43767.92593
