Basshunter, 1984-12-22, 2,2,2,3,3,53,641, 195401.6667
Corey_Taylor, 1973-12-08, 2,2,2,3,3,13,2609, 356730.0357
Dan_Brown, 1964-06-22, 2,2,2,3,3,11,3079, 203344.6154
Demy_de_Zeeuw, 1983-05-26, 2,2,2,3,3,5,6793, 27999.51724
Ellen_Burstyn, 1932-12-07, 2,2,2,3,3,13,2593, 118980.8529
George_IV_of_the_United_Kingdom, 1762-08-12, 2,2,2,3,3,5,6569, 91721.66071
Gustaf_VI_Adolf_of_Sweden, 1882-11-11, 2,2,2,3,3,5,6691, 35380.08889
Hassanal_Bolkiah, 1946-07-15, 2,2,2,2,3,3,16889, 98930.88636
Jack_Kevorkian, 1928-05-26, 2,2,2,2,3,3,16843, 192995.9677
Jimmie_Johnson, 1975-09-17, 2,2,2,2,3,3,16963, 42929.54762
Kate_Bosworth, 1983-01-02, 2,2,2,3,3,3,11321, 275558.0938
Kurt_Gödel, 1906-04-28, 2,2,2,2,3,3,16787, 46342.76389
Leszek_Kołakowski, 1927-10-23, 2,2,2,3,3,13,2591, 30935.73333
Naomi_Campbell, 1970-05-22, 2,2,2,3,3,109,311, 220815.0889
Natascha_Kampusch, 1988-02-17, 2,2,2,3,3,41,829, 192537.4138
Rufus_Sewell, 1967-10-29, 2,2,2,2,3,3,16943, 147681.1923
Shakira, 1977-02-02, 2,2,2,3,3,3,11311, 586653.4516
Skandar_Keynes, 1991-09-05, 2,2,2,3,3,31,1097, 184977.5926
Stefan_Edberg, 1966-01-19, 2,2,2,3,3,19,1783, 64026.82927
Tomasz_Kuszczak, 1982-03-20, 2,2,2,3,3,29,1171, 39156.13333
William_Styron, 1925-06-11, 2,2,2,3,3,11,3061, 26021.6
