Abraham_de_Moivre, 1667-05-26, 2,2,2,2,3,3,11,1471
Alassane_Ouattara, 1942-01-01, 2,2,2,3,3,5,43,157
Alexandra_Maria_Lara, 1978-11-12, 2,2,2,2,3,3,3,5657
Antonín_Novotný, 1904-12-10, 2,2,2,3,3,3,67,167
Ayman_al-Zawahiri, 1951-06-19, 2,2,2,3,3,7,11,439
Bill_Russell, 1934-02-12, 2,2,2,3,3,5,11,613
Carlos_I_of_Portugal, 1863-09-28, 2,2,2,2,3,3,13,1283
Chet_Baker, 1929-12-23, 2,2,2,2,3,3,17,991
George_Arliss, 1868-04-10, 2,2,2,3,3,3,3,3709
Gianluigi_Buffon, 1978-01-28, 2,2,2,2,3,3,71,239
Greer_Garson, 1904-09-29, 2,2,2,2,3,3,13,1291
Hafizullah_Amin, 1929-08-01, 2,2,2,2,2,3,3,8423
Jamie_Carragher, 1978-01-28, 2,2,2,2,3,3,71,239
Jiang_Zemin, 1926-08-17, 2,2,2,3,3,7,17,283
Jupp_Heynckes, 1945-05-09, 2,2,2,2,2,3,3,8443
Kingsley_Amis, 1922-04-16, 2,2,2,3,3,5,53,127
Makarios_III, 1913-08-13, 2,2,2,3,3,19,29,61
Michel_Debré, 1912-01-15, 2,2,2,3,3,3,23,487
Nikolai_Ostrovsky, 1904-09-29, 2,2,2,2,3,3,13,1291
Paul_Wolfowitz, 1943-12-22, 2,2,2,3,3,3,5,2251
Shay_Given, 1976-04-20, 2,2,2,3,3,7,37,131
Susilo_Bambang_Yudhoyono, 1949-09-09, 2,2,2,2,3,3,61,277
Tite_Kubo, 1977-06-26, 2,2,2,3,3,5,11,617
Tom_Cruise, 1962-07-03, 2,2,2,3,3,7,7,691
Wilhelm_Canaris, 1887-01-01, 2,2,2,2,2,3,3,8369
Yevgeny_Kafelnikov, 1974-02-18, 2,2,2,2,3,3,3,5653
