Andrew_Carnegie, 1835-11-25, 2,2,2,89,3359, 167277.94
Anna_of_Russia, 1693-02-07, 2,3,13,89,337, 36052.58491
Bridget_Fonda, 1964-01-27, 2,7,19,89,103, 163795.8286
George_M._Dallas, 1792-07-10, 2,3,3,89,1483, 11963.10714
Giulio_Natta, 1903-02-26, 2,2,11,89,617, 13038.62857
Jean_Dausset, 1916-10-19, 2,2,3,89,2267, 7539.6
Joseph_Fouché, 1759-05-21, 2,7,7,89,271, 28189.5
Luca_Antonini, 1982-08-04, 2,3,19,89,241, 49723
Luís_Figo, 1972-11-04, 2,11,29,43,89, 139567.4727
Mikheil_Saakashvili, 1967-12-21, 2,3,3,89,1523, 30166.63235
Raquel_Welch, 1940-09-05, 2,11,17,73,89, 252577
Rob_Rensenbrink, 1947-07-03, 2,3,5,89,911, 19774
Robert_Bosch, 1861-09-23, 2,7,41,47,89, 38654.18519
Seth_MacFarlane, 1973-10-26, 2,3,17,89,269, 438789.8261
Sydney_Brenner, 1927-01-13, 2,3,19,89,239, 16243.57576
