Andrea_Barzagli, 1981-05-08, 2,2,139,4397, 50167.425
Andrew_Garfield, 1983-08-20, 2,19,139,463, 143083.2816
Calvin_Coolidge, 1872-07-04, 2,41,139,211, 84774.27059
Dante_Gabriel_Rossetti, 1828-05-12, 2,13,139,661, 64792.40476
Eoin_Colfer, 1965-05-14, 2,31,139,283, 40392.78125
François_Jacob, 1920-06-17, 2,2,139,4357, 14421.12121
George_E._Smith, 1930-05-10, 2,3,139,2909, 10519.34146
Javier_Solana, 1942-07-14, 2,7,139,1249, 32935.1
Johann_Heinrich_Lambert, 1728-08-26, 2,2,139,4231, 15888.03125
Justin_Gatlin, 1982-02-10, 2,5,139,1759, 55040.31429
Tupac_Shakur, 1971-06-16, 2,3,139,2927, 866521.1014
Yuri_Zhirkov, 1983-08-20, 2,19,139,463, 44876.63636
