Alessandro_Manzoni, 1785-03-07, 2373084, 2,2,3,3,3,7,43,73, 0, 0, 72838.91489
Anette_Olzon, 1971-06-21, 2441124, 2,2,3,3,3,7,3229, 0, 0, 89964.15385
Ashanti_(singer), 1980-10-13, 2444526, 2,3,3,3,7,29,223, 0, 0, 10490.42857
Avraam_Papadopoulos, 1984-12-03, 2446038, 2,3,3,3,3,3,7,719, 0, 0, 12825.24138
Bill_Clinton, 1946-08-19, 2432052, 2,2,3,3,3,7,3217, 0, 0, 263930.3983
Edith_Stein, 1891-10-12, 2412018, 2,3,3,3,3,3,7,709, 0, 0, 52454.79487
Gabrielle_Giffords, 1970-06-08, 2440746, 2,3,3,3,7,11,587, 0, 0, 131759.1892
Giovanni_Battista_Tiepolo, 1696-03-05, 2340576, 2,2,2,2,2,3,3,3,3,3,7,43, 0, 0, 29500.7381
Jim_Cummings, 1952-11-03, 2434320, 2,2,2,2,3,3,3,5,7,7,23, 0, 0, 120277.8846
Jody_Williams, 1950-10-09, 2433564, 2,2,3,3,3,3,7,29,37, 0, 0, 16278.65625
Josef_Masopust, 1931-02-09, 2426382, 2,3,3,3,7,7,7,131, 0, 0, 15282.87097
Josh_Radnor, 1974-07-29, 2442258, 2,3,3,3,7,7,13,71, 0, 0, 339447.7097
Lutz_Graf_Schwerin_von_Krosigk, 1887-08-22, 2410506, 2,3,3,3,7,7,911, 0, 0, 26447.43243
Nicolas-Joseph_Cugnot, 1725-02-26, 2351160, 2,2,2,3,3,3,5,7,311, 0, 0, 33408.86667
Oscar_Luigi_Scalfaro, 1918-09-09, 2421846, 2,3,3,3,7,43,149, 0, 0, 27593.61905
Scott_Parker, 1980-10-13, 2444526, 2,3,3,3,7,29,223, 0, 0, 46525.8
Ted_Kennedy, 1932-02-22, 2426760, 2,2,2,3,3,3,3,5,7,107, 0, 0, 206382.3585
Thomas_Bernhard, 1931-02-09, 2426382, 2,3,3,3,7,7,7,131, 0, 0, 54797.08333
Victor_Vasarely, 1906-04-09, 2417310, 2,3,3,3,5,7,1279, 0, 0, 72000.2
Émile_Loubet, 1838-12-31, 2392740, 2,2,3,3,3,3,5,7,211, 0, 0, 15937.38462
