Armin_Mueller-Stahl, 1930-12-17, 2426328, 2,2,2,3,3,3,47,239, 0, 0, 57167.86667
Arturo_Pérez-Reverte, 1951-11-25, 2433976, 2,2,2,19,67,239, 0, 0, 50282.93939
Christopher_Hitchens, 1949-04-13, 2433020, 2,2,5,239,509, 0, 0, 235647.9286
Clyde_Tombaugh, 1906-02-04, 2417246, 2,13,239,389, 0, 0, 23783.28205
Daniela_Hantuchová, 1983-04-23, 2445448, 2,2,2,239,1279, 0, 0, 45324.51351
Dietrich_Bonhoeffer, 1906-02-04, 2417246, 2,13,239,389, 0, 0, 116559.6585
François-René_de_Chateaubriand, 1768-09-04, 2367056, 2,2,2,2,239,619, 0, 0, 66484.81818
Gunnar_Nordahl, 1921-10-19, 2422982, 2,37,137,239, 0, 0, 37539.1
Gustave_Moreau, 1826-04-06, 2388088, 2,2,2,239,1249, 0, 0, 49832.08571
Henri_Barbusse, 1873-05-17, 2405296, 2,2,2,2,17,37,239, 0, 0, 14954.48571
Marita_Koch, 1957-02-18, 2435888, 2,2,2,2,7,7,13,239, 0, 0, 24286.14286
Michelle_Williams_(actress), 1980-09-09, 2444492, 2,2,239,2557, 0, 0, 31305.71053
Niko_Kranjčar, 1984-08-13, 2445926, 2,7,17,43,239, 0, 0, 46077.48649
Paul_Keating, 1944-01-18, 2431108, 2,2,239,2543, 0, 0, 35025.74194
Pierre_Puvis_de_Chavannes, 1824-12-14, 2387610, 2,3,3,3,5,37,239, 0, 0, 22861.03846
Pope_Paul_V, 1552-09-17, 2288186, 2,239,4787, 0, 0, 16416.12963
Sydney_Brenner, 1927-01-13, 2424894, 2,3,19,89,239, 0, 0, 16243.57576
Tom_Stoppard, 1937-07-03, 2428718, 2,239,5081, 0, 0, 60556.86207
Yongle_Emperor, 1360-05-02, 2217920, 2,2,2,2,2,2,5,29,239, 0, 0, 52782.03226
