Aaron_Lennon, 1987-04-16, 2446902, 2,3,3,3,113,401, 0, 0, 54588.97826
Alexander_Stepanovich_Popov, 1859-03-16, 2400120, 2,2,2,3,3,5,59,113, 0, 0, 14746.34286
Andrei_Grechko, 1903-10-04, 2416392, 2,2,2,3,3,3,3,3,11,113, 0, 0, 8287.785714
David_James_(footballer), 1970-08-01, 2440800, 2,2,2,2,2,3,3,3,5,5,113, 0, 0, 22866.54286
Donald_Trump, 1946-06-14, 2431986, 2,3,17,113,211, 0, 0, 355265.5577
Ernst_Kaltenbrunner, 1903-10-04, 2416392, 2,2,2,3,3,3,3,3,11,113, 0, 0, 65302.60976
Feliciano_López, 1981-09-20, 2444868, 2,2,3,3,113,601, 0, 0, 28042.96667
George_Abela, 1948-04-22, 2432664, 2,2,2,3,3,13,23,113, 0, 0, 10515.68966
Karl-Heinz_Rummenigge, 1955-09-25, 2435376, 2,2,2,2,3,113,449, 0, 0, 59110.32558
Roger_Penrose, 1931-08-08, 2426562, 2,3,3,113,1193, 0, 0, 56025.41026
Vinnie_Jones, 1965-01-05, 2438766, 2,3,3,11,109,113, 0, 0, 277912.7037
