Abdullah_Gül, 1950-10-29, 2433584, 2,2,2,2,17,23,389, 0, 0, 37440.98551
Alfred_Russel_Wallace, 1823-01-08, 2386904, 2,2,2,13,59,389, 0, 0, 60085
Allan_Simonsen, 1952-12-15, 2434362, 2,3,7,149,389, 0, 0, 24091.3871
Carl_von_Clausewitz, 1780-06-01, 2371344, 2,2,2,2,3,127,389, 0, 0, 70128.02128
Chagatai_Khan, 1183-12-22, 2153504, 2,2,2,2,2,173,389, 0, 0, 15343.97143
Clyde_Tombaugh, 1906-02-04, 2417246, 2,13,239,389, 0, 0, 23783.28205
Dennis_Aogo, 1987-01-14, 2446810, 2,5,17,37,389, 0, 0, 32454.13793
Dietrich_Bonhoeffer, 1906-02-04, 2417246, 2,13,239,389, 0, 0, 116559.6585
Emperor_Meiji, 1852-11-03, 2397796, 2,2,23,67,389, 0, 0, 117513.9184
George_Davis_Snell, 1903-12-19, 2416468, 2,2,389,1553, 0, 0, 6451.344828
Juhi_Chawla, 1967-11-13, 2439808, 2,2,2,2,2,2,2,7,7,389, 0, 0, 128468
Louis_XV_of_France, 1710-02-15, 2345670, 2,3,3,5,67,389, 0, 0, 125024.9167
Robert_Ludlum, 1927-05-25, 2425026, 2,3,389,1039, 0, 0, 125129.5667
Spike_Lee, 1957-03-20, 2435918, 2,31,101,389, 0, 0, 285770.2727
Steve_Zahn, 1967-11-13, 2439808, 2,2,2,2,2,2,2,7,7,389, 0, 0, 131170.8966
Woody_Allen, 1935-12-01, 2428138, 2,389,3121, 0, 0, 351917.4805
