Albert_II_of_Belgium, 1934-06-06, 2,3,13,31123, 53992.75
Edvard_Grieg, 1843-06-15, 2,3,13,30697, 74733.5
Ehud_Barak, 1942-02-12, 2,3,13,31159, 53129.95556
Hans_Geiger, 1882-09-30, 2,3,13,30881, 17445
Jean_Renoir, 1894-09-15, 2,3,13,30937, 58320.62162
John_Galliano, 1960-11-28, 2,3,13,31247, 140559.6154
Katherine_Moennig, 1977-12-29, 2,3,13,31327, 167076.3793
Patrick_Dempsey, 1966-01-13, 2,3,13,31271, 344919.5946
Pope_Innocent_X, 1574-05-06, 2,3,13,29437, 17911.31148
Robert_Graves, 1895-07-24, 2,3,13,30941, 46455.72222
Steve_McClaren, 1961-05-03, 2,3,13,31249, 50895.66667
Virginia_Ruano_Pascual, 1973-09-21, 2,3,13,31307, 9302.615385
