Allen_Iverson, 1975-06-07, 2,3,5,13,6263, 335376.5641
Dannii_Minogue, 1971-10-20, 2,2,3,13,15649, 129753.1951
David_Henrie, 1989-07-11, 2,3,7,13,4483, 358139.8148
Dennis_Ritchie, 1941-09-09, 2,3,7,13,4451, 71514.29508
Erich_von_Däniken, 1935-04-14, 2,3,13,17,1831, 87168.94118
Hu_Jintao, 1942-12-21, 2,3,11,13,2833, 121948.3953
Jennifer_Connelly, 1970-12-12, 2,2,3,13,15647, 360216.5333
Joanne_Woodward, 1930-02-27, 2,3,13,19,1637, 83208.71795
João_Gilberto, 1931-06-10, 2,3,13,13,2393, 62565.25
Jóhanna_Sigurðardóttir, 1942-10-04, 2,2,3,13,15581, 28421.41379
Ken_Kesey, 1935-09-17, 2,3,7,13,4447, 87493.96774
Klaus_Mann, 1906-11-18, 2,2,3,13,15497, 28226.16129
Leona_Lewis, 1985-04-03, 2,3,11,13,2851, 335767.4318
Otis_Redding, 1941-09-09, 2,3,7,13,4451, 177999.0303
Rafael_Caldera, 1916-01-24, 2,3,13,41,757, 68165.88462
Robert_Duvall, 1931-01-05, 2,3,3,13,10369, 179721.5102
Semyon_Timoshenko, 1895-02-18, 2,3,3,13,10313, 19334.81579
Snoop_Dogg, 1971-10-20, 2,2,3,13,15649, 706028.283
Spencer_Tracy, 1900-04-05, 2,3,3,13,10321, 97326.25926
Sven-Göran_Eriksson, 1948-02-05, 2,3,13,13,2399, 81662.375
Tom_Wilkinson, 1948-02-05, 2,3,13,13,2399, 107554.1875
