Alain_Bernard, 1983-05-01, 2,2,2,2,3,13,3919, 48289.2963
Amos_Oz, 1939-05-04, 2,2,3,3,13,29,179, 38301.2973
Charles_Aznavour, 1924-05-22, 2,2,2,3,13,17,457, 131114.234
David_Coverdale, 1951-09-22, 2,2,2,3,13,29,269, 108785.5938
Frederick_William_I_of_Prussia, 1688-08-14, 2,2,2,3,13,59,127, 32930.53659
Georges_Bataille, 1897-09-10, 2,3,3,3,13,19,181, 63328
Hans_Christian_Gram, 1853-09-13, 2,3,5,11,13,13,43, 9020.071429
John_C._Mather, 1946-08-07, 2,2,2,3,5,13,1559, 9672.25
John_Petrucci, 1967-07-12, 2,2,3,3,13,13,401, 128044.9688
Justin_Long, 1978-06-02, 2,3,3,3,13,59,59, 350527.7037
Kieran_Gibbs, 1989-09-26, 2,2,3,13,13,17,71, 50196.78788
Norman_Schwarzkopf,_Jr., 1934-08-22, 2,2,2,3,13,31,251, 21450.0303
Taylor_Swift, 1989-12-13, 2,3,3,3,11,13,317, 863062.3971
Yi_So-yeon, 1978-06-02, 2,3,3,3,13,59,59, 7731.333333
Zita_of_Bourbon-Parma, 1892-05-09, 2,2,3,7,13,47,47, 53554.73333
