Abdullah_Öcalan, 1948-04-04, 2432646, 2,3,3,3,19,2371, 0, 0, 85682.7
Caster_Semenya, 1991-01-07, 2448264, 2,2,2,3,7,13,19,59, 0, 0, 113576.6071
Craig_David, 1981-05-05, 2444730, 2,3,5,19,4289, 0, 0, 135133.5882
Eden_Hazard, 1991-01-07, 2448264, 2,2,2,3,7,13,19,59, 0, 0, 240831.7568
Edgar_Allan_Poe, 1809-01-19, 2381802, 2,3,17,19,1229, 0, 0, 340889
Edward_G._Robinson, 1893-12-12, 2412810, 2,3,3,5,17,19,83, 0, 0, 81688.10714
Gabriela_Mistral, 1889-04-07, 2411100, 2,2,3,3,3,5,5,19,47, 0, 0, 77513.51613
Georges_Bataille, 1897-09-10, 2414178, 2,3,3,3,13,19,181, 0, 0, 63328
Giorgio_Armani, 1934-07-11, 2427630, 2,3,5,19,4259, 0, 0, 140216.7949
Giovanni_Trapattoni, 1939-03-17, 2429340, 2,2,3,5,19,2131, 0, 0, 84015.85294
Hakan_Şükür, 1971-09-01, 2441196, 2,2,3,3,19,43,83, 0, 0, 80262.68421
Jim_Parsons, 1973-03-24, 2441766, 2,3,19,21419, 0, 0, 673222.3846
Juliusz_Słowacki, 1809-09-04, 2382030, 2,3,3,5,7,19,199, 0, 0, 79692.86667
Martín_Palermo, 1973-11-07, 2441994, 2,3,19,31,691, 0, 0, 90949.70968
Nelson_Piquet, 1952-08-17, 2434242, 2,3,19,131,163, 0, 0, 62603.66667
Ricky_Martin, 1971-12-24, 2441310, 2,3,5,19,4283, 0, 0, 233111.8421
Sarah_Michelle_Gellar, 1977-04-14, 2443248, 2,2,2,2,3,3,19,19,47, 0, 0, 424751
Shirley_Bassey, 1937-01-08, 2428542, 2,3,3,3,3,3,19,263, 0, 0, 131828.2258
Steve_Vai, 1960-06-06, 2437092, 2,2,3,3,7,19,509, 0, 0, 213699.7632
Tim_Roth, 1961-05-14, 2437434, 2,3,3,19,7127, 0, 0, 249384.4167
Wyclef_Jean, 1969-10-17, 2440512, 2,2,2,2,2,2,3,3,19,223, 0, 0, 163833.3056
