Bernhard_Schlink, 1944-07-06, 2431278, 2,3,3,19,7109, 0, 0, 41179.625
Craig_David, 1981-05-05, 2444730, 2,3,5,19,4289, 0, 0, 135133.5882
Edgar_Allan_Poe, 1809-01-19, 2381802, 2,3,17,19,1229, 0, 0, 340889
Giorgio_Armani, 1934-07-11, 2427630, 2,3,5,19,4259, 0, 0, 140216.7949
Guillermo_Vilas, 1952-08-17, 2434242, 2,3,19,131,163, 0, 0, 41353.33333
Horst_Seehofer, 1949-07-04, 2433102, 2,3,7,19,3049, 0, 0, 42283.10345
Kostas_Katsouranis, 1979-06-21, 2444046, 2,3,11,19,1949, 0, 0, 17665.16129
Laurent_Schwartz, 1915-03-05, 2420562, 2,3,17,19,1249, 0, 0, 9613.655172
Leopold_II_of_Belgium, 1835-04-09, 2391378, 2,3,11,19,1907, 0, 0, 57326.53846
Luca_Antonini, 1982-08-04, 2445186, 2,3,19,89,241, 0, 0, 49723
Martín_Palermo, 1973-11-07, 2441994, 2,3,19,31,691, 0, 0, 90949.70968
Nelson_Piquet, 1952-08-17, 2434242, 2,3,19,131,163, 0, 0, 62603.66667
Ricky_Martin, 1971-12-24, 2441310, 2,3,5,19,4283, 0, 0, 233111.8421
Sydney_Brenner, 1927-01-13, 2424894, 2,3,19,89,239, 0, 0, 16243.57576
Sébastien_Buemi, 1988-10-31, 2447466, 2,3,7,19,3067, 0, 0, 19211.47059
Thomas_Kahlenberg, 1983-03-20, 2445414, 2,3,19,19,1129, 0, 0, 15481.44828
Tim_Roth, 1961-05-14, 2437434, 2,3,3,19,7127, 0, 0, 249384.4167
