Abdullah_Öcalan, 1948-04-04, 2,3,3,3,19,2371, 85682.7
Dan_Simmons, 1948-04-04, 2,3,3,3,19,2371, 50984.75
Fabio_Grosso, 1977-11-28, 2,2,3,7,19,1531, 62542.40541
Felix_Bloch, 1905-10-23, 2,3,7,13,19,233, 10487.44
Felix_Klein, 1849-04-25, 2,2,3,19,23,457, 15183.53846
Floriano_Peixoto, 1839-04-30, 2,2,3,5,19,2099, 22539
Giovanni_Trapattoni, 1939-03-17, 2,2,3,5,19,2131, 84015.85294
Ismail_I, 1487-07-17, 2,3,3,3,19,2207, 35756.82857
Jon_Dahl_Tomasson, 1976-08-29, 2,2,3,5,19,2143, 48195.02941
Pyotr_Nikolayevich_Wrangel, 1878-08-27, 2,2,2,3,19,5279, 15690.42424
Tomáš_Berdych, 1985-09-17, 2,3,3,19,23,311, 50892.94595
Viktor_Chernomyrdin, 1938-04-09, 2,3,11,13,19,149, 14063.525
