Amanda_Seyfried, 1985-12-03, 2,7,17,19,541, 607842.4146
Anna_Nicole_Smith, 1967-11-28, 2,3,7,11,5281, 283367.4318
Bob_Marley, 1945-02-06, 2,2,7,37,2347, 665908.1319
Calvin_Harris, 1984-01-17, 2,2,7,13,6719, 285724.3125
David_Henrie, 1989-07-11, 2,3,7,13,4483, 358139.8148
Hayley_Williams, 1988-12-27, 2,7,11,23,691, 459394.0833
Jerry_Lewis, 1926-03-16, 2,5,7,19,1823, 300946.4138
Jessica_Alba, 1981-04-28, 2,7,31,43,131, 513002.5672
Justin_Bieber, 1994-03-01, 2,2,7,7,12497, 1208064.543
Mitchel_Musso, 1991-07-09, 2,7,11,13,1223, 317108.2667
Nikki_Reed, 1988-05-17, 2,3,3,7,19423, 466590.1111
Phil_Collins, 1951-01-30, 2,2,7,23,3779, 346433.08
Pope_John_Paul_II, 1920-05-18, 2,7,7,19,1301, 348813.2364
Rob_Zombie, 1965-01-12, 2,2,3,7,29033, 375879.8276
Rose_Byrne, 1979-07-24, 2,7,13,13,1033, 363428.7857
Russell_Crowe, 1964-04-07, 2,2,7,73,1193, 337672.9649
Taio_Cruz, 1985-04-23, 2,7,7,109,229, 268347.8571
Tyra_Banks, 1973-12-04, 2,2,5,7,17443, 301357.2174
Wesley_Snipes, 1962-07-31, 2,2,7,83,1049, 337400.025
Willow_Smith, 2000-10-31, 2,2,2,7,43783, 482813.9655
Wiz_Khalifa, 1987-09-08, 2,3,3,7,19421, 727897.0625
