Andy_Roddick, 1982-08-30, 2445212, 2,2,7,11,17,467, 0, 0, 164783
Billy_Joel, 1949-05-09, 2433046, 2,7,7,11,37,61, 0, 0, 301556.5135
Brigitte_Nielsen, 1963-07-15, 2438226, 2,3,3,7,37,523, 0, 0, 277783.9394
Chloë_Sevigny, 1974-11-18, 2442370, 2,5,7,23,37,41, 0, 0, 305713.5357
Chris_Paul, 1985-05-06, 2446192, 2,2,2,2,7,21841, 0, 0, 199419.1714
Christian_Slater, 1969-08-18, 2440452, 2,2,3,7,17,1709, 0, 0, 228277.9394
Danny_Glover, 1946-07-22, 2432024, 2,2,2,7,137,317, 0, 0, 163196.7632
Edward_Norton, 1969-08-18, 2440452, 2,2,3,7,17,1709, 0, 0, 359733.8596
Enrico_Berlinguer, 1922-05-15, 2423190, 2,3,5,7,11,1049, 0, 0, 252491.1852
Fran_Drescher, 1957-09-30, 2436112, 2,2,2,2,7,21751, 0, 0, 315304.1034
Gustav_Klimt, 1862-07-14, 2401336, 2,2,2,7,137,313, 0, 0, 211676.4571
Mata_Hari, 1876-08-07, 2406474, 2,3,3,7,71,269, 0, 0, 162816.0328
Matthew_Morrison, 1978-10-30, 2443812, 2,2,3,7,47,619, 0, 0, 289266.9286
Neil_Young, 1945-11-12, 2431772, 2,2,7,7,19,653, 0, 0, 321384.093
Noel_Gallagher, 1967-05-29, 2439640, 2,2,2,5,7,8713, 0, 0, 251010.3158
Rebecca_Romijn, 1972-11-06, 2441628, 2,2,3,3,7,9689, 0, 0, 279454.8889
Richard_III_of_England, 1452-10-02, 2251676, 2,2,7,29,47,59, 0, 0, 172495.0877
Robin_Tunney, 1972-06-19, 2441488, 2,2,2,2,7,21799, 0, 0, 207258.9091
Roger_Waters, 1943-09-06, 2430974, 2,7,13,19,19,37, 0, 0, 246861.9556
Ronald_Reagan, 1911-02-06, 2419074, 2,3,3,7,73,263, 0, 0, 334460.6822
Shannen_Doherty, 1971-04-12, 2441054, 2,7,11,11,11,131, 0, 0, 305461.5143
