Akira_Toriyama, 1955-04-05, 2,3,3,7,7,11,251, 298591.871
Alyssa_Milano, 1972-12-19, 2,3,5,7,7,11,151, 391663.175
Claudio_Pizarro, 1978-10-03, 2,2,2,7,17,17,151, 115654.1176
Cory_Monteith, 1982-05-11, 2,2,5,5,7,7,499, 629062.2857
George_Soros, 1930-08-12, 2,2,2,5,5,7,1733, 179072.1017
Jack_Kirby, 1917-08-28, 2,2,3,3,3,7,3203, 115857.8846
Jim_Belushi, 1954-06-15, 2,2,3,7,7,41,101, 111295.9714
Jim_Broadbent, 1949-05-24, 2,2,3,3,5,7,1931, 127398.4545
Johnny_Hallyday, 1943-06-15, 2,5,7,7,11,11,41, 158154.5405
Joseph_Gordon-Levitt, 1981-02-17, 2,2,3,3,7,89,109, 633562.8
Kristen_Schaal, 1978-01-24, 2,2,7,7,7,13,137, 108566.7931
Mandy_Moore, 1984-04-10, 2,2,2,5,5,7,1747, 397600.4634
Michael_Emerson, 1954-09-07, 2,2,2,2,3,7,7247, 133007.0345
Paris_Hilton, 1981-02-17, 2,2,3,3,7,89,109, 434445.1719
Pat_Morita, 1932-06-28, 2,3,3,7,11,17,103, 228295.5769
Robert_Byrd, 1917-11-20, 2,2,2,2,3,7,7207, 110810.931
Ryan_Phillippe, 1974-09-10, 2,2,3,5,5,7,1163, 308571.7419
Terry_O'Quinn, 1952-07-15, 2,2,2,2,2,7,10867, 108741.3333
Timothy_Dalton, 1944-03-21, 2,3,3,5,7,17,227, 207211.2927
Tom_Felton, 1987-09-22, 2,2,5,7,7,11,227, 313715.5
Yann_Tiersen, 1970-06-23, 2,2,2,5,7,23,379, 115934.2222
