Ayman_al-Zawahiri, 1951-06-19, 2,2,2,3,3,7,11,439, 105545.7381
Denzel_Washington, 1954-12-28, 2,2,2,2,2,7,7,1553, 373075.2206
Falco_(musician), 1957-02-19, 2,2,2,2,7,7,13,239, 119893.8387
Fernando_Botero, 1932-04-19, 2,2,2,2,2,2,7,5417, 163491.0667
Golda_Meir, 1898-05-03, 2,2,3,3,7,11,13,67, 72860.85507
Hilary_Swank, 1974-07-30, 2,3,3,3,7,7,13,71, 193626.4407
Hulk_Hogan, 1953-08-11, 2,2,2,5,5,7,37,47, 543447.5116
James_Fenimore_Cooper, 1789-09-15, 2,2,2,2,7,7,13,233, 48930.95455
Jiang_Zemin, 1926-08-17, 2,2,2,3,3,7,17,283, 113336.9348
Louis_Saha, 1978-08-08, 2,2,2,2,3,7,7,1039, 73579.09302
Martina_Hingis, 1980-09-30, 2,2,2,2,2,7,7,1559, 116639.283
Matt_LeBlanc, 1967-07-25, 2,2,2,2,3,7,53,137, 282462.3333
Owen_Hargreaves, 1981-01-20, 2,2,2,2,7,13,23,73, 94495.67442
Ramzan_Kadyrov, 1976-10-05, 2,2,2,2,3,7,11,661, 59848.20588
Salvatore_Schillaci, 1964-12-01, 2,3,3,5,7,7,7,79, 51076.14286
Sandra_Oh, 1971-07-20, 2,2,2,2,2,2,7,5449, 236545.7692
Sarah_Palin, 1964-02-11, 2,2,3,7,7,11,13,29, 423057.2857
Shay_Given, 1976-04-20, 2,2,2,3,3,7,37,131, 63804.64706
Tadamichi_Kuribayashi, 1891-07-07, 2,2,2,2,5,7,59,73, 77890.35714
Tom_Cruise, 1962-07-03, 2,2,2,3,3,7,7,691, 591604.5732
Warwick_Davis, 1970-02-03, 2,2,3,3,5,7,13,149, 175679.5758
