Anna_Faris, 1976-11-29, 2443112, 2,2,2,7,43627, 0, 0, 379445.6
Bryce_Dallas_Howard, 1981-03-02, 2444666, 2,7,41,4259, 0, 0, 363752.7778
Charles_Manson, 1934-11-12, 2427754, 2,7,7,7,3539, 0, 0, 888097.4186
Chris_Jericho, 1970-11-09, 2440900, 2,2,5,5,7,11,317, 0, 0, 424251.5
Colin_Farrell, 1976-05-31, 2442930, 2,3,5,7,11633, 0, 0, 383619.9167
Ed_Gein, 1906-08-27, 2417450, 2,5,5,7,6907, 0, 0, 607577.6296
Evan_Rachel_Wood, 1987-09-07, 2447046, 2,3,3,7,19421, 0, 0, 486217.3667
Harrison_Ford, 1942-07-13, 2430554, 2,7,139,1249, 0, 0, 377878.9683
Hayden_Panettiere, 1989-08-21, 2447760, 2,2,2,2,3,5,7,31,47, 0, 0, 537846.0213
Jeremy_Clarkson, 1960-04-11, 2437036, 2,2,7,87037, 0, 0, 370308.7647
John_Dillinger, 1903-06-22, 2416288, 2,2,2,2,2,7,7,23,67, 0, 0, 521797.3438
Josh_Hutcherson, 1992-10-12, 2448908, 2,2,7,11,7951, 0, 0, 583363.4412
Kurt_Cobain, 1967-02-20, 2439542, 2,7,271,643, 0, 0, 679065.5147
Lil_Wayne, 1982-09-27, 2445240, 2,2,2,3,5,7,41,71, 0, 0, 1401836.674
Michael_C._Hall, 1971-02-01, 2440984, 2,2,2,7,7,13,479, 0, 0, 383879.4571
Mick_Jagger, 1943-07-26, 2430932, 2,2,7,17,5107, 0, 0, 386252.1552
Miley_Cyrus, 1992-11-23, 2448950, 2,5,5,7,6997, 0, 0, 1277051.847
Nina_Dobrev, 1989-01-09, 2447536, 2,2,2,2,7,13,41,41, 0, 0, 473772.2889
Salman_Khan, 1965-12-27, 2439122, 2,7,7,24889, 0, 0, 535074.5122
Tom_Hanks, 1956-07-09, 2435664, 2,2,2,2,3,7,11,659, 0, 0, 405936.5769
Vitali_Klitschko, 1971-07-19, 2441152, 2,2,2,2,2,2,7,5449, 0, 0, 446598.2759
