ATB, 1973-02-26, 2,2,5,7,107,163, 62744.15625
Aaron_Sorkin, 1961-06-09, 2,2,5,17,67,107, 155314.7037
Andrus_Ansip, 1956-10-01, 2,2,3,7,107,271, 10090.82609
Colleen_McCullough, 1937-06-01, 2,3,3,13,97,107, 31085.51852
Heydar_Aliyev, 1923-05-10, 2,3,5,5,107,151, 24598.68182
Karl_Brandt, 1904-01-08, 2,2,2,3,107,941, 20580.57692
Michael_J._Fox, 1961-06-09, 2,2,5,17,67,107, 467839.4
Morgan_Freeman, 1937-06-01, 2,3,3,13,97,107, 432477.0909
Ole_Gunnar_Solskjær, 1973-02-26, 2,2,5,7,107,163, 82381.24324
Raymond_Domenech, 1952-01-24, 2,2,11,11,47,107, 72593.13514
Rudolf_Christoph_Eucken, 1846-01-05, 2,3,7,13,41,107, 6631.215385
William_Friedkin, 1935-08-29, 2,2,3,31,61,107, 65834.19231
