Aribert_Heim, 1914-06-28, 2,2,2,41,47,157, 71607.73333
Emre_Belözoğlu, 1980-09-07, 2,3,3,5,157,173, 94989.19444
Gabriel_Milito, 1980-09-07, 2,3,3,5,157,173, 70721.63158
John_Russell_Hind, 1823-05-12, 2,2,3,7,157,181, 3228.107143
Marcell_Jansen, 1985-11-04, 2,3,7,7,53,157, 31052
Nigar_Jamal, 1980-09-07, 2,3,3,5,157,173, 17099.84615
RZA, 1969-07-05, 2,2,2,29,67,157, 104130.1154
Ross_Brawn, 1954-11-23, 2,3,5,11,47,157, 60187.73077
Sani_Abacha, 1943-09-20, 2,2,7,7,79,157, 27405.09091
Sophia_of_Hanover, 1630-10-14, 2,2,7,17,31,157, 46061.73077
