Alex_Ferguson, 1941-12-31, 2430360, 2,2,2,3,3,5,43,157, 0, 0, 211358.4697
Anne-Sophie_Mutter, 1963-06-29, 2438210, 2,5,157,1553, 0, 0, 43465.62069
Aribert_Heim, 1914-06-28, 2420312, 2,2,2,41,47,157, 0, 0, 71607.73333
Bernie_Ecclestone, 1930-10-28, 2426278, 2,157,7727, 0, 0, 142750.6389
Dana_International, 1972-02-02, 2441350, 2,5,5,157,311, 0, 0, 55391.11111
Doda_(singer), 1984-02-15, 2445746, 2,157,7789, 0, 0, 59543.35135
Emre_Belözoğlu, 1980-09-07, 2444490, 2,3,3,5,157,173, 0, 0, 94989.19444
Erik_Erikson, 1902-06-15, 2415916, 2,2,157,3847, 0, 0, 216396.8235
Franck_Ribéry, 1983-04-07, 2445432, 2,2,2,3,11,59,157, 0, 0, 236676.5574
Frank_de_Boer, 1970-05-15, 2440722, 2,3,157,2591, 0, 0, 64657.0625
Gabriel_Milito, 1980-09-07, 2444490, 2,3,3,5,157,173, 0, 0, 70721.63158
Henry_VIII_of_England, 1491-06-28, 2265824, 2,2,2,2,2,11,41,157, 0, 0, 631188.4286
Herbie_Hancock, 1940-04-12, 2429732, 2,2,53,73,157, 0, 0, 131794.1389
Ichiro_Suzuki, 1973-10-22, 2441978, 2,7,11,101,157, 0, 0, 296709.6
John_Bosco, 1815-08-16, 2384202, 2,3,157,2531, 0, 0, 82678.13725
Marcell_Jansen, 1985-11-04, 2446374, 2,3,7,7,53,157, 0, 0, 31052
RZA, 1969-07-05, 2440408, 2,2,2,29,67,157, 0, 0, 104130.1154
Ronald_de_Boer, 1970-05-15, 2440722, 2,3,157,2591, 0, 0, 40662
Ross_Brawn, 1954-11-23, 2435070, 2,3,5,11,47,157, 0, 0, 60187.73077
Sophia_of_Hanover, 1630-10-14, 2316692, 2,2,7,17,31,157, 0, 0, 46061.73077
Thornton_Wilder, 1897-04-17, 2414032, 2,2,2,2,31,31,157, 0, 0, 33268.89655
