50_Cent, 1975-07-06, 2442600, 2,2,2,3,3,5,5,23,59, 0, 0, 632055.6716
Alfonso_Cuarón, 1961-11-28, 2437632, 2,2,2,2,2,2,2,2,2,3,3,23,23, 0, 0, 89554.37931
BoA, 1986-11-05, 2446740, 2,2,3,3,3,5,23,197, 0, 0, 244977.5588
George_Abela, 1948-04-22, 2432664, 2,2,2,3,3,13,23,113, 0, 0, 10515.68966
Jan_Koller, 1973-03-30, 2441772, 2,2,3,3,3,23,983, 0, 0, 59175.68571
Jim_Cummings, 1952-11-03, 2434320, 2,2,2,2,3,3,3,5,7,7,23, 0, 0, 120277.8846
Kasper_Schmeichel, 1986-11-05, 2446740, 2,2,3,3,3,5,23,197, 0, 0, 72307.81481
Kelly_Clarkson, 1982-04-24, 2445084, 2,2,3,3,23,2953, 0, 0, 303434.4259
Les_Paul, 1915-06-09, 2420658, 2,3,3,3,23,1949, 0, 0, 308494.4082
Marc_Anthony, 1968-09-16, 2440116, 2,2,3,3,7,23,421, 0, 0, 342956.3636
Matthew_McConaughey, 1969-11-04, 2440530, 2,3,3,3,3,5,23,131, 0, 0, 413178.9167
Merton_Miller, 1923-05-16, 2423556, 2,2,3,3,23,2927, 0, 0, 10780.32258
Nicolas_Léonard_Sadi_Carnot, 1796-06-01, 2377188, 2,2,3,3,3,3,11,23,29, 0, 0, 20451.72727
René_van_de_Kerkhof, 1951-09-16, 2433906, 2,3,3,23,5879, 0, 0, 15626
Sean_Combs, 1969-11-04, 2440530, 2,3,3,3,3,5,23,131, 0, 0, 492898.4412
Terence_Hill, 1939-03-29, 2429352, 2,2,2,3,3,3,3,23,163, 0, 0, 317292.125
Théodore_Rousseau, 1812-04-15, 2382984, 2,2,2,3,3,23,1439, 0, 0, 17882.48148
Tomáš_Berdych, 1985-09-17, 2446326, 2,3,3,19,23,311, 0, 0, 50892.94595
Willy_van_de_Kerkhof, 1951-09-16, 2433906, 2,3,3,23,5879, 0, 0, 14988.19231
Zooey_Deschanel, 1980-01-17, 2444256, 2,2,2,2,2,3,3,3,3,23,41, 0, 0, 851459.7436
