Agnieszka_Radwańska, 1989-03-06, 2447592, 2,2,2,3,7,17,857, 0, 0, 88787.22222
Andoni_Zubizarreta, 1961-10-23, 2437596, 2,2,3,3,7,17,569, 0, 0, 46454.70588
Barry_Levinson, 1942-04-06, 2430456, 2,2,2,3,7,17,23,37, 0, 0, 47865.37037
Christian_Slater, 1969-08-18, 2440452, 2,2,3,7,17,1709, 0, 0, 228277.9394
Călin_Popescu-Tăriceanu, 1952-01-14, 2434026, 2,3,7,7,17,487, 0, 0, 8978.363636
Eckhart_Tolle, 1948-02-16, 2432598, 2,3,7,17,3407, 0, 0, 151654.2222
Edward_Norton, 1969-08-18, 2440452, 2,2,3,7,17,1709, 0, 0, 359733.8596
Erwin_Neher, 1944-03-20, 2431170, 2,3,3,5,7,17,227, 0, 0, 8000.548387
John_Ruskin, 1819-02-08, 2385474, 2,3,7,13,17,257, 0, 0, 73597.11111
Oleh_Husyev, 1983-04-25, 2445450, 2,3,5,5,7,17,137, 0, 0, 7777.935484
Ralf_Schumacher, 1975-06-30, 2442594, 2,3,7,11,17,311, 0, 0, 58244.29268
Richard_Clayderman, 1953-12-28, 2434740, 2,2,3,5,7,11,17,31, 0, 0, 82192.22581
Rudolph_Valentino, 1895-05-06, 2413320, 2,2,2,3,5,7,13,13,17, 0, 0, 103537.025
Théodore_Géricault, 1791-09-26, 2375478, 2,3,3,7,17,1109, 0, 0, 49257.25581
