Aron_Nimzowitsch, 1886-11-07, 2410218, 2,3,3,293,457, 0, 0, 12119.58621
Charles_Aznavour, 1924-05-22, 2423928, 2,2,2,3,13,17,457, 0, 0, 131114.234
Felix_Klein, 1849-04-25, 2396508, 2,2,3,19,23,457, 0, 0, 15183.53846
Jaco_Pastorius, 1951-12-01, 2433982, 2,457,2663, 0, 0, 134298.9655
Javier_Saviola, 1981-12-11, 2444950, 2,5,5,107,457, 0, 0, 112270.6905
Martha_Graham, 1894-05-11, 2412960, 2,2,2,2,2,3,5,11,457, 0, 0, 225573.8824
Max_Perutz, 1914-05-19, 2420272, 2,2,2,2,331,457, 0, 0, 9967
Mohamed_Zidan, 1981-12-11, 2444950, 2,5,5,107,457, 0, 0, 59732.8125
Prince_Joachim_of_Denmark, 1969-06-07, 2440380, 2,2,3,5,89,457, 0, 0, 43778.61538
Rick_Riordan, 1964-06-05, 2438552, 2,2,2,23,29,457, 0, 0, 131900.6207
Tom_Berenger, 1949-05-31, 2433068, 2,2,11,11,11,457, 0, 0, 161927.8519
