Debra_Winger, 1955-05-16, 2435244, 2,2,3,7,53,547, 0, 0, 121033.2857
Dietmar_Hamann, 1973-08-27, 2441922, 2,3,7,53,1097, 0, 0, 54027
Eugène_de_Beauharnais, 1781-09-03, 2371803, 3,7,53,2131, 0, 0, 28207.40741
Hans_Luther, 1879-03-10, 2407419, 3,3,7,7,53,103, 0, 0, 9420.645161
Lynn_Redgrave, 1943-03-08, 2430792, 2,2,2,3,3,7,7,13,53, 0, 0, 75009.74074
Marcell_Jansen, 1985-11-04, 2446374, 2,3,7,7,53,157, 0, 0, 31052
Mary_McDonnell, 1952-04-28, 2434131, 3,3,3,3,3,3,3,3,7,53, 0, 0, 126443.9259
Michael_III, 0840-01-19, 2027886, 2,3,7,53,911, 0, 0, 9741.146341
Olga_Korbut, 1955-05-16, 2435244, 2,2,3,7,53,547, 0, 0, 36401.58065
Robert_Noyce, 1927-12-12, 2425227, 3,7,53,2179, 0, 0, 230008.4375
Rudolf_Carnap, 1891-05-18, 2411871, 3,7,11,53,197, 0, 0, 25429.05556
