Ashley_Tisdale, 1985-07-02, 2446249, 13,17,11069, 0, 0, 490825.7273
Daniel_Radcliffe, 1989-07-23, 2447731, 11,13,17117, 0, 0, 413127.9091
David_Hasselhoff, 1952-07-17, 2434211, 13,41,4567, 0, 0, 276504.75
Drew_Barrymore, 1975-02-22, 2442466, 2,13,93941, 0, 0, 429028.9423
Elizabeth_Banks, 1974-02-10, 2442089, 13,19,9887, 0, 0, 427654.0606
Ellie_Goulding, 1986-12-30, 2446795, 5,13,37643, 0, 0, 456079.4815
James_Earl_Jones, 1931-01-17, 2426359, 13,17,10979, 0, 0, 214952.8889
Jeff_Dunham, 1962-04-18, 2437773, 3,13,62507, 0, 0, 228887.3333
Joaquin_Phoenix, 1974-10-28, 2442349, 7,13,26839, 0, 0, 428683.1667
Josh_Groban, 1981-02-27, 2444663, 13,173,1087, 0, 0, 243928.2941
Juliette_Lewis, 1973-06-21, 2441855, 5,13,37567, 0, 0, 317264.4
Ken_Watanabe, 1959-10-21, 2436863, 11,13,17041, 0, 0, 271492.4688
Kenneth_Branagh, 1960-12-10, 2437279, 13,47,3989, 0, 0, 209303.0541
Kumi_Koda, 1982-11-13, 2445287, 13,79,2381, 0, 0, 228692.1071
Logan_Lerman, 1992-01-19, 2448641, 13,13,14489, 0, 0, 461315.6452
Mahatma_Gandhi, 1869-10-02, 2403973, 11,13,16811, 0, 0, 321492.8406
Ray_Liotta, 1954-12-18, 2435095, 5,13,37463, 0, 0, 233494.8125
Stephen_Chow, 1962-06-22, 2437838, 2,13,93763, 0, 0, 349491.6154
Synyster_Gates, 1981-07-07, 2444793, 3,13,62687, 0, 0, 232366.6296
Timbaland, 1972-03-10, 2441387, 13,17,11047, 0, 0, 294917.7045
Wesley_Snipes, 1962-07-31, 2437877, 13,277,677, 0, 0, 337400.025
