Abigail_Breslin, 1996-04-14, 2,2,13,47119, 323182.2703
Benicio_del_Toro, 1967-02-19, 13,23,41,199, 199864.2368
Bruce_Willis, 1955-03-19, 2,13,229,409, 519817.7361
Catherine_Zeta-Jones, 1969-09-25, 2,5,13,18773, 292279.4154
Eddie_Van_Halen, 1955-01-26, 2,13,73,1283, 256304.4667
Evanna_Lynch, 1991-08-16, 5,13,139,271, 271014.2759
Frankie_Muniz, 1985-12-05, 5,13,61,617, 521514.3077
Gary_Moore, 1952-04-04, 3,13,13,4801, 183610.4884
Ilona_Staller, 1951-11-26, 7,7,13,3821, 240297.8667
Javier_Bardem, 1969-03-01, 2,13,17,5521, 308785.3462
Liam_Gallagher, 1972-09-21, 2,11,13,8537, 225093.3714
Lisa_Kudrow, 1963-07-30, 3,13,101,619, 241683.2609
Maggie_Grace, 1983-09-21, 13,13,29,499, 253144.2813
Peter_Jackson, 1961-10-31, 2,2,13,46877, 186333.1379
Rahm_Emanuel, 1959-11-29, 2,13,19,4933, 257546.963
Saif_Ali_Khan, 1970-08-16, 3,5,13,12517, 301988.375
Sandra_Oh, 1971-07-20, 11,13,43,397, 236545.7692
Sergio_Agüero, 1988-06-02, 5,13,23,1637, 222520.875
Steven_Gerrard, 1980-05-30, 2,5,13,18803, 208707.7969
Tom_Hardy, 1977-09-15, 2,13,13,7229, 678133.0278
Winston_Churchill, 1874-11-30, 2,7,13,13219, 288094.5526
