Adolphe_Thiers, 1797-04-15, 2,3,71,5581, 32727.39024
Andy_Williams, 1927-12-03, 2,3,71,5693, 103579.5
Arthur_de_Gobineau, 1816-07-14, 3,5,71,2239, 31366.2
Billy_Idol, 1955-11-30, 2,3,71,5717, 256713.6875
Camille_Claudel, 1864-12-08, 2,3,71,5639, 86091.62069
Carla_Gugino, 1971-08-29, 3,71,73,157, 315567.7931
Harry_Redknapp, 1947-03-02, 3,19,71,601, 103331.7188
Lady_Gaga, 1986-03-28, 2,3,71,5743, 786185.3158
Li_Na, 1982-02-26, 3,13,71,883, 7776.695652
Nikica_Jelavić, 1985-08-27, 3,5,71,2297, 44060.51613
Pope_Leo_XI, 1535-06-02, 3,3,71,3571, 14951.38889
