Ai_Weiwei, 1957-08-28, 2436079, 43,181,313, 0, 0, 131251.2188
Alberto_Gilardino, 1982-07-05, 2445156, 2,2,3,3,7,31,313, 0, 0, 71737.77778
Anahí, 1983-05-14, 2445469, 13,313,601, 0, 0, 176982.1
Dwight_Howard, 1985-12-08, 2446408, 2,2,2,313,977, 0, 0, 266136.8158
Elizabeth_of_Russia, 1709-12-29, 2345622, 2,3,313,1249, 0, 0, 56250.82692
Evander_Holyfield, 1962-10-19, 2437957, 313,7789, 0, 0, 255094.6897
Gustav_Klimt, 1862-07-14, 2401336, 2,2,2,7,137,313, 0, 0, 211676.4571
Martha_Washington, 1731-06-02, 2353447, 73,103,313, 0, 0, 43634
Matthias_Jakob_Schleiden, 1804-04-05, 2380052, 2,2,313,1901, 0, 0, 46653.2
Melanie_Klein, 1882-03-30, 2408535, 3,3,3,3,5,19,313, 0, 0, 60860.07692
Nena, 1960-03-24, 2437018, 2,17,229,313, 0, 0, 173353.3548
Nuno_Gomes, 1976-07-05, 2442965, 5,7,223,313, 0, 0, 60882.65789
Nurhaci, 1559-02-21, 2290534, 2,313,3659, 0, 0, 47194.64286
Oscar_Niemeyer, 1907-12-15, 2417925, 3,5,5,103,313, 0, 0, 98151.88235
Pierce_Brosnan, 1953-05-16, 2434514, 2,313,3889, 0, 0, 294517.0968
Piotr_Trochowski, 1984-03-22, 2445782, 2,313,3907, 0, 0, 43942.74194
Rosa_Parks, 1913-02-04, 2419803, 3,3,313,859, 0, 0, 249636.3944
Sarah_Vaughan, 1924-03-27, 2423872, 2,2,2,2,2,2,11,11,313, 0, 0, 71011.24138
Timothy_Leary, 1920-10-22, 2422620, 2,2,3,3,5,43,313, 0, 0, 185760.3636
Walter_Samuel, 1978-03-23, 2443591, 37,211,313, 0, 0, 50929.075
Émile_Zola, 1840-04-02, 2393198, 2,313,3823, 0, 0, 147035.75
