Antonios_Nikopolidis, 1971-01-14, 2440966, 2,11,181,613, 0, 0, 20607.32258
Daniel_Ortega, 1945-11-11, 2431771, 613,3967, 0, 0, 39080.63158
Daniel_Ricciardo, 1989-07-01, 2447709, 3,11,11,11,613, 0, 0, 24459.48148
Franjo_Tuđman, 1922-05-14, 2423189, 59,67,613, 0, 0, 28880.55814
Franz_Mesmer, 1734-05-23, 2354533, 23,167,613, 0, 0, 42430.96296
Henry_Fuseli, 1741-02-07, 2356985, 5,613,769, 0, 0, 46374.21429
Hermann_von_Helmholtz, 1821-08-31, 2386409, 17,229,613, 0, 0, 33427.10417
John_Surtees, 1934-02-11, 2427480, 2,2,2,3,3,5,11,613, 0, 0, 30555.1875
Lars_Onsager, 1903-11-27, 2416446, 2,3,3,3,73,613, 0, 0, 9906.073171
Manuel_Noriega, 1934-02-11, 2427480, 2,2,2,3,3,5,11,613, 0, 0, 104634.7073
Norman_Foster_Ramsey,_Jr., 1915-08-27, 2420737, 11,359,613, 0, 0, 5082.184211
Robert_Peel, 1788-02-05, 2374149, 3,613,1291, 0, 0, 32937.72727
Slavoj_Žižek, 1949-03-21, 2432997, 3,3,3,3,7,7,613, 0, 0, 98222.34884
Stendhal, 1783-01-23, 2372310, 2,3,3,5,43,613, 0, 0, 96563.30508
