Celeste_Holm, 1917-04-29, 2421348, 2,2,3,23,31,283, 0, 0, 36565.64516
Corey_Taylor, 1973-12-08, 2442025, 5,5,23,31,137, 0, 0, 356730.0357
Frank_Lloyd, 1886-02-02, 2409940, 2,2,5,13,13,23,31, 0, 0, 8627.111111
George_Kennedy, 1925-02-18, 2424200, 2,2,2,5,5,17,23,31, 0, 0, 86832.03704
Isabella_Rossellini, 1952-06-18, 2434182, 2,3,23,31,569, 0, 0, 176287.0278
Jared_Leto, 1971-12-26, 2441312, 2,2,2,2,2,23,31,107, 0, 0, 494313.6596
Katie_Leung, 1987-08-08, 2447016, 2,2,2,3,11,13,23,31, 0, 0, 82028.83871
Kimi_Räikkönen, 1979-10-17, 2444164, 2,2,23,31,857, 0, 0, 109559.1912
Shane_Smeltz, 1981-09-29, 2444877, 3,3,3,23,31,127, 0, 0, 19217.7037
Simone_Signoret, 1921-03-25, 2422774, 2,23,31,1699, 0, 0, 54136.02564
Steve_Redgrave, 1962-03-23, 2437747, 13,23,31,263, 0, 0, 44215.88462
Uwe_Seeler, 1936-11-05, 2428478, 2,13,23,31,131, 0, 0, 36777.91667
