Anthony_Burgess, 1917-02-25, 2421285, 3,5,151,1069, 0, 0, 70351.39394
Ennio_Morricone, 1928-11-10, 2425561, 1069,2269, 0, 0, 139189.4444
James_B._Sumner, 1887-11-19, 2410595, 5,11,41,1069, 0, 0, 5817.514286
Joseph_de_Maistre, 1753-04-01, 2361421, 47,47,1069, 0, 0, 28875.44444
Michael_Bublé, 1975-09-09, 2442665, 5,457,1069, 0, 0, 410006.3415
Michelangelo, 1475-03-06, 2259866, 2,7,151,1069, 0, 0, 253119.0063
Robert_III_of_Scotland, 1337-08-14, 2209623, 3,13,53,1069, 0, 0, 13887.75862
Steven_Seagal, 1952-04-10, 2434113, 3,3,11,23,1069, 0, 0, 446095.6667
Thomas_More, 1478-02-07, 2260935, 3,3,5,47,1069, 0, 0, 170460.5507
Tom_Hooper, 1972-10-05, 2441596, 2,2,571,1069, 0, 0, 12014.82759
