Al_Capone, 1899-01-17, 2414672, 2,2,2,2,13,13,19,47, 0, 0, 491181.2097
Alfred_Nobel, 1833-10-21, 2390843, 7,13,13,43,47, 0, 0, 110079.1468
Alice_Cooper, 1948-02-04, 2432586, 2,3,13,13,2399, 0, 0, 321313.5217
Andrey_Arshavin, 1981-05-29, 2444754, 2,3,13,13,2411, 0, 0, 127079.9815
Carole_Lombard, 1908-10-06, 2418221, 13,13,41,349, 0, 0, 101030.2903
Cindy_Crawford, 1966-02-20, 2439177, 3,13,13,17,283, 0, 0, 197012.7895
Cyd_Charisse, 1922-03-08, 2423122, 2,13,13,67,107, 0, 0, 72174.57692
Eduard_Khil, 1934-09-04, 2427685, 5,13,13,13,13,17, 0, 0, 119282.2857
F._Scott_Fitzgerald, 1896-09-24, 2413827, 3,3,3,13,13,23,23, 0, 0, 213149.0508
Gary_Moore, 1952-04-04, 2434107, 3,13,13,4801, 0, 0, 183610.4884
Hugo_Chávez, 1954-07-28, 2434952, 2,2,2,13,13,1801, 0, 0, 213734.4632
John_Petrucci, 1967-07-12, 2439684, 2,2,3,3,13,13,401, 0, 0, 128044.9688
Logan_Lerman, 1992-01-19, 2448641, 13,13,14489, 0, 0, 461315.6452
Maggie_Grace, 1983-09-21, 2445599, 13,13,29,499, 0, 0, 253144.2813
Montgomery_Clift, 1920-10-17, 2422615, 5,13,13,47,61, 0, 0, 103532.3421
Oliver_Stone, 1946-09-15, 2432079, 3,3,3,13,13,13,41, 0, 0, 182876.0889
Ridley_Scott, 1937-11-30, 2428868, 2,2,13,13,3593, 0, 0, 254356.6078
Rudolph_Valentino, 1895-05-06, 2413320, 2,2,2,3,5,7,13,13,17, 0, 0, 103537.025
Tom_Hardy, 1977-09-15, 2443402, 2,13,13,7229, 0, 0, 678133.0278
Tommy_Lee_Jones, 1946-09-15, 2432079, 3,3,3,13,13,13,41, 0, 0, 267926.04
Tony_Curtis, 1925-06-03, 2424305, 5,13,13,19,151, 0, 0, 173627.3137
