Aleksandr_Solzhenitsyn, 1918-12-11, 2421939, 3,13,13,17,281, 0, 0, 49846.02198
Alfred_Nobel, 1833-10-21, 2390843, 7,13,13,43,47, 0, 0, 110079.1468
Alice_Cooper, 1948-02-04, 2432586, 2,3,13,13,2399, 0, 0, 321313.5217
Andrey_Arshavin, 1981-05-29, 2444754, 2,3,13,13,2411, 0, 0, 127079.9815
Arnold_Böcklin, 1827-10-16, 2388646, 2,13,13,37,191, 0, 0, 31541.21212
Cindy_Crawford, 1966-02-20, 2439177, 3,13,13,17,283, 0, 0, 197012.7895
Cyd_Charisse, 1922-03-08, 2423122, 2,13,13,67,107, 0, 0, 72174.57692
Gaspard_Monge, 1746-05-09, 2358902, 2,7,13,13,997, 0, 0, 20792.06061
Henrietta_Swan_Leavitt, 1868-07-04, 2403518, 2,13,13,13,547, 0, 0, 10980.86667
Montgomery_Clift, 1920-10-17, 2422615, 5,13,13,47,61, 0, 0, 103532.3421
Paul_Feyerabend, 1924-01-13, 2423798, 2,13,13,71,101, 0, 0, 42351.55882
Pietro_Aretino, 1492-04-20, 2266121, 11,13,13,23,53, 0, 0, 27723.35484
Ram_Baran_Yadav, 1948-02-04, 2432586, 2,3,13,13,2399, 0, 0, 13322.89474
Ridley_Scott, 1937-11-30, 2428868, 2,2,13,13,3593, 0, 0, 254356.6078
Sotirios_Kyrgiakos, 1979-07-23, 2444078, 2,7,13,13,1033, 0, 0, 34073.96774
Tony_Curtis, 1925-06-03, 2424305, 5,13,13,19,151, 0, 0, 173627.3137
