Alexander_II_of_Scotland, 1198-08-24, 2158863, 3,7,223,461, 0, 0, 10149.46875
Andre_Geim, 1958-10-21, 2436498, 2,3,3,223,607, 0, 0, 23678.08889
Ashanti_(singer), 1980-10-13, 2444526, 2,3,3,3,7,29,223, 0, 0, 10490.42857
Davy_Crockett, 1786-08-17, 2373612, 2,2,3,223,887, 0, 0, 193632.75
Gabriella_Cilmi, 1991-10-10, 2448540, 2,2,3,3,5,61,223, 0, 0, 133658.9231
Gerald_Edelman, 1929-07-01, 2425794, 2,3,7,7,37,223, 0, 0, 11066.29032
Hermann_Müller_(politician), 1876-05-18, 2406393, 3,3,11,109,223, 0, 0, 5144.2
Kelsey_Grammer, 1955-02-21, 2435160, 2,2,2,3,5,7,13,223, 0, 0, 302374.5172
Patty_Schnyder, 1978-12-14, 2443857, 3,13,223,281, 0, 0, 18108.4
Paul_Martin, 1938-08-28, 2429139, 3,223,3631, 0, 0, 30977.7381
René_Laennec, 1781-02-17, 2371605, 3,5,223,709, 0, 0, 15715.63636
Scott_Parker, 1980-10-13, 2444526, 2,3,3,3,7,29,223, 0, 0, 46525.8
Wyclef_Jean, 1969-10-17, 2440512, 2,2,2,2,2,2,3,3,19,223, 0, 0, 163833.3056
Xherdan_Shaqiri, 1991-10-10, 2448540, 2,2,3,3,5,61,223, 0, 0, 125993.7037
