Adolf_Erik_Nordenskiöld, 1832-11-18, 3,5,13,13,23,41, 12152.2963
Arturo_Pérez-Reverte, 1951-11-25, 3,5,5,17,23,83, 50282.93939
Axl_Rose, 1962-02-06, 3,7,7,7,23,103, 429173.0952
Blaise_Cendrars, 1887-09-01, 3,3,5,17,23,137, 36396.65517
Ernő_Rubik, 1944-07-13, 2,2,3,23,23,383, 37585.21951
Eva_Marie_Saint, 1924-07-04, 2,3,3,5,23,1171, 77814.78571
Franco_Modigliani, 1918-06-18, 2,3,7,23,23,109, 19234.69444
François_Mauriac, 1885-10-11, 3,5,5,11,23,127, 22711.39344
Gabriel_Marcel, 1889-12-07, 3,3,3,11,23,353, 29269.13793
Grace_Hopper, 1906-12-09, 3,3,3,17,23,229, 469344.6364
Kevin_Großkreutz, 1988-07-19, 3,3,3,7,23,563, 59244.19231
Ludovico_Sforza, 1452-07-27, 2,2,2,3,23,4079, 34247.25
Maria_Montessori, 1870-08-31, 3,3,5,23,23,101, 128557.1964
Mehmet_Scholl, 1970-10-16, 3,5,5,5,23,283, 65934.1875
Michel_Ney, 1769-01-10, 3,7,13,13,23,29, 39585.975
Pope_John_Paul_I, 1912-10-17, 2,2,3,11,23,797, 119024.3875
Ramires, 1987-03-24, 2,3,7,17,23,149, 74138.42857
Saul_Bellow, 1915-06-10, 2,3,3,3,23,1949, 31801.28571
Shane_Dawson, 1988-07-19, 3,3,3,7,23,563, 83233.85185
Siegfried_Lenz, 1926-03-17, 3,3,13,17,23,53, 30047.8125
Torquato_Tasso, 1544-03-11, 3,3,7,19,23,83, 35384.03922
