Anastacia, 1968-09-17, 2,2,3,3,7,23,421, 64813.9011
Andreu_Fontàs, 1989-11-14, 2,2,3,7,7,23,181, 36891.48485
Bode_Miller, 1977-10-12, 2,2,3,3,13,23,227, 72738.15385
George_Clooney, 1961-05-06, 3,3,3,5,5,23,157, 486602.5556
Ivan_Mazepa, 1639-03-30, 2,2,3,5,23,41,41, 29639.78571
Jarkko_Nieminen, 1981-07-23, 2,2,2,3,23,43,103, 18089.48276
John_Belushi, 1949-01-24, 2,2,3,5,23,41,43, 343435.6061
Michael_Wittmann, 1914-04-22, 2,2,3,3,23,37,79, 57423.41935
Nikos_Kazantzakis, 1883-02-18, 3,3,3,3,3,23,431, 52374.80556
Philip_Pullman, 1946-10-19, 2,2,2,2,3,23,2203, 62190.97436
Ruud_Gullit, 1962-09-01, 2,2,3,11,11,23,73, 105698.7174
Sandro_Pertini, 1896-09-25, 3,3,3,13,13,23,23, 50945.4375
