Adolf_Butenandt, 1903-03-24, 2416198, 2,769,1571, 0, 0, 8152.341463
Adrian_Mutu, 1979-01-08, 2443882, 2,7,227,769, 0, 0, 117184.6944
Aravind_Adiga, 1974-10-23, 2442344, 2,2,2,397,769, 0, 0, 22478.53571
Charles_Cornwallis,_1st_Marquess_Cornwallis, 1738-12-31, 2356216, 2,2,2,383,769, 0, 0, 10395.38462
Dokka_Umarov, 1964-04-13, 2438499, 3,7,151,769, 0, 0, 33609.96429
Edward_Witten, 1951-08-26, 2433885, 3,5,211,769, 0, 0, 44227.72222
Hans_Blix, 1928-06-28, 2425426, 2,19,83,769, 0, 0, 27944.85185
Heinrich_Heine, 1797-12-13, 2377748, 2,2,769,773, 0, 0, 86331.11667
Henry_Fuseli, 1741-02-07, 2356985, 5,613,769, 0, 0, 46374.21429
Jigme_Singye_Wangchuck, 1955-11-11, 2435423, 769,3167, 0, 0, 28072.13158
John_James_Audubon, 1785-04-26, 2373134, 2,769,1543, 0, 0, 105657.8667
Pier_Paolo_Pasolini, 1922-03-05, 2423119, 23,137,769, 0, 0, 127239.04
Raymond_Barre, 1924-04-12, 2423888, 2,2,2,2,197,769, 0, 0, 25492
Stipe_Pletikosa, 1979-01-08, 2443882, 2,7,227,769, 0, 0, 24432.96875
