Adam_Sandler, 1966-09-09, 2439378, 2,3,3,53,2557, 0, 0, 637335.9643
Barbra_Streisand, 1942-04-24, 2430474, 2,3,53,7643, 0, 0, 288720.9836
Boris_Karloff, 1887-11-23, 2410599, 3,53,15161, 0, 0, 96791.43243
Debra_Winger, 1955-05-16, 2435244, 2,2,3,7,53,547, 0, 0, 121033.2857
Felix_Baumgartner, 1969-04-20, 2440332, 2,2,3,3,53,1279, 0, 0, 127650.8947
Fernando_Botero, 1932-04-19, 2426817, 3,53,15263, 0, 0, 163491.0667
Francis_Ford_Coppola, 1939-04-07, 2429361, 3,3,11,53,463, 0, 0, 196284.1053
Frank_Lloyd_Wright, 1867-06-08, 2403126, 2,3,3,11,53,229, 0, 0, 136058.9579
Giovanni_Ribisi, 1974-12-17, 2442399, 3,53,15361, 0, 0, 213711.5625
Janet_Leigh, 1927-07-06, 2425068, 2,2,3,3,31,41,53, 0, 0, 136405.1429
Jerry_Lewis, 1926-03-16, 2424591, 3,3,13,17,23,53, 0, 0, 300946.4138
Joshua_Jackson, 1978-06-11, 2443671, 3,3,47,53,109, 0, 0, 302592.2258
José_Antonio_Reyes, 1983-09-01, 2445579, 3,3,3,53,1709, 0, 0, 99831.27586
Leo_Tolstoy, 1828-09-09, 2388975, 3,5,5,53,601, 0, 0, 131556.439
Manu_Ginóbili, 1977-07-28, 2443353, 3,11,11,53,127, 0, 0, 101874.4063
Mary_McDonnell, 1952-04-28, 2434131, 3,3,3,3,3,3,3,3,7,53, 0, 0, 126443.9259
Owen_Hargreaves, 1981-01-20, 2444625, 3,3,5,5,5,41,53, 0, 0, 94495.67442
Pina_Bausch, 1940-07-27, 2429838, 2,3,3,3,3,53,283, 0, 0, 97821.23333
Rachel_McAdams, 1978-11-17, 2443830, 2,3,5,29,53,53, 0, 0, 626933.5366
Rafael_Trujillo, 1891-10-24, 2412030, 2,3,5,37,41,53, 0, 0, 113953.3077
Robert_Noyce, 1927-12-12, 2425227, 3,7,53,2179, 0, 0, 230008.4375
