Alexander_McQueen, 1969-03-17, 2,7,7,37,673, 194353.2941
Ariel_Ortega, 1974-03-04, 3,7,7,37,449, 84743.22222
Bent_Larsen, 1935-03-04, 2,7,37,43,109, 10759.13793
Darren_Bent, 1984-02-06, 7,7,19,37,71, 72977.02778
Erich_Raeder, 1876-04-24, 3,7,19,37,163, 42112.61364
Georg_Wilhelm_Friedrich_Hegel, 1770-08-27, 2,7,7,37,653, 111868.4421
Jack_Rodwell, 1991-03-11, 3,7,23,37,137, 53633.66667
James_Irwin, 1930-03-17, 7,17,19,29,37, 21685.51852
Janet_Jackson, 1966-05-16, 2,7,17,37,277, 331152.5306
Morgan_Tsvangirai, 1952-03-10, 2,7,37,37,127, 26147.97778
Tracy_Chapman, 1964-03-30, 5,7,7,37,269, 208501.9762
