David_Strathairn, 1949-01-26, 2432943, 3,3,3,251,359, 0, 0, 97754.07692
George_Smoot, 1945-02-20, 2431507, 13,359,521, 0, 0, 26651.22222
Iveta_Radičová, 1956-12-07, 2435815, 5,23,59,359, 0, 0, 13756.6875
Jessica_Simpson, 1980-07-10, 2444431, 11,359,619, 0, 0, 258221.04
Joaquín_Rodrigo, 1901-11-22, 2415711, 3,359,2243, 0, 0, 34633.35
Larry_Bird, 1956-12-07, 2435815, 5,23,59,359, 0, 0, 236042.4103
Leonel_Fernández, 1953-12-26, 2434738, 2,359,3391, 0, 0, 27015.83333
Levi_Strauss, 1829-02-26, 2389145, 5,11,11,11,359, 0, 0, 75299.5
Luigi_Pirandello, 1867-06-28, 2403146, 2,359,3347, 0, 0, 71267.64706
Norman_Foster_Ramsey,_Jr., 1915-08-27, 2420737, 11,359,613, 0, 0, 5082.184211
Oskar_Kokoschka, 1886-03-01, 2409967, 7,7,137,359, 0, 0, 47875.6
Otto_Stern, 1888-02-17, 2410685, 5,17,79,359, 0, 0, 8275.849057
Rafael_Nadal, 1986-06-03, 2446585, 5,29,47,359, 0, 0, 365178.7529
Robert_Venturi, 1925-06-25, 2424327, 3,359,2251, 0, 0, 36611.81818
Sancho_I_of_Portugal, 1154-11-11, 2142871, 47,127,359, 0, 0, 13002.45455
Toomas_Hendrik_Ilves, 1953-12-26, 2434738, 2,359,3391, 0, 0, 14997.58
