Amanda_Tapping, 1965-08-28, 2439001, 59,67,617, 0, 0, 119339.5484
David_Boreanaz, 1969-05-16, 2440358, 2,59,20681, 0, 0, 271899.3235
Eddie_Izzard, 1962-02-07, 2437703, 59,79,523, 0, 0, 160274.125
Edwin_van_der_Sar, 1970-10-29, 2440889, 11,59,3761, 0, 0, 117435.4211
Grigori_Rasputin, 1869-01-21, 2403719, 59,131,311, 0, 0, 286583.5246
Hans_Christian_Andersen, 1805-04-02, 2380414, 2,59,20173, 0, 0, 143956.1456
Harry_Houdini, 1874-03-24, 2405607, 3,59,13591, 0, 0, 320546.1818
Ho_Chi_Minh, 1890-05-19, 2411507, 7,59,5839, 0, 0, 156731.069
Ingvar_Kamprad, 1926-03-30, 2424605, 5,59,8219, 0, 0, 118060.4545
John_Coltrane, 1926-09-23, 2424782, 2,59,20549, 0, 0, 122522.2
John_Stuart_Mill, 1806-05-20, 2380827, 3,59,13451, 0, 0, 145817.0806
José_Rizal, 1861-06-19, 2400946, 2,59,20347, 0, 0, 138858.2549
Pancho_Villa, 1878-06-05, 2407141, 11,59,3709, 0, 0, 236618.9744
Rachel_Bilson, 1981-08-25, 2444842, 2,59,20719, 0, 0, 430997.5806
Rachel_Weisz, 1970-03-07, 2440653, 3,59,13789, 0, 0, 371672.3585
Randy_Pausch, 1960-10-23, 2437231, 59,101,409, 0, 0, 175542.1923
Richard_Attenborough, 1923-08-29, 2423661, 3,59,13693, 0, 0, 144481.1579
Robbie_Keane, 1980-07-08, 2444429, 13,59,3187, 0, 0, 124063.6744
Shania_Twain, 1965-08-28, 2439001, 59,67,617, 0, 0, 219346.1273
Susan_Sarandon, 1946-10-04, 2432098, 2,59,20611, 0, 0, 210274.4727
Walter_Matthau, 1920-10-01, 2422599, 3,59,13687, 0, 0, 118481.3514
