Alexander_Kerensky, 1881-05-02, 2408203, 7,7,7,7,17,59, 0, 0, 39870.62745
Alexis_de_Tocqueville, 1805-07-29, 2380532, 2,2,7,11,59,131, 0, 0, 94980.58696
Alfred_Russel_Wallace, 1823-01-08, 2386904, 2,2,2,13,59,389, 0, 0, 60085
Anastasia_Pavlyuchenkova, 1991-07-03, 2448441, 3,3,3,29,53,59, 0, 0, 19582.68966
Elizabeth_Gaskell, 1810-09-29, 2382420, 2,2,3,5,59,673, 0, 0, 47487.86667
Isabella_II_of_Spain, 1830-10-10, 2389736, 2,2,2,59,61,83, 0, 0, 71567.27907
Józef_Gosławski_(sculptor), 1908-04-24, 2418056, 2,2,2,47,59,109, 0, 0, 3382.826087
Józef_Piłsudski, 1867-12-05, 2403306, 2,3,3,31,59,73, 0, 0, 136777.2642
Kellan_Lutz, 1985-03-15, 2446140, 2,2,3,5,59,691, 0, 0, 340049.3333
Liev_Schreiber, 1967-10-04, 2439768, 2,2,2,3,59,1723, 0, 0, 335520.7037
Mike_Myers, 1963-05-25, 2438175, 3,5,5,19,29,59, 0, 0, 160244.0513
Mikhail_Lomonosov, 1711-11-19, 2346312, 2,2,2,3,59,1657, 0, 0, 21829.67241
Nikola_Gruevski, 1970-08-31, 2440830, 2,3,5,7,59,197, 0, 0, 11086.95
Pastora_Soler, 1978-09-28, 2443780, 2,2,5,19,59,109, 0, 0, 20111.25926
Queen_Rania_of_Jordan, 1970-08-31, 2440830, 2,3,5,7,59,197, 0, 0, 148003.2105
Ralph_Nader, 1934-02-27, 2427496, 2,2,2,37,59,139, 0, 0, 133519.2188
Richard_Gere, 1949-08-31, 2433160, 2,2,2,5,59,1031, 0, 0, 308734.8704
Richard_III_of_England, 1452-10-02, 2251676, 2,2,7,29,47,59, 0, 0, 172495.0877
Sabine_Lisicki, 1989-09-22, 2447792, 2,2,2,2,59,2593, 0, 0, 94137.03333
Stewart_Downing, 1984-07-22, 2445904, 2,2,2,2,59,2591, 0, 0, 60624.77778
Walter_Gilbert, 1932-03-21, 2426788, 2,2,7,13,59,113, 0, 0, 9952.171429
