50_Cent, 1975-07-06, 2442600, 2,2,2,3,3,5,5,23,59, 0, 0, 632055.6716
Ashley_Greene, 1987-02-21, 2446848, 2,2,2,2,2,2,2,2,2,3,3,3,3,59, 0, 0, 445138.6857
Christopher_Reeve, 1952-09-25, 2434281, 3,17,59,809, 0, 0, 267999.4783
David_Boreanaz, 1969-05-16, 2440358, 2,59,20681, 0, 0, 271899.3235
Eden_Hazard, 1991-01-07, 2448264, 2,2,2,3,7,13,19,59, 0, 0, 240831.7568
Ellen_Page, 1987-02-21, 2446848, 2,2,2,2,2,2,2,2,2,3,3,3,3,59, 0, 0, 452879.2553
Flo_Rida, 1979-09-17, 2444134, 2,7,11,59,269, 0, 0, 356150.0541
Franck_Ribéry, 1983-04-07, 2445432, 2,2,2,3,11,59,157, 0, 0, 236676.5574
Grigori_Rasputin, 1869-01-21, 2403719, 59,131,311, 0, 0, 286583.5246
Harry_Houdini, 1874-03-24, 2405607, 3,59,13591, 0, 0, 320546.1818
Justin_Long, 1978-06-02, 2443662, 2,3,3,3,13,59,59, 0, 0, 350527.7037
Kellan_Lutz, 1985-03-15, 2446140, 2,2,3,5,59,691, 0, 0, 340049.3333
Larry_Bird, 1956-12-07, 2435815, 5,23,59,359, 0, 0, 236042.4103
Liev_Schreiber, 1967-10-04, 2439768, 2,2,2,3,59,1723, 0, 0, 335520.7037
Maggie_Q, 1979-05-22, 2444016, 2,2,2,2,3,59,863, 0, 0, 339764.1429
Michael_Cera, 1988-06-07, 2447320, 2,2,2,5,17,59,61, 0, 0, 487260.037
Pancho_Villa, 1878-06-05, 2407141, 11,59,3709, 0, 0, 236618.9744
Rachel_Bilson, 1981-08-25, 2444842, 2,59,20719, 0, 0, 430997.5806
Rachel_Weisz, 1970-03-07, 2440653, 3,59,13789, 0, 0, 371672.3585
Richard_Gere, 1949-08-31, 2433160, 2,2,2,5,59,1031, 0, 0, 308734.8704
Tiger_Woods, 1975-12-30, 2442777, 3,37,59,373, 0, 0, 362075.0714
