Billie_Jean_King, 1943-11-22, 2431051, 7,17,31,659, 0, 0, 84511.23529
Franz_Beckenbauer, 1945-09-11, 2431710, 2,3,3,5,41,659, 0, 0, 134288.2857
François_de_La_Rochefoucauld_(writer), 1613-09-15, 2310454, 2,659,1753, 0, 0, 28799.26667
Giuseppe_Tomasi_di_Lampedusa, 1896-12-23, 2413917, 3,3,11,37,659, 0, 0, 22699.42105
Hans_von_Seeckt, 1866-04-22, 2402714, 2,659,1823, 0, 0, 29534.18519
Larry_David, 1947-07-02, 2432369, 659,3691, 0, 0, 230044.2222
Michael_Shanks, 1970-12-15, 2440936, 2,2,2,463,659, 0, 0, 80971.75862
Michelle_Pfeiffer, 1958-04-29, 2436323, 659,3697, 0, 0, 282408.9074
Teimour_Radjabov, 1987-03-12, 2446867, 47,79,659, 0, 0, 9685.7
Terry_Jones, 1942-02-01, 2430392, 2,2,2,461,659, 0, 0, 90476.7
Tom_Hanks, 1956-07-09, 2435664, 2,2,2,2,3,7,11,659, 0, 0, 405936.5769
Tranquillo_Barnetta, 1985-05-22, 2446208, 2,2,2,2,2,2,2,29,659, 0, 0, 30923.06061
Zine_El_Abidine_Ben_Ali, 1936-09-03, 2428415, 5,11,67,659, 0, 0, 76247.68421
