Björn_Borg, 1956-06-06, 2435631, 3,11,23,3209, 0, 0, 111752.94
Christijan_Albers, 1979-04-16, 2443980, 2,2,3,5,7,11,23,23, 0, 0, 13423.53333
Danny_Murphy_(footballer,_born_1977), 1977-03-18, 2443221, 3,3,11,23,29,37, 0, 0, 8352.222222
Empress_Elisabeth_of_Austria, 1837-12-24, 2392368, 2,2,2,2,3,11,23,197, 0, 0, 208457.3111
Feodor_I_of_Russia, 1557-05-31, 2289903, 3,7,11,23,431, 0, 0, 26546.88372
Gary_Neville, 1975-02-18, 2442462, 2,3,11,23,1609, 0, 0, 74095.07843
Heinrich_Müller_(Gestapo), 1900-04-28, 2415138, 2,3,11,23,37,43, 0, 0, 26534.74074
Jan_Oort, 1900-04-28, 2415138, 2,3,11,23,37,43, 0, 0, 9460.555556
Janeane_Garofalo, 1964-09-28, 2438667, 3,3,3,3,7,11,17,23, 0, 0, 156328.2222
Joaquim_Chissano, 1939-10-22, 2429559, 3,3,11,11,23,97, 0, 0, 8950.264706
John_Ford, 1894-02-01, 2412861, 3,11,11,17,17,23, 0, 0, 60659.30612
Katie_Leung, 1987-08-08, 2447016, 2,2,2,3,11,13,23,31, 0, 0, 82028.83871
Keith_Richards, 1943-12-18, 2431077, 3,11,23,3203, 0, 0, 337027.55
Nicolas_Léonard_Sadi_Carnot, 1796-06-01, 2377188, 2,2,3,3,3,3,11,23,29, 0, 0, 20451.72727
Steven_Seagal, 1952-04-10, 2434113, 3,3,11,23,1069, 0, 0, 446095.6667
Viktor_Vasnetsov, 1848-05-15, 2396163, 3,7,11,11,23,41, 0, 0, 17506.80556
Vladimir_Prelog, 1906-07-23, 2417415, 3,5,7,7,11,13,23, 0, 0, 8446.348837
William_H._Macy, 1950-03-13, 2433354, 2,3,7,11,23,229, 0, 0, 161777.1
Willy_Sagnol, 1977-03-18, 2443221, 3,3,11,23,29,37, 0, 0, 40680.17241
