Alexander_Rodchenko, 1891-12-05, 2412072, 2,2,2,3,3,3,13,859, 0, 0, 41601.69231
Aristotle_Onassis, 1906-01-15, 2417226, 2,3,7,67,859, 0, 0, 138229.5111
Hayden_Christensen, 1981-04-19, 2444714, 2,859,1423, 0, 0, 387439.2368
Henry_Norris_Russell, 1877-10-25, 2406918, 2,3,467,859, 0, 0, 5581.466667
John_Bardeen, 1908-05-23, 2418085, 5,563,859, 0, 0, 23928.69231
Juan_Gris, 1887-03-23, 2410354, 2,23,61,859, 0, 0, 108732.0909
Pafnuty_Chebyshev, 1821-05-16, 2386302, 2,3,463,859, 0, 0, 15735.17647
Prince_Eugene_of_Savoy, 1663-10-18, 2328749, 859,2711, 0, 0, 42328.07317
Publius_Septimius_Geta, 0189-03-07, 1790156, 2,2,521,859, 0, 0, 11946.18182
Rosa_Parks, 1913-02-04, 2419803, 3,3,313,859, 0, 0, 249636.3944
Sun_Myung_Moon, 1920-02-25, 2422380, 2,2,3,5,47,859, 0, 0, 110619.1071
