Danny_Glover, 1946-07-22, 2432024, 2,2,2,7,137,317, 0, 0, 163196.7632
Frantz_Fanon, 1925-07-20, 2424352, 2,2,2,2,2,7,79,137, 0, 0, 55098.13158
Gustav_Klimt, 1862-07-14, 2401336, 2,2,2,7,137,313, 0, 0, 211676.4571
Gérard_Philipe, 1922-12-04, 2423393, 7,7,19,19,137, 0, 0, 29105.48649
Jack_Rodwell, 1991-03-11, 2448327, 3,7,23,37,137, 0, 0, 53633.66667
Jacques_Delors, 1925-07-20, 2424352, 2,2,2,2,2,7,79,137, 0, 0, 40918.65625
John_Hannah_(actor), 1962-04-23, 2437778, 2,7,31,41,137, 0, 0, 45816.53846
Joseph_Joffre, 1852-01-12, 2397500, 2,2,5,5,5,5,7,137, 0, 0, 22736.94444
Mireille_Mathieu, 1946-07-22, 2432024, 2,2,2,7,137,317, 0, 0, 79249.4
Oleh_Husyev, 1983-04-25, 2445450, 2,3,5,5,7,17,137, 0, 0, 7777.935484
Oskar_Kokoschka, 1886-03-01, 2409967, 7,7,137,359, 0, 0, 47875.6
Paul_Kruger, 1825-10-10, 2387910, 2,3,5,7,83,137, 0, 0, 33392.74194
Santiago_Carrillo, 1915-01-18, 2420516, 2,2,7,137,631, 0, 0, 41976.84615
