Abdurrahman_Wahid, 1940-09-07, 2429880, 2,2,2,3,5,20249, 0, 0, 33706.84615
Alessandro_Costacurta, 1966-04-24, 2439240, 2,2,2,3,5,20327, 0, 0, 39101.82857
J._D._Salinger, 1919-01-01, 2421960, 2,2,2,3,5,20183, 0, 0, 143019.2656
Larry_Ellison, 1944-08-17, 2431320, 2,2,2,3,5,20261, 0, 0, 207032.069
Marcel_Dassault, 1892-01-22, 2412120, 2,2,2,3,5,20101, 0, 0, 18926.42308
Masashi_Kishimoto, 1974-11-08, 2442360, 2,2,2,3,5,20353, 0, 0, 136862.6744
Rexhep_Meidani, 1944-08-17, 2431320, 2,2,2,3,5,20261, 0, 0, 6211.965517
Richard_II_of_England, 1367-01-06, 2220360, 2,2,2,3,5,18503, 0, 0, 76990.36
Valentinian_III, 0419-07-02, 1874280, 2,2,2,3,5,15619, 0, 0, 21060.91667
Zico, 1953-03-03, 2434440, 2,2,2,3,5,20287, 0, 0, 127777.2045
