Antonio_Meucci, 1808-04-13, 2,2,2,2,3,5,9923, 74464.2
Demy_de_Zeeuw, 1983-05-26, 2,2,2,3,3,5,6793, 27999.51724
Gene_Roddenberry, 1921-08-19, 2,2,2,3,5,61,331, 83226.175
George_IV_of_the_United_Kingdom, 1762-08-12, 2,2,2,3,3,5,6569, 91721.66071
Giorgio_Vasari, 1511-07-30, 2,2,2,3,5,19,997, 50717.57895
Gustaf_VI_Adolf_of_Sweden, 1882-11-11, 2,2,2,3,3,5,6691, 35380.08889
John_Herschel, 1792-03-07, 2,2,2,3,3,5,6599, 19144.02222
Juan_Sebastián_Verón, 1975-03-09, 2,2,2,2,3,5,10177, 97994.5
Kiefer_Sutherland, 1966-12-21, 2,2,2,3,5,29,701, 258311.9375
Natasha_Richardson, 1963-05-11, 2,2,2,2,3,5,10159, 363048.3158
Nicolaus_Copernicus, 1473-02-19, 2,2,2,2,3,5,9413, 254004.6719
Peter_Zumthor, 1943-04-26, 2,2,2,3,5,47,431, 57836.65517
Roy_Makaay, 1975-03-09, 2,2,2,2,3,5,10177, 72462.4375
William_Hurt, 1950-03-20, 2,2,2,2,3,5,10139, 133671.973
