Alex_Ferguson, 1941-12-31, 2,2,2,3,3,5,43,157, 211358.4697
Alexander_Stepanovich_Popov, 1859-03-16, 2,2,2,3,3,5,59,113, 14746.34286
Carlos_Menem, 1930-07-02, 2,2,2,2,3,5,11,919, 52786.93023
Cesc_Fàbregas, 1987-05-04, 2,2,2,3,3,5,7,971, 181519.6087
Eazy-E, 1963-09-07, 2,2,2,3,3,5,13,521, 402529.2258
George_Boole, 1815-11-02, 2,2,2,3,3,5,37,179, 36059.67925
Itō_Hirobumi, 1841-10-16, 2,2,2,2,2,3,5,4987, 88970.08511
John_Surtees, 1934-02-11, 2,2,2,3,3,5,11,613, 30555.1875
Jorge_Lorenzo, 1987-05-04, 2,2,2,3,3,5,7,971, 68922.12903
Katie_Melua, 1984-09-16, 2,2,2,3,5,11,17,109, 127300.8333
Kelsey_Grammer, 1955-02-21, 2,2,2,3,5,7,13,223, 302374.5172
Lil_Wayne, 1982-09-27, 2,2,2,3,5,7,41,71, 1401836.674
Manuel_Noriega, 1934-02-11, 2,2,2,3,3,5,11,613, 104634.7073
Markus_Rosenberg, 1982-09-27, 2,2,2,3,5,7,41,71, 35385.89655
Michel_Platini, 1955-06-21, 2,2,2,2,3,5,73,139, 101190.0984
Nicole_Vaidišová, 1989-04-23, 2,2,2,3,3,5,13,523, 26897.93548
Nikolai_Bukharin, 1888-10-09, 2,2,2,3,3,5,37,181, 30570.07895
Recep_Tayyip_Erdoğan, 1954-02-26, 2,2,2,2,3,5,5,2029, 105559.0132
Samuel_Johnson, 1709-09-18, 2,2,2,2,3,5,29,337, 84520.86364
Silvio_Piola, 1913-09-29, 2,2,2,3,5,7,43,67, 42284.66667
William_R._King, 1786-04-07, 2,2,2,3,3,5,19,347, 17510.13793
