Alan_Greenspan, 1926-03-06, 2,2,5,121229, 126589.5946
Alfred_Wegener, 1880-11-01, 2,2,5,120401, 80201.05556
Andrzej_Wajda, 1926-03-06, 2,2,5,121229, 59324.45
Bobby_Zamora, 1981-01-16, 2,2,5,122231, 53710.74074
Bryan_Singer, 1965-09-17, 2,2,5,121951, 94561.75758
DJ_BoBo, 1968-01-05, 2,2,5,121993, 43458.85714
Eleanor_Roosevelt, 1884-10-11, 2,2,5,120473, 127641.2167
Fábio_Aurélio, 1979-09-24, 2,2,5,122207, 41001.60606
Gloria_Swanson, 1899-03-27, 2,2,5,120737, 83634.65517
Gotye, 1980-05-21, 2,2,5,122219, 395250.7742
Guido_Westerwelle, 1961-12-27, 2,2,5,121883, 50946.22727
Jacqueline_Kennedy_Onassis, 1929-07-28, 2,2,5,121291, 335878.48
Jean_Piaget, 1896-08-09, 2,2,5,120689, 310598.0893
Leon_Trotsky, 1879-11-07, 2,2,5,120383, 129270.8571
Maya_Angelou, 1928-04-04, 2,2,5,121267, 211057.7692
Pablo_Aimar, 1979-11-03, 2,2,5,122209, 106634.125
Paul_Signac, 1863-11-11, 2,2,5,120091, 43168.21622
Robert_Moog, 1934-05-23, 2,2,5,121379, 177751.8919
Simone_Weil, 1909-02-03, 2,2,5,120917, 51969.32432
Viktor_Orbán, 1963-05-31, 2,2,5,121909, 36214.08889
Wolfgang_Schäuble, 1942-09-18, 2,2,5,121531, 94591.57692
