Amy_Adams, 1974-08-20, 2442280, 2,2,2,5,61057, 0, 0, 400438.8085
Andrew_Lincoln, 1973-09-14, 2441940, 2,2,3,5,40699, 0, 0, 206168.6552
Angela_Lansbury, 1925-10-16, 2424440, 2,2,2,5,60611, 0, 0, 236610.0588
Bryan_Cranston, 1956-03-07, 2435540, 2,2,5,47,2591, 0, 0, 586023.4615
Chaka_Khan, 1953-03-23, 2434460, 2,2,5,7,17389, 0, 0, 148208.3704
Christopher_Hitchens, 1949-04-13, 2433020, 2,2,5,239,509, 0, 0, 235647.9286
David_Caruso, 1956-01-07, 2435480, 2,2,2,5,60887, 0, 0, 170762.5667
Elvis_Costello, 1954-08-25, 2434980, 2,2,3,5,40583, 0, 0, 207780.1176
Fernando_Torres, 1984-03-20, 2445780, 2,2,3,5,40763, 0, 0, 397694.9571
Gonzalo_Higuaín, 1987-12-10, 2447140, 2,2,5,31,3947, 0, 0, 191531.3654
Holly_Marie_Combs, 1973-12-03, 2442020, 2,2,5,7,17443, 0, 0, 210280
Isiah_Thomas, 1961-04-30, 2437420, 2,2,5,47,2593, 0, 0, 127405.7407
Jennifer_Hudson, 1981-09-12, 2444860, 2,2,5,11,11113, 0, 0, 305279.4872
Laetitia_Casta, 1978-05-11, 2443640, 2,2,2,5,61091, 0, 0, 135547.9459
Lleyton_Hewitt, 1981-02-24, 2444660, 2,2,5,31,3943, 0, 0, 108257.7111
Nas, 1973-09-14, 2441940, 2,2,3,5,40699, 0, 0, 457749.4474
Reese_Witherspoon, 1976-03-22, 2442860, 2,2,5,7,17449, 0, 0, 344406.3971
Rio_Ferdinand, 1978-11-07, 2443820, 2,2,5,71,1721, 0, 0, 118402.4545
Theodore_Roosevelt, 1858-10-27, 2399980, 2,2,5,11,10909, 0, 0, 249380.5979
Thomas_Hobbes, 1588-04-05, 2301160, 2,2,2,5,57529, 0, 0, 170293.7975
Zara_Phillips, 1981-05-15, 2444740, 2,2,5,251,487, 0, 0, 185055.1429
