Brian_Epstein, 1934-09-19, 2427700, 2,2,5,5,11,2207, 0, 0, 71272.34286
Cameron_Diaz, 1972-08-30, 2441560, 2,2,2,5,11,31,179, 0, 0, 442533.4559
Carlos_Menem, 1930-07-02, 2426160, 2,2,2,2,3,5,11,919, 0, 0, 52786.93023
Chris_Jericho, 1970-11-09, 2440900, 2,2,5,5,7,11,317, 0, 0, 424251.5
Eljero_Elia, 1987-02-13, 2446840, 2,2,2,5,11,67,83, 0, 0, 67714.44444
Gigliola_Cinquetti, 1947-12-20, 2432540, 2,2,5,11,11057, 0, 0, 46424.13333
Jennifer_Hudson, 1981-09-12, 2444860, 2,2,5,11,11113, 0, 0, 305279.4872
Joseph_Barbera, 1911-03-24, 2419120, 2,2,2,2,5,11,2749, 0, 0, 41229.3
Kaley_Cuoco, 1985-11-30, 2446400, 2,2,2,2,2,2,5,5,11,139, 0, 0, 965585.4
Katie_Melua, 1984-09-16, 2445960, 2,2,2,3,5,11,17,109, 0, 0, 127300.8333
Lothar_Matthäus, 1961-03-21, 2437380, 2,2,3,3,5,11,1231, 0, 0, 106941.5882
Manuel_Noriega, 1934-02-11, 2427480, 2,2,2,3,3,5,11,613, 0, 0, 104634.7073
Marco_Hietala, 1966-01-14, 2439140, 2,2,5,11,11087, 0, 0, 62113.2963
Marco_van_Basten, 1964-10-31, 2438700, 2,2,3,5,5,11,739, 0, 0, 116366.8654
Martha_Graham, 1894-05-11, 2412960, 2,2,2,2,2,3,5,11,457, 0, 0, 225573.8824
Melanie_Griffith, 1957-08-09, 2436060, 2,2,3,5,11,3691, 0, 0, 229125.2632
Paulina_Rubio, 1971-06-17, 2441120, 2,2,2,2,2,5,11,19,73, 0, 0, 129890
Pavel_Nedvěd, 1972-08-30, 2441560, 2,2,2,5,11,31,179, 0, 0, 102004.7872
Phoebe_Tonkin, 1989-07-12, 2447720, 2,2,2,5,11,5563, 0, 0, 175445.8929
Richard_Clayderman, 1953-12-28, 2434740, 2,2,3,5,7,11,17,31, 0, 0, 82192.22581
Theodore_Roosevelt, 1858-10-27, 2399980, 2,2,5,11,10909, 0, 0, 249380.5979
