Abbé_Pierre, 1912-08-05, 2419620, 2,2,3,5,7,7,823, 0, 0, 50069.75
Cesc_Fàbregas, 1987-05-04, 2446920, 2,2,2,3,3,5,7,971, 0, 0, 181519.6087
Christijan_Albers, 1979-04-16, 2443980, 2,2,3,5,7,11,23,23, 0, 0, 13423.53333
Hayden_Panettiere, 1989-08-21, 2447760, 2,2,2,2,3,5,7,31,47, 0, 0, 537846.0213
Jim_Cummings, 1952-11-03, 2434320, 2,2,2,2,3,3,3,5,7,7,23, 0, 0, 120277.8846
Jorge_Lorenzo, 1987-05-04, 2446920, 2,2,2,3,3,5,7,971, 0, 0, 68922.12903
Kelsey_Grammer, 1955-02-21, 2435160, 2,2,2,3,5,7,13,223, 0, 0, 302374.5172
Kurt_Angle, 1968-12-09, 2440200, 2,2,2,3,5,5,7,7,83, 0, 0, 324973.8889
Lil_Wayne, 1982-09-27, 2445240, 2,2,2,3,5,7,41,71, 0, 0, 1401836.674
Markus_Rosenberg, 1982-09-27, 2445240, 2,2,2,3,5,7,41,71, 0, 0, 35385.89655
Nicolas-Joseph_Cugnot, 1725-02-26, 2351160, 2,2,2,3,3,3,5,7,311, 0, 0, 33408.86667
Paul_Auster, 1947-02-03, 2432220, 2,2,3,5,7,5791, 0, 0, 104283.6667
Richard_Clayderman, 1953-12-28, 2434740, 2,2,3,5,7,11,17,31, 0, 0, 82192.22581
Rudolph_Valentino, 1895-05-06, 2413320, 2,2,2,3,5,7,13,13,17, 0, 0, 103537.025
Silvio_Piola, 1913-09-29, 2420040, 2,2,2,3,5,7,43,67, 0, 0, 42284.66667
Ted_Kennedy, 1932-02-22, 2426760, 2,2,2,3,3,3,3,5,7,107, 0, 0, 206382.3585
William_Lamb,_2nd_Viscount_Melbourne, 1779-03-15, 2370900, 2,2,3,5,5,7,1129, 0, 0, 4498.5
Émile_Loubet, 1838-12-31, 2392740, 2,2,3,3,3,3,5,7,211, 0, 0, 15937.38462
