Alfred_Hitchcock, 1899-08-13, 2414880, 2,2,2,2,2,3,3,3,5,13,43, 0, 0, 232167.01
Denis_of_Portugal, 1261-10-09, 2181920, 2,2,2,2,2,5,13,1049, 0, 0, 18210.83333
Eazy-E, 1963-09-07, 2438280, 2,2,2,3,3,5,13,521, 0, 0, 402529.2258
Edmund_Hillary, 1919-07-20, 2422160, 2,2,2,2,5,13,17,137, 0, 0, 53212.875
Gerd_Kanter, 1979-05-06, 2444000, 2,2,2,2,2,5,5,5,13,47, 0, 0, 12468
Jens_Böhrnsen, 1949-06-12, 2433080, 2,2,2,5,13,4679, 0, 0, 13118
John_C._Mather, 1946-08-07, 2432040, 2,2,2,3,5,13,1559, 0, 0, 9672.25
Jonas_Björkman, 1972-03-23, 2441400, 2,2,2,3,5,5,13,313, 0, 0, 13892.11111
Kelsey_Grammer, 1955-02-21, 2435160, 2,2,2,3,5,7,13,223, 0, 0, 302374.5172
Kirsan_Ilyumzhinov, 1962-04-05, 2437760, 2,2,2,2,2,2,2,5,13,293, 0, 0, 13785.39286
Nicole_Vaidišová, 1989-04-23, 2447640, 2,2,2,3,3,5,13,523, 0, 0, 26897.93548
Richard_Gasquet, 1986-06-18, 2446600, 2,2,2,5,5,13,941, 0, 0, 55620
Roald_Dahl, 1916-09-13, 2421120, 2,2,2,2,2,2,2,3,5,13,97, 0, 0, 261161.2745
Roy_Lichtenstein, 1923-10-27, 2423720, 2,2,2,5,13,59,79, 0, 0, 199549.0833
Rudolph_Valentino, 1895-05-06, 2413320, 2,2,2,3,5,7,13,13,17, 0, 0, 103537.025
Sander_Boschker, 1970-10-20, 2440880, 2,2,2,2,5,13,2347, 0, 0, 13617.76923
Thora_Birch, 1982-03-11, 2445040, 2,2,2,2,5,13,2351, 0, 0, 195103.6667
Željko_Ražnatović, 1952-04-17, 2434120, 2,2,2,5,13,31,151, 0, 0, 66580.33333
