Cameron_Diaz, 1972-08-30, 2441560, 2,2,2,5,11,31,179, 0, 0, 442533.4559
Carole_King, 1942-02-09, 2430400, 2,2,2,2,2,2,5,5,7,7,31, 0, 0, 184115.7037
Catherine_Deneuve, 1943-10-22, 2431020, 2,2,3,5,31,1307, 0, 0, 144374.7115
David_Dacko, 1930-03-24, 2426060, 2,2,5,7,13,31,43, 0, 0, 9224.965517
Elias_James_Corey, 1928-07-12, 2425440, 2,2,2,2,2,3,5,31,163, 0, 0, 12611.68571
Frank_Lloyd, 1886-02-02, 2409940, 2,2,5,13,13,23,31, 0, 0, 8627.111111
George_Kennedy, 1925-02-18, 2424200, 2,2,2,5,5,17,23,31, 0, 0, 86832.03704
Gonzalo_Higuaín, 1987-12-10, 2447140, 2,2,5,31,3947, 0, 0, 191531.3654
Harri_Holkeri, 1937-01-06, 2428540, 2,2,5,31,3917, 0, 0, 7308.333333
Hayden_Panettiere, 1989-08-21, 2447760, 2,2,2,2,3,5,7,31,47, 0, 0, 537846.0213
Lleyton_Hewitt, 1981-02-24, 2444660, 2,2,5,31,3943, 0, 0, 108257.7111
Manuel_Castells, 1942-02-09, 2430400, 2,2,2,2,2,2,5,5,7,7,31, 0, 0, 58047.26923
Pavel_Nedvěd, 1972-08-30, 2441560, 2,2,2,5,11,31,179, 0, 0, 102004.7872
Richard_Clayderman, 1953-12-28, 2434740, 2,2,3,5,7,11,17,31, 0, 0, 82192.22581
Stanley_Milgram, 1933-08-15, 2427300, 2,2,3,3,3,5,5,29,31, 0, 0, 47217.96875
Steve_McQueen, 1930-03-24, 2426060, 2,2,5,7,13,31,43, 0, 0, 281928.4259
Theo_Angelopoulos, 1935-04-27, 2427920, 2,2,2,2,5,11,31,89, 0, 0, 27522.36842
Željko_Ražnatović, 1952-04-17, 2434120, 2,2,2,5,13,31,151, 0, 0, 66580.33333
