50_Cent, 1975-07-06, 2442600, 2,2,2,3,3,5,5,23,59, 0, 0, 632055.6716
Carlo_Collodi, 1826-11-24, 2388320, 2,2,2,2,2,5,11,23,59, 0, 0, 34591.8125
Emile_Heskey, 1978-01-11, 2443520, 2,2,2,2,2,2,2,2,5,23,83, 0, 0, 102361.275
George_Hamilton-Gordon,_4th_Earl_of_Aberdeen, 1784-01-28, 2372680, 2,2,2,5,23,2579, 0, 0, 2144.090909
George_Kennedy, 1925-02-18, 2424200, 2,2,2,5,5,17,23,31, 0, 0, 86832.03704
Gerhard_Herzberg, 1904-12-25, 2416840, 2,2,2,5,23,37,71, 0, 0, 8230.516129
Jay_Leno, 1950-04-28, 2433400, 2,2,2,5,5,23,23,23, 0, 0, 238832.5938
Jim_Cummings, 1952-11-03, 2434320, 2,2,2,2,3,3,3,5,7,7,23, 0, 0, 120277.8846
Ritchie_Blackmore, 1945-04-14, 2431560, 2,2,2,3,5,23,881, 0, 0, 145133
Xavier_Malisse, 1980-07-19, 2444440, 2,2,2,5,23,2657, 0, 0, 21109.88462
