Art_Tatum, 1909-10-13, 2,2,2,2,2,11,6871, 34401.96875
Charlton_Heston, 1923-10-04, 2,2,2,2,11,47,293, 171759.6935
Eusébio, 1942-01-25, 2,2,2,2,3,11,4603, 58617.19608
Ivan_VI_of_Russia, 1740-08-23, 2,2,2,2,7,11,1913, 32371.26667
Jack_Ruby, 1911-03-25, 2,2,2,2,5,11,2749, 230574.5
Jackson_Rathbone, 1984-12-14, 2,2,2,2,2,11,6949, 316283
Karel_Čapek, 1890-01-09, 2,2,2,2,3,11,4567, 46523.86275
M._Shadows, 1981-07-31, 2,2,2,2,11,29,479, 203351
Sotiris_Ninis, 1990-04-03, 2,2,2,2,7,11,1987, 39070.53846
Wilhelm_Marx, 1863-01-15, 2,2,2,2,5,11,2729, 13684.62069
Yannick_Noah, 1960-05-18, 2,2,2,2,11,61,227, 112344.4194
