50_Cent, 1975-07-06, 2442600, 2,2,2,3,3,5,5,23,59, 0, 0, 632055.6716
Alfonso_Cuarón, 1961-11-28, 2437632, 2,2,2,2,2,2,2,2,2,3,3,23,23, 0, 0, 89554.37931
Andrés_Segovia, 1893-02-21, 2412516, 2,2,3,23,8741, 0, 0, 37971.05263
Auguste_Piccard, 1884-01-28, 2409204, 2,2,3,7,23,29,43, 0, 0, 25905.83333
Barry_Levinson, 1942-04-06, 2430456, 2,2,2,3,7,17,23,37, 0, 0, 47865.37037
BoA, 1986-11-05, 2446740, 2,2,3,3,3,5,23,197, 0, 0, 244977.5588
Celeste_Holm, 1917-04-29, 2421348, 2,2,3,23,31,283, 0, 0, 36565.64516
Empress_Elisabeth_of_Austria, 1837-12-24, 2392368, 2,2,2,2,3,11,23,197, 0, 0, 208457.3111
Gemma_Arterton, 1986-02-02, 2446464, 2,2,2,2,2,2,2,3,23,277, 0, 0, 481014.3103
Howard_Shore, 1946-10-18, 2432112, 2,2,2,2,3,23,2203, 0, 0, 64933.3125
Jan_Koller, 1973-03-30, 2441772, 2,2,3,3,3,23,983, 0, 0, 59175.68571
Jim_Cummings, 1952-11-03, 2434320, 2,2,2,2,3,3,3,5,7,7,23, 0, 0, 120277.8846
Kasper_Schmeichel, 1986-11-05, 2446740, 2,2,3,3,3,5,23,197, 0, 0, 72307.81481
Katie_Leung, 1987-08-08, 2447016, 2,2,2,3,11,13,23,31, 0, 0, 82028.83871
Kelly_Clarkson, 1982-04-24, 2445084, 2,2,3,3,23,2953, 0, 0, 303434.4259
Lily_Allen, 1985-05-02, 2446188, 2,2,3,23,8863, 0, 0, 295423.5682
Marc_Anthony, 1968-09-16, 2440116, 2,2,3,3,7,23,421, 0, 0, 342956.3636
Ritchie_Blackmore, 1945-04-14, 2431560, 2,2,2,3,5,23,881, 0, 0, 145133
Sadako_Sasaki, 1943-01-07, 2430732, 2,2,3,23,8807, 0, 0, 80820
Terence_Hill, 1939-03-29, 2429352, 2,2,2,3,3,3,3,23,163, 0, 0, 317292.125
Zooey_Deschanel, 1980-01-17, 2444256, 2,2,2,2,2,3,3,3,3,23,41, 0, 0, 851459.7436
