Al_Capone, 1899-01-17, 2414672, 2,2,2,2,13,13,19,47, 0, 0, 491181.2097
Aribert_Heim, 1914-06-28, 2420312, 2,2,2,41,47,157, 0, 0, 71607.73333
Armin_Mueller-Stahl, 1930-12-17, 2426328, 2,2,2,3,3,3,47,239, 0, 0, 57167.86667
Ashley_Young, 1985-07-09, 2446256, 2,2,2,2,47,3253, 0, 0, 79130.8
Babur, 1483-02-14, 2262768, 2,2,2,2,3,17,47,59, 0, 0, 58929.57407
François_Duvalier, 1907-04-14, 2417680, 2,2,2,2,5,47,643, 0, 0, 47028
Guy_Debord, 1931-12-28, 2426704, 2,2,2,2,7,47,461, 0, 0, 67757.07692
Hayden_Panettiere, 1989-08-21, 2447760, 2,2,2,2,3,5,7,31,47, 0, 0, 537846.0213
Heather_Graham, 1970-01-29, 2440616, 2,2,2,47,6491, 0, 0, 285918.6563
Hubert_Humphrey, 1911-05-27, 2419184, 2,2,2,2,47,3217, 0, 0, 66045.14706
Johan_Elmander, 1981-05-27, 2444752, 2,2,2,2,47,3251, 0, 0, 82531.46667
John_Rhys-Davies, 1944-05-05, 2431216, 2,2,2,2,47,53,61, 0, 0, 192904.5161
Marcelo_H._del_Pilar, 1850-08-30, 2397000, 2,2,2,3,5,5,5,17,47, 0, 0, 40049.92593
Massimo_Moratti, 1945-05-16, 2431592, 2,2,2,29,47,223, 0, 0, 71733.82143
Nick_Cave, 1957-09-22, 2436104, 2,2,2,11,19,31,47, 0, 0, 181472.9737
Paul_Ryan, 1970-01-29, 2440616, 2,2,2,47,6491, 0, 0, 169359.1143
Ricardo_Lagos, 1938-03-02, 2428960, 2,2,2,2,2,5,17,19,47, 0, 0, 25821.30303
Sarah_Michelle_Gellar, 1977-04-14, 2443248, 2,2,2,2,3,3,19,19,47, 0, 0, 424751
Viktor_Yanukovych, 1950-07-09, 2433472, 2,2,2,2,2,2,47,809, 0, 0, 37145.7069
Vincent_Price, 1911-05-27, 2419184, 2,2,2,2,47,3217, 0, 0, 196147.8788
William_Makepeace_Thackeray, 1811-07-18, 2382712, 2,2,2,47,6337, 0, 0, 30948.58824
