Alfonso_Cuarón, 1961-11-28, 2437632, 2,2,2,2,2,2,2,2,2,3,3,23,23, 0, 0, 89554.37931
André_Ooijer, 1974-07-11, 2442240, 2,2,2,2,2,2,2,2,2,2,3,3,5,53, 0, 0, 22548.5
Arthur_Evans, 1851-07-08, 2397312, 2,2,2,2,2,2,2,3,3,2081, 0, 0, 17376.8
Ashley_Greene, 1987-02-21, 2446848, 2,2,2,2,2,2,2,2,2,3,3,3,3,59, 0, 0, 445138.6857
Christian_de_Duve, 1917-10-02, 2421504, 2,2,2,2,2,2,2,2,3,3,1051, 0, 0, 12009.55882
Ellen_Page, 1987-02-21, 2446848, 2,2,2,2,2,2,2,2,2,3,3,3,3,59, 0, 0, 452879.2553
Heath_Ledger, 1979-04-04, 2443968, 2,2,2,2,2,2,3,3,4243, 0, 0, 730116.7671
Jasper_Johns, 1930-05-15, 2426112, 2,2,2,2,2,2,2,2,3,3,3,3,3,3,13, 0, 0, 114247.1538
Wilson_Kipketer, 1972-12-12, 2441664, 2,2,2,2,2,2,3,3,3,3,3,157, 0, 0, 18113.53846
Wojciech_Szczęsny, 1990-04-18, 2448000, 2,2,2,2,2,2,2,3,3,5,5,5,17, 0, 0, 88322.95122
Wyclef_Jean, 1969-10-17, 2440512, 2,2,2,2,2,2,3,3,19,223, 0, 0, 163833.3056
