Al_Capone, 1899-01-17, 2414672, 2,2,2,2,13,13,19,47, 0, 0, 491181.2097
Frank_Lloyd, 1886-02-02, 2409940, 2,2,5,13,13,23,31, 0, 0, 8627.111111
Hugo_Chávez, 1954-07-28, 2434952, 2,2,2,13,13,1801, 0, 0, 213734.4632
John_Petrucci, 1967-07-12, 2439684, 2,2,3,3,13,13,401, 0, 0, 128044.9688
Kajsa_Bergqvist, 1976-10-12, 2443064, 2,2,2,13,13,13,139, 0, 0, 18995.61538
Kieran_Gibbs, 1989-09-26, 2447796, 2,2,3,13,13,17,71, 0, 0, 50196.78788
Manuel_Zelaya, 1952-09-20, 2434276, 2,2,13,13,13,277, 0, 0, 33608.58974
Peter_Simon_Pallas, 1741-09-22, 2357212, 2,2,11,13,13,317, 0, 0, 7607.741935
Ridley_Scott, 1937-11-30, 2428868, 2,2,13,13,3593, 0, 0, 254356.6078
Rudolph_Valentino, 1895-05-06, 2413320, 2,2,2,3,5,7,13,13,17, 0, 0, 103537.025
Steve_Morse, 1954-07-28, 2434952, 2,2,2,13,13,1801, 0, 0, 65069.4
