Arturo_Pérez-Reverte, 1951-11-25, 2,2,2,19,67,239, 50282.93939
Dick_Advocaat, 1947-09-27, 2,2,2,13,19,1231, 41790.66667
Fabio_Grosso, 1977-11-28, 2,2,3,7,19,1531, 62542.40541
Floriano_Peixoto, 1839-04-30, 2,2,3,5,19,2099, 22539
Giovanni_Trapattoni, 1939-03-17, 2,2,3,5,19,2131, 84015.85294
Jon_Dahl_Tomasson, 1976-08-29, 2,2,3,5,19,2143, 48195.02941
Li_Peng, 1928-10-20, 2,2,5,13,19,491, 88356.85185
Luis_Suárez, 1987-01-24, 2,2,5,19,47,137, 138751.72
Meat_Loaf, 1947-09-27, 2,2,2,13,19,1231, 322372.4839
Mickaël_Landreau, 1979-05-14, 2,2,2,7,19,2297, 33406.03846
Mike_Huckabee, 1955-08-24, 2,2,2,2,19,8011, 88897.8
Neil_Young, 1945-11-12, 2,2,7,7,19,653, 321384.093
Oliver_Neuville, 1973-05-01, 2,2,19,19,19,89, 33509.0625
Pastora_Soler, 1978-09-28, 2,2,5,19,59,109, 20111.25926
Roberto_Rosetti, 1967-09-18, 2,2,2,7,19,2293, 20967.7037
Simón_Bolívar, 1783-07-24, 2,2,19,19,31,53, 171110.4821
Sinclair_Lewis, 1885-02-07, 2,2,5,17,19,373, 32334.31148
Takuma_Sato, 1977-01-28, 2,2,17,19,31,61, 50278.44118
Thelonious_Monk, 1917-10-10, 2,2,2,19,89,179, 100906.9444
Tony_Shalhoub, 1953-10-09, 2,2,5,19,43,149, 152837.3636
Wenceslaus_III_of_Bohemia, 1289-10-06, 2,2,2,2,19,7211, 19917.38462
