Adriana_Lima, 1981-06-12, 2444768, 2,2,2,2,2,19,4021, 0, 0, 400258.5106
Alexander_Khalifman, 1966-01-18, 2439144, 2,2,2,3,3,19,1783, 0, 0, 5628.771429
Bohumil_Hrabal, 1914-03-28, 2420220, 2,2,3,5,11,19,193, 0, 0, 37298.70968
Claire_Forlani, 1972-07-01, 2441500, 2,2,5,5,5,19,257, 0, 0, 215274.8621
Conchita_Martínez, 1972-04-16, 2441424, 2,2,2,2,3,19,2677, 0, 0, 18148.35484
Donald_A._Glaser, 1926-09-21, 2424780, 2,2,3,3,5,19,709, 0, 0, 9220.931818
Emilia_Plater, 1806-11-13, 2381004, 2,2,3,3,19,59,59, 0, 0, 22150.2069
Emilio_G._Segrè, 1905-01-30, 2416876, 2,2,7,7,11,19,59, 0, 0, 9271.229167
Fiona_Apple, 1977-09-13, 2443400, 2,2,2,5,5,19,643, 0, 0, 201736.5926
Hakan_Şükür, 1971-09-01, 2441196, 2,2,3,3,19,43,83, 0, 0, 80262.68421
James_K._Polk, 1795-11-02, 2376976, 2,2,2,2,7,19,1117, 0, 0, 54555.22989
Jean_Baptiste_Perrin, 1870-09-30, 2404336, 2,2,2,2,11,19,719, 0, 0, 12098.77358
Johann_Gottfried_Herder, 1744-08-25, 2358280, 2,2,2,5,19,29,107, 0, 0, 39952.11765
Nick_Cave, 1957-09-22, 2436104, 2,2,2,11,19,31,47, 0, 0, 181472.9737
Robert_Southey, 1774-08-12, 2369224, 2,2,2,11,13,19,109, 0, 0, 17644.92857
Steve_Vai, 1960-06-06, 2437092, 2,2,3,3,7,19,509, 0, 0, 213699.7632
William_Crookes, 1832-06-17, 2390352, 2,2,2,2,3,19,2621, 0, 0, 29551.59459
Yoshikatsu_Kawaguchi, 1975-08-15, 2442640, 2,2,2,2,5,19,1607, 0, 0, 38048.1875
