Adriana_Lima, 1981-06-12, 2444768, 2,2,2,2,2,19,4021, 0, 0, 400258.5106
Al_Capone, 1899-01-17, 2414672, 2,2,2,2,13,13,19,47, 0, 0, 491181.2097
Andrés_Iniesta, 1984-05-11, 2445832, 2,2,2,19,16091, 0, 0, 175989.6812
Ciara, 1985-10-25, 2446364, 2,2,19,32189, 0, 0, 333901.1111
Claire_Forlani, 1972-07-01, 2441500, 2,2,5,5,5,19,257, 0, 0, 215274.8621
Eden_Hazard, 1991-01-07, 2448264, 2,2,2,3,7,13,19,59, 0, 0, 240831.7568
Fiona_Apple, 1977-09-13, 2443400, 2,2,2,5,5,19,643, 0, 0, 201736.5926
Ian_McShane, 1942-09-29, 2430632, 2,2,2,19,15991, 0, 0, 183328.4706
Julia_Stiles, 1981-03-28, 2444692, 2,2,19,19,1693, 0, 0, 338501.5152
Manu_Chao, 1961-06-21, 2437472, 2,2,2,2,2,19,19,211, 0, 0, 214663
Meat_Loaf, 1947-09-27, 2432456, 2,2,2,13,19,1231, 0, 0, 322372.4839
Neil_Young, 1945-11-12, 2431772, 2,2,7,7,19,653, 0, 0, 321384.093
Nick_Cave, 1957-09-22, 2436104, 2,2,2,11,19,31,47, 0, 0, 181472.9737
Noomi_Rapace, 1979-12-28, 2444236, 2,2,19,29,1109, 0, 0, 315876.9
Peter_Jackson_(footballer,_born_1961), 1961-04-06, 2437396, 2,2,13,19,2467, 0, 0, 186333.1379
Queen_Latifah, 1970-03-18, 2440664, 2,2,2,19,16057, 0, 0, 305108.7714
Ricardo_Quaresma, 1983-09-26, 2445604, 2,2,7,19,4597, 0, 0, 201245.4146
Sarah_Michelle_Gellar, 1977-04-14, 2443248, 2,2,2,2,3,3,19,19,47, 0, 0, 424751
Sienna_Guillory, 1975-03-16, 2442488, 2,2,2,19,16069, 0, 0, 200468.2143
Steve_Vai, 1960-06-06, 2437092, 2,2,3,3,7,19,509, 0, 0, 213699.7632
Tilda_Swinton, 1960-11-05, 2437244, 2,2,19,32069, 0, 0, 246862.7838
