Albert_Kesselring, 1885-11-30, 2409876, 2,2,3,3,7,73,131, 0, 0, 64988.48387
Alessandro_Manzoni, 1785-03-07, 2373084, 2,2,3,3,3,7,43,73, 0, 0, 72838.91489
Anders_Fogh_Rasmussen, 1953-01-26, 2434404, 2,2,3,7,73,397, 0, 0, 30848.08475
Anna_Pavlova, 1881-02-12, 2408124, 2,2,3,73,2749, 0, 0, 47162.26829
Christiaan_Huygens, 1629-04-14, 2316144, 2,2,2,2,3,73,661, 0, 0, 38139.94737
Ellen_Pompeo, 1969-11-10, 2440536, 2,2,2,3,7,73,199, 0, 0, 252505.697
Glenn_T._Seaborg, 1912-04-19, 2419512, 2,2,2,3,73,1381, 0, 0, 20086.36585
Henry_Mancini, 1924-04-16, 2423892, 2,2,3,73,2767, 0, 0, 62238.31579
Jens_Lehmann, 1969-11-10, 2440536, 2,2,2,3,7,73,199, 0, 0, 61921.83333
Larry_King, 1933-11-19, 2427396, 2,2,3,17,73,163, 0, 0, 169079.4722
Martinus_J._G._Veltman, 1931-06-27, 2426520, 2,2,2,3,5,73,277, 0, 0, 9158.888889
Michel_Platini, 1955-06-21, 2435280, 2,2,2,2,3,5,73,139, 0, 0, 101190.0984
Ulf_von_Euler, 1905-02-07, 2416884, 2,2,3,31,73,89, 0, 0, 6411.78125
Yusuf_al-Qaradawi, 1926-09-09, 2424768, 2,2,2,2,2,2,3,73,173, 0, 0, 58827.21429
