Darren_Criss, 1987-02-05, 2446832, 2,2,2,2,23,61,109, 0, 0, 340967.7143
Frederick_IV_of_Denmark, 1671-10-11, 2331664, 2,2,2,2,61,2389, 0, 0, 14230.25
Jacques_Maritain, 1882-11-18, 2408768, 2,2,2,2,2,2,61,617, 0, 0, 27367.27586
John_Churchill,_1st_Duke_of_Marlborough, 1650-05-26, 2323856, 2,2,2,2,61,2381, 0, 0, 4655.944444
John_Rhys-Davies, 1944-05-05, 2431216, 2,2,2,2,47,53,61, 0, 0, 192904.5161
Lajos_Kossuth, 1802-09-19, 2379488, 2,2,2,2,2,23,53,61, 0, 0, 36778.56757
Shirley_Temple, 1928-04-23, 2425360, 2,2,2,2,5,7,61,71, 0, 0, 340979.1111
Shohreh_Aghdashloo, 1952-05-11, 2434144, 2,2,2,2,2,29,43,61, 0, 0, 59829.30769
Zubin_Mehta, 1936-04-29, 2428288, 2,2,2,2,2,2,2,61,311, 0, 0, 48123.57143
Óscar_Romero, 1917-08-15, 2421456, 2,2,2,2,3,61,827, 0, 0, 95163.2069
