Adlai_Stevenson_II, 1900-02-05, 2,2,2,2,7,21563, 30390.19231
André_Masséna, 1758-06-05, 2,2,2,2,7,21101, 19602.90625
C._Wright_Mills, 1916-08-28, 2,2,2,2,7,21617, 47794.84615
Chiang_Kai-shek, 1887-10-31, 2,2,2,2,7,21523, 133409.25
Chris_Paul, 1985-05-06, 2,2,2,2,7,21841, 199419.1714
Fran_Drescher, 1957-09-30, 2,2,2,2,7,21751, 315304.1034
Ivan_Ljubičić, 1979-03-19, 2,2,2,2,7,21821, 27173.86207
Jean_Dujardin, 1972-06-19, 2,2,2,2,7,21799, 138779.0714
Karl_Benz, 1844-11-25, 2,2,2,2,7,21383, 56612.26667
Koichi_Tanaka, 1959-08-03, 2,2,2,2,7,21757, 39032.25714
Manuel_L._Quezon, 1878-08-19, 2,2,2,2,7,21493, 72886.28125
Robin_Tunney, 1972-06-19, 2,2,2,2,7,21799, 207258.9091
Xi_Jinping, 1953-06-15, 2,2,2,2,7,21737, 111665.2
