Anatole_France, 1844-04-16, 2,2,2,2,3,7,7127, 31317.45714
Asafa_Powell, 1982-11-23, 2,2,2,2,7,7,3119, 75995.60465
Gordon_Bajnai, 1968-03-05, 2,2,2,2,5,7,4357, 16765.97222
Ivan_VI_of_Russia, 1740-08-23, 2,2,2,2,7,11,1913, 32371.26667
Jan_Fischer_(politician), 1951-01-02, 2,2,2,2,3,7,7243, 8105.921053
Luiz_Felipe_Scolari, 1948-11-09, 2,2,2,2,2,7,10861, 83181.15385
Michael_Emerson, 1954-09-07, 2,2,2,2,3,7,7247, 133007.0345
Michael_Sata, 1937-07-06, 2,2,2,2,5,7,4337, 11964.44444
Robert_Burns_Woodward, 1917-04-10, 2,2,2,2,7,13,1663, 11904
Robert_Byrd, 1917-11-20, 2,2,2,2,3,7,7207, 110810.931
Sotiris_Ninis, 1990-04-03, 2,2,2,2,7,11,1987, 39070.53846
Terry_O'Quinn, 1952-07-15, 2,2,2,2,2,7,10867, 108741.3333
Willard_Boyle, 1924-08-19, 2,2,2,2,7,23,941, 9034.857143
