Alfred_G._Gilman, 1941-07-01, 2,2,2,2,2,7,19,571, 7209.25
Denzel_Washington, 1954-12-28, 2,2,2,2,2,7,7,1553, 373075.2206
Falco_(musician), 1957-02-19, 2,2,2,2,7,7,13,239, 119893.8387
Fernando_Botero, 1932-04-19, 2,2,2,2,2,2,7,5417, 163491.0667
Ignacy_Jan_Paderewski, 1860-11-06, 2,2,2,2,3,5,7,1429, 41538.28947
James_Fenimore_Cooper, 1789-09-15, 2,2,2,2,7,7,13,233, 48930.95455
Jonás_Gutiérrez, 1983-07-05, 2,2,2,2,5,7,11,397, 32791.46875
Louis_Saha, 1978-08-08, 2,2,2,2,3,7,7,1039, 73579.09302
Martina_Hingis, 1980-09-30, 2,2,2,2,2,7,7,1559, 116639.283
Matt_LeBlanc, 1967-07-25, 2,2,2,2,3,7,53,137, 282462.3333
Myron_Scholes, 1941-07-01, 2,2,2,2,2,7,19,571, 20499.51724
Nikica_Jelavić, 1985-08-27, 2,2,2,2,2,7,67,163, 44060.51613
Owen_Hargreaves, 1981-01-20, 2,2,2,2,7,13,23,73, 94495.67442
Prince_Edward,_Earl_of_Wessex, 1964-03-10, 2,2,2,2,2,2,7,5443, 27402.22857
Ramzan_Kadyrov, 1976-10-05, 2,2,2,2,3,7,11,661, 59848.20588
Saionji_Kinmochi, 1849-10-23, 2,2,2,2,3,7,7,1019, 36448.82143
Sandra_Oh, 1971-07-20, 2,2,2,2,2,2,7,5449, 236545.7692
Tadamichi_Kuribayashi, 1891-07-07, 2,2,2,2,5,7,59,73, 77890.35714
Zheng_Jie, 1983-07-05, 2,2,2,2,5,7,11,397, 20622
