Christina_Aguilera, 1980-12-18, 2,2,2,2,3,50929, 490432.5139
Colin_Firth, 1960-09-10, 2,2,3,13,17,919, 280620.9216
Demi_Moore, 1962-11-11, 2,2,3,5,179,227, 396399.0143
Edward_Norton, 1969-08-18, 2,2,3,7,17,1709, 359733.8596
Emma_Stone, 1988-11-06, 2,2,2,2,3,50989, 934637.4474
Gackt, 1973-07-04, 2,2,3,11,13,1423, 304094.2857
Hongwu_Emperor, 1328-10-21, 2,2,3,3,167,367, 246512
Jason_Earles, 1977-04-26, 2,2,3,5,43,947, 356005
Julianne_Moore, 1960-12-03, 2,2,2,3,3,33851, 275829.7903
Kellan_Lutz, 1985-03-15, 2,2,3,5,59,691, 340049.3333
Kelly_Clarkson, 1982-04-24, 2,2,3,3,23,2953, 303434.4259
Liev_Schreiber, 1967-10-04, 2,2,2,3,59,1723, 335520.7037
Maggie_Gyllenhaal, 1977-11-16, 2,2,2,3,3,33937, 320363.8889
Matthew_Morrison, 1978-10-30, 2,2,3,7,47,619, 289266.9286
Oskar_Schindler, 1908-04-28, 2,2,3,5,191,211, 259355.0392
Pablo_Escobar, 1949-12-01, 2,2,3,31,31,211, 596928.3953
Rebecca_Romijn, 1972-11-06, 2,2,3,3,7,9689, 279454.8889
Sigmund_Freud, 1856-05-06, 2,2,3,3,103,647, 324447.2388
T.I., 1980-09-25, 2,2,3,3,11,6173, 627045.1111
Thomas_Edison, 1847-02-11, 2,2,2,3,173,577, 306600.6905
Traci_Lords, 1968-05-07, 2,2,2,2,3,50833, 426726.8889
