Aiden_McGeady, 1986-04-04, 2,2,3,3,3,3,3,3,839
Akseli_Gallen-Kallela, 1865-04-26, 2,2,2,2,3,3,3,67,83
Aleksandr_Kerzhakov, 1982-11-27, 2,2,3,3,5,5,11,13,19
Alexei_Nikolaevich,_Tsarevich_of_Russia, 1904-08-12, 2,2,2,2,2,2,3,41,307
Amanda_Tapping, 1965-08-28, 2,2,2,3,3,5,5,5,271
Amaury_Nolasco, 1970-12-24, 2,2,2,2,3,3,11,23,67
Andy_Warhol, 1928-08-06, 2,2,2,3,3,3,3,19,197
Arvydas_Sabonis, 1964-12-19, 2,2,3,3,3,3,3,13,193
Barry_Gibb, 1946-09-01, 2,2,2,2,2,2,3,53,239
Bernard_Werber, 1961-09-18, 2,2,2,3,3,3,5,37,61
Bertha_von_Suttner, 1843-06-09, 2,2,2,3,3,3,3,5,739
Bobby_Fischer, 1943-03-09, 2,2,2,3,3,7,7,13,53
Casey_Affleck, 1975-08-12, 2,2,3,3,3,3,3,7,359
Charles_Greeley_Abbot, 1872-05-31, 2,2,2,2,3,3,3,19,293
Christina_Applegate, 1971-11-25, 2,2,2,2,2,2,3,5,2543
Clemens_Fritz, 1980-12-07, 2,2,3,3,3,3,3,5,503
David_Wenham, 1965-09-21, 2,2,2,2,3,7,7,17,61
Ehud_Olmert, 1945-09-30, 2,2,2,2,3,3,3,13,433
Elbridge_Gerry, 1744-07-17, 2,2,2,2,2,3,5,17,289
Elena_Paparizou, 1982-01-31, 2,2,2,3,5,5,5,5,163
Erica_Durance, 1978-06-21, 2,2,2,2,2,3,3,5,1697
Ernest_Borgnine, 1917-01-24, 2,2,3,3,3,3,3,47,53
Ferenc_Molnár, 1878-01-12, 2,2,3,3,3,3,17,19,23
Garret_Hobart, 1844-06-03, 2,2,2,2,2,3,3,5,1663
Geoff_Hurst, 1941-12-08, 2,2,2,2,2,2,2,3,6329
Gherman_Titov, 1935-09-11, 2,2,2,3,3,3,3,3,1249
Hifikepunye_Pohamba, 1935-08-18, 2,2,2,2,2,2,2,3,6323
Ivo_Sanader, 1953-06-08, 2,2,2,3,3,3,3,13,289
James_Callaghan, 1912-03-27, 2,2,2,2,2,3,3,31,271
James_Gandolfini, 1961-09-18, 2,2,2,3,3,3,5,37,61
John_Terry, 1980-12-07, 2,2,3,3,3,3,3,5,503
Josephine_Baker, 1906-06-03, 2,2,3,3,3,3,3,3,829
Karl_Pearson, 1857-03-27, 2,2,2,3,3,5,5,31,43
Keanu_Reeves, 1964-09-02, 2,2,2,2,3,3,3,5,1129
Lana_Turner, 1921-02-08, 2,2,2,3,3,7,11,19,23
Leo_Fender, 1909-08-10, 2,2,2,2,2,3,7,59,61
Léon_Degrelle, 1906-06-15, 2,2,2,2,2,3,13,13,149
Manmohan_Singh, 1932-09-26, 2,2,2,2,2,3,3,3,2809
Michael_Schumacher, 1969-01-03, 2,2,2,2,2,3,3,37,229
Miguel_Indurain, 1964-07-16, 2,2,2,2,2,2,3,13,977
Mike_Portnoy, 1967-04-20, 2,2,2,2,3,5,5,19,107
Mohammed_V_of_Morocco, 1909-08-10, 2,2,2,2,2,3,7,59,61
Nanni_Moretti, 1953-08-19, 2,2,2,2,3,3,11,29,53
Nelson_Mandela, 1918-07-18, 2,2,2,2,2,3,3,3,2803
Nino_Burjanadze, 1964-07-16, 2,2,2,2,2,2,3,13,977
Otto_von_Bismarck, 1815-04-01, 2,2,2,2,2,2,3,3,4139
Pope_Leo_XII, 1760-08-22, 2,2,2,3,3,3,5,11,199
Richard_Nixon, 1913-01-09, 2,2,2,2,2,2,3,3,4201
Roh_Moo-hyun, 1946-09-01, 2,2,2,2,2,2,3,53,239
Roque_Santa_Cruz, 1981-08-16, 2,2,2,2,2,3,3,13,653
Satoshi_Tajiri, 1965-08-28, 2,2,2,3,3,5,5,5,271
Shania_Twain, 1965-08-28, 2,2,2,3,3,5,5,5,271
Silvio_Berlusconi, 1936-09-29, 2,2,2,3,5,7,7,7,59
Simon_Kuznets, 1901-04-30, 2,2,2,2,3,7,7,13,79
Stanisław_Lem, 1921-09-12, 2,2,2,2,2,3,3,47,179
Timo_Hildebrand, 1979-04-05, 2,2,2,2,2,2,3,3,4243
Torsten_Frings, 1976-11-22, 2,2,2,2,2,3,3,17,499
Toto_Cutugno, 1943-07-07, 2,2,2,2,2,2,3,11,1151
Ville_Valo, 1976-11-22, 2,2,2,2,2,3,3,17,499
