50_Cent, 1975-07-06, 2442600, 2,2,2,3,3,5,5,23,59, 0, 0, 632055.6716
Amanda_Bynes, 1986-04-03, 2446524, 2,2,3,3,3,3,3,3,839, 0, 0, 624594.7027
Ashley_Greene, 1987-02-21, 2446848, 2,2,2,2,2,2,2,2,2,3,3,3,3,59, 0, 0, 445138.6857
Christina_Aguilera, 1980-12-18, 2444592, 2,2,2,2,3,50929, 0, 0, 490432.5139
Ellen_Page, 1987-02-21, 2446848, 2,2,2,2,2,2,2,2,2,3,3,3,3,59, 0, 0, 452879.2553
Emma_Stone, 1988-11-06, 2447472, 2,2,2,2,3,50989, 0, 0, 934637.4474
Gemma_Arterton, 1986-02-02, 2446464, 2,2,2,2,2,2,2,3,23,277, 0, 0, 481014.3103
Hayden_Panettiere, 1989-08-21, 2447760, 2,2,2,2,3,5,7,31,47, 0, 0, 537846.0213
Heath_Ledger, 1979-04-04, 2443968, 2,2,2,2,2,2,3,3,4243, 0, 0, 730116.7671
Lil_Wayne, 1982-09-27, 2445240, 2,2,2,3,5,7,41,71, 0, 0, 1401836.674
Michael_Fassbender, 1977-04-02, 2443236, 2,2,3,97,2099, 0, 0, 454186.0571
Mickey_Rourke, 1952-09-16, 2434272, 2,2,2,2,2,3,25357, 0, 0, 443698.7556
Nas, 1973-09-14, 2441940, 2,2,3,5,40699, 0, 0, 457749.4474
Nicholas_Hoult, 1989-12-07, 2447868, 2,2,3,203989, 0, 0, 434163.8571
Nicki_Minaj, 1982-12-08, 2445312, 2,2,2,2,2,2,2,2,2,2,2,2,3,199, 0, 0, 1115701.245
Pablo_Escobar, 1949-12-01, 2433252, 2,2,3,31,31,211, 0, 0, 596928.3953
Ryan_Gosling, 1980-11-12, 2444556, 2,2,3,203713, 0, 0, 839408.8649
Shawn_Michaels, 1965-07-22, 2438964, 2,2,3,3,3,11,2053, 0, 0, 554633.9706
T.I., 1980-09-25, 2444508, 2,2,3,3,11,6173, 0, 0, 627045.1111
Traci_Lords, 1968-05-07, 2439984, 2,2,2,2,3,50833, 0, 0, 426726.8889
Zooey_Deschanel, 1980-01-17, 2444256, 2,2,2,2,2,3,3,3,3,23,41, 0, 0, 851459.7436
