Bud_Spencer, 1929-10-31, 2425916, 2,2,53,11443, 0, 0, 387425.0313
Clint_Eastwood, 1930-05-31, 2426128, 2,2,2,2,53,2861, 0, 0, 508947.76
David_Attenborough, 1926-05-08, 2424644, 2,2,53,11437, 0, 0, 145319.2889
Debra_Winger, 1955-05-16, 2435244, 2,2,3,7,53,547, 0, 0, 121033.2857
Don_Rickles, 1926-05-08, 2424644, 2,2,53,11437, 0, 0, 117165.2667
Felix_Baumgartner, 1969-04-20, 2440332, 2,2,3,3,53,1279, 0, 0, 127650.8947
Helena_Bonham_Carter, 1966-05-26, 2439272, 2,2,2,11,53,523, 0, 0, 499967.7872
Henry_III_of_England, 1207-10-01, 2162188, 2,2,7,31,47,53, 0, 0, 60239.63462
Herbie_Hancock, 1940-04-12, 2429732, 2,2,53,73,157, 0, 0, 131794.1389
Janet_Leigh, 1927-07-06, 2425068, 2,2,3,3,31,41,53, 0, 0, 136405.1429
John_Goodman, 1952-06-20, 2434184, 2,2,2,53,5741, 0, 0, 272947.4571
John_Rhys-Davies, 1944-05-05, 2431216, 2,2,2,2,47,53,61, 0, 0, 192904.5161
Johnny_Cash, 1932-02-26, 2426764, 2,2,53,11447, 0, 0, 449129.125
Lynn_Redgrave, 1943-03-08, 2430792, 2,2,2,3,3,7,7,13,53, 0, 0, 75009.74074
Mark_Hoppus, 1972-03-15, 2441392, 2,2,2,2,53,2879, 0, 0, 154555.8788
Mos_Def, 1973-12-11, 2442028, 2,2,53,11519, 0, 0, 350750.4615
Richard_Dreyfuss, 1947-10-29, 2432488, 2,2,2,53,5737, 0, 0, 144676.2308
Rosie_Huntington-Whiteley, 1987-04-18, 2446904, 2,2,2,29,53,199, 0, 0, 503105.9688
Simón_Bolívar, 1783-07-24, 2372492, 2,2,19,19,31,53, 0, 0, 171110.4821
Stephen_Hawking, 1942-01-08, 2430368, 2,2,2,2,2,53,1433, 0, 0, 581601.7738
Thaksin_Shinawatra, 1949-07-26, 2433124, 2,2,23,53,499, 0, 0, 72939.35294
