Clint_Eastwood, 1930-05-31, 2,2,2,2,53,2861, 508947.76
Debra_Winger, 1955-05-16, 2,2,3,7,53,547, 121033.2857
Felix_Baumgartner, 1969-04-20, 2,2,3,3,53,1279, 127650.8947
Helena_Bonham_Carter, 1966-05-26, 2,2,2,11,53,523, 499967.7872
Henry_III_of_England, 1207-10-01, 2,2,7,31,47,53, 60239.63462
John_Logie_Baird, 1888-08-14, 2,2,2,2,53,2843, 48682.83019
Mark_Hoppus, 1972-03-15, 2,2,2,2,53,2879, 154555.8788
Olga_Korbut, 1955-05-16, 2,2,3,7,53,547, 36401.58065
Roger_Guillemin, 1924-01-11, 2,2,3,37,53,103, 6075.53125
Rosie_Huntington-Whiteley, 1987-04-18, 2,2,2,29,53,199, 503105.9688
Simón_Bolívar, 1783-07-24, 2,2,19,19,31,53, 171110.4821
Tomáš_Necid, 1989-08-13, 2,2,2,23,53,251, 20432.88889
