Amadou_Toumani_Touré, 1948-11-04, 2432860, 2,2,5,103,1181, 0, 0, 14996.1875
Dionne_Warwick, 1940-12-12, 2429976, 2,2,2,3,103,983, 0, 0, 157779
Eddy_Merckx, 1945-06-17, 2431624, 2,2,2,13,103,227, 0, 0, 67092.55769
Howard_Hughes, 1905-12-24, 2417204, 2,2,103,5867, 0, 0, 409703.9756
James_V_of_Scotland, 1512-04-10, 2273416, 2,2,2,31,89,103, 0, 0, 38922.78947
John_Cleese, 1939-10-27, 2429564, 2,2,103,5897, 0, 0, 185407.3542
John_Donne, 1572-01-22, 2295252, 2,2,3,3,103,619, 0, 0, 77417.64444
Joost_van_den_Vondel, 1587-11-17, 2301020, 2,2,5,103,1117, 0, 0, 17405.82143
Ken_Livingstone, 1945-06-17, 2431624, 2,2,2,13,103,227, 0, 0, 39923.58065
Kenneth_G._Wilson, 1936-06-08, 2428328, 2,2,2,7,103,421, 0, 0, 9285.184211
Ludovic_Magnin, 1979-04-20, 2443984, 2,2,2,2,103,1483, 0, 0, 13956.53846
Robert_Peary, 1856-05-06, 2399076, 2,2,3,3,103,647, 0, 0, 31020.53659
Roger_Guillemin, 1924-01-11, 2423796, 2,2,3,37,53,103, 0, 0, 6075.53125
Sigmund_Freud, 1856-05-06, 2399076, 2,2,3,3,103,647, 0, 0, 324447.2388
Thomas_Sankara, 1949-12-21, 2433272, 2,2,2,103,2953, 0, 0, 40919.4359
Vyacheslav_Molotov, 1890-03-09, 2411436, 2,2,3,103,1951, 0, 0, 62059.30909
Walter_Scheel, 1919-07-08, 2422148, 2,2,103,5879, 0, 0, 39056.94872
William_Booth, 1829-04-10, 2389188, 2,2,3,103,1933, 0, 0, 31736.42308
