Dionne_Warwick, 1940-12-12, 2429976, 2,2,2,3,103,983, 0, 0, 157779
Eddy_Merckx, 1945-06-17, 2431624, 2,2,2,13,103,227, 0, 0, 67092.55769
James_V_of_Scotland, 1512-04-10, 2273416, 2,2,2,31,89,103, 0, 0, 38922.78947
John_Donne, 1572-01-22, 2295252, 2,2,3,3,103,619, 0, 0, 77417.64444
Ken_Livingstone, 1945-06-17, 2431624, 2,2,2,13,103,227, 0, 0, 39923.58065
Kenneth_G._Wilson, 1936-06-08, 2428328, 2,2,2,7,103,421, 0, 0, 9285.184211
Ludovic_Magnin, 1979-04-20, 2443984, 2,2,2,2,103,1483, 0, 0, 13956.53846
Robert_Peary, 1856-05-06, 2399076, 2,2,3,3,103,647, 0, 0, 31020.53659
Roger_Guillemin, 1924-01-11, 2423796, 2,2,3,37,53,103, 0, 0, 6075.53125
Sigmund_Freud, 1856-05-06, 2399076, 2,2,3,3,103,647, 0, 0, 324447.2388
