Adam_Sandler, 1966-09-09, 2439378, 2,3,3,53,2557, 0, 0, 637335.9643
Barbra_Streisand, 1942-04-24, 2430474, 2,3,53,7643, 0, 0, 288720.9836
Bud_Spencer, 1929-10-31, 2425916, 2,2,53,11443, 0, 0, 387425.0313
Clint_Eastwood, 1930-05-31, 2426128, 2,2,2,2,53,2861, 0, 0, 508947.76
David_Attenborough, 1926-05-08, 2424644, 2,2,53,11437, 0, 0, 145319.2889
David_Guetta, 1967-11-07, 2439802, 2,53,23017, 0, 0, 499669.5862
Helena_Bonham_Carter, 1966-05-26, 2439272, 2,2,2,11,53,523, 0, 0, 499967.7872
James_Franco, 1978-04-19, 2443618, 2,53,23053, 0, 0, 612270.7907
Jim_Carrey, 1962-01-17, 2437682, 2,13,29,53,61, 0, 0, 489841.2027
John_Goodman, 1952-06-20, 2434184, 2,2,2,53,5741, 0, 0, 272947.4571
John_Rhys-Davies, 1944-05-05, 2431216, 2,2,2,2,47,53,61, 0, 0, 192904.5161
Johnny_Cash, 1932-02-26, 2426764, 2,2,53,11447, 0, 0, 449129.125
Kevin_Durant, 1988-09-29, 2447434, 2,11,53,2099, 0, 0, 265804.8974
Linda_McCartney, 1941-09-24, 2430262, 2,53,101,227, 0, 0, 168714.4815
Mark_Hoppus, 1972-03-15, 2441392, 2,2,2,2,53,2879, 0, 0, 154555.8788
Mos_Def, 1973-12-11, 2442028, 2,2,53,11519, 0, 0, 350750.4615
Rachel_McAdams, 1978-11-17, 2443830, 2,3,5,29,53,53, 0, 0, 626933.5366
Richard_Dreyfuss, 1947-10-29, 2432488, 2,2,2,53,5737, 0, 0, 144676.2308
Rosie_Huntington-Whiteley, 1987-04-18, 2446904, 2,2,2,29,53,199, 0, 0, 503105.9688
Simón_Bolívar, 1783-07-24, 2372492, 2,2,19,19,31,53, 0, 0, 171110.4821
Stephen_Hawking, 1942-01-08, 2430368, 2,2,2,2,2,53,1433, 0, 0, 581601.7738
