Aamir_Khan, 1965-03-14, 2438834, 2,103,11839, 0, 0, 368683.6818
Ananda_Mahidol, 1925-09-20, 2424414, 2,3,103,3923, 0, 0, 48843.19231
Ben_Browder, 1962-12-11, 2438010, 2,3,3,5,103,263, 0, 0, 55898.07692
Bridget_Fonda, 1964-01-27, 2438422, 2,7,19,89,103, 0, 0, 163795.8286
Chris_Diamantopoulos, 1975-05-09, 2442542, 2,71,103,167, 0, 0, 59321.76923
Dionne_Warwick, 1940-12-12, 2429976, 2,2,2,3,103,983, 0, 0, 157779
Eddy_Merckx, 1945-06-17, 2431624, 2,2,2,13,103,227, 0, 0, 67092.55769
Francisco_I._Madero, 1873-10-30, 2405462, 2,103,11677, 0, 0, 121478.2857
Howard_Hughes, 1905-12-24, 2417204, 2,2,103,5867, 0, 0, 409703.9756
John_Cleese, 1939-10-27, 2429564, 2,2,103,5897, 0, 0, 185407.3542
John_Donne, 1572-01-22, 2295252, 2,2,3,3,103,619, 0, 0, 77417.64444
Joschka_Fischer, 1948-04-12, 2432654, 2,7,7,103,241, 0, 0, 50217.17143
Jürgen_Klopp, 1967-06-16, 2439658, 2,13,103,911, 0, 0, 135766.963
Ken_Livingstone, 1945-06-17, 2431624, 2,2,2,13,103,227, 0, 0, 39923.58065
Kevin_Costner, 1955-01-18, 2435126, 2,103,11821, 0, 0, 263942.4576
Marcello_Lippi, 1948-04-12, 2432654, 2,7,7,103,241, 0, 0, 69349.07692
Prince_(musician), 1958-06-07, 2436362, 2,103,11827, 0, 0, 126429.4222
Sigmund_Freud, 1856-05-06, 2399076, 2,2,3,3,103,647, 0, 0, 324447.2388
Thomas_Sankara, 1949-12-21, 2433272, 2,2,2,103,2953, 0, 0, 40919.4359
Vincente_Minnelli, 1903-02-28, 2416174, 2,37,103,317, 0, 0, 61020.18519
Vyacheslav_Molotov, 1890-03-09, 2411436, 2,2,3,103,1951, 0, 0, 62059.30909
