Alyson_Hannigan, 1974-03-24, 2,5,103,2371, 544853.3514
Groucho_Marx, 1890-10-02, 2,23,103,509, 157622.5405
Honoré_de_Balzac, 1799-05-20, 2,5,103,2309, 119358.0732
Jacques_Hadamard, 1865-12-08, 2,103,107,109, 10190.44828
Joan_Sutherland, 1926-11-07, 2,79,103,149, 34425
Jules_Bordet, 1870-06-13, 2,11,103,1061, 7512.179487
Mary_II_of_England, 1662-04-30, 2,2,103,5651, 39571.43396
Maurice_Utrillo, 1883-12-26, 2,5,103,2339, 29136.9375
Theobald_von_Bethmann-Hollweg, 1856-11-29, 2,19,103,613, 17887.48387
Udo_Jürgens, 1934-09-30, 2,5,103,2357, 70443.53846
William_Hogarth, 1697-11-10, 2,5,103,2273, 43351.35417
