Alex_Jones_(radio_host), 1974-02-11, 2442090, 2,3,5,7,29,401, 0, 0, 77174.76923
Ashanti_(singer), 1980-10-13, 2444526, 2,3,3,3,7,29,223, 0, 0, 10490.42857
Auguste_Piccard, 1884-01-28, 2409204, 2,2,3,7,23,29,43, 0, 0, 25905.83333
Bertram_Brockhouse, 1918-07-15, 2421790, 2,5,7,29,1193, 0, 0, 7171.025641
Christian_X_of_Denmark, 1870-09-26, 2404332, 2,2,3,3,7,7,29,47, 0, 0, 30199.13514
Georg_Cantor, 1845-03-03, 2394994, 2,7,17,29,347, 0, 0, 43481.06349
Hafez_al-Assad, 1930-10-06, 2426256, 2,2,2,2,3,3,7,29,83, 0, 0, 75907.44444
Hank_Aaron, 1934-02-05, 2427474, 2,3,7,29,1993, 0, 0, 132335.8462
Jody_Williams, 1950-10-09, 2433564, 2,2,3,3,3,3,7,29,37, 0, 0, 16278.65625
Lars_von_Trier, 1956-04-30, 2435594, 2,7,7,29,857, 0, 0, 154099.6
Magda_Goebbels, 1901-11-11, 2415700, 2,2,5,5,7,7,17,29, 0, 0, 92763.51724
Mihai_Ghimpu, 1951-11-19, 2433970, 2,5,7,11,29,109, 0, 0, 8293
Murad_V, 1840-09-21, 2393370, 2,3,3,5,7,29,131, 0, 0, 17527.55814
Paul_Verhoeven, 1938-07-18, 2429098, 2,7,29,31,193, 0, 0, 62155.75
Richard_III_of_England, 1452-10-02, 2251676, 2,2,7,29,47,59, 0, 0, 172495.0877
Scott_Parker, 1980-10-13, 2444526, 2,3,3,3,7,29,223, 0, 0, 46525.8
Sophie_Germain, 1776-04-01, 2369822, 2,7,13,29,449, 0, 0, 27903.63636
Thomas_Johansson, 1975-03-24, 2442496, 2,2,2,2,2,2,2,2,7,29,47, 0, 0, 13388.22222
