Afonso_V_of_Portugal, 1432-01-15, 2244110, 2,5,11,23,887, 0, 0, 21701.69231
Carlo_Collodi, 1826-11-24, 2388320, 2,2,2,2,2,5,11,23,59, 0, 0, 34591.8125
Christijan_Albers, 1979-04-16, 2443980, 2,2,3,5,7,11,23,23, 0, 0, 13423.53333
Empress_Elisabeth_of_Austria, 1837-12-24, 2392368, 2,2,2,2,3,11,23,197, 0, 0, 208457.3111
Fabricio_Coloccini, 1982-01-22, 2444992, 2,2,2,2,2,2,11,23,151, 0, 0, 47127.38235
Gary_Neville, 1975-02-18, 2442462, 2,3,11,23,1609, 0, 0, 74095.07843
Heinrich_Müller_(Gestapo), 1900-04-28, 2415138, 2,3,11,23,37,43, 0, 0, 26534.74074
Henry_IV_of_France, 1553-12-13, 2288638, 2,11,23,4523, 0, 0, 136868.7213
Ivan_Basso, 1977-11-26, 2443474, 2,11,11,23,439, 0, 0, 47297.15385
Jan_Oort, 1900-04-28, 2415138, 2,3,11,23,37,43, 0, 0, 9460.555556
Jesse_James, 1847-09-05, 2395910, 2,5,11,23,947, 0, 0, 429359.5556
Katie_Leung, 1987-08-08, 2447016, 2,2,2,3,11,13,23,31, 0, 0, 82028.83871
Lisa_Gerrard, 1961-04-12, 2437402, 2,11,23,4817, 0, 0, 31554.47945
Nicolas_Léonard_Sadi_Carnot, 1796-06-01, 2377188, 2,2,3,3,3,3,11,23,29, 0, 0, 20451.72727
William_H._Macy, 1950-03-13, 2433354, 2,3,7,11,23,229, 0, 0, 161777.1
