Abraham_Lincoln, 1809-02-12, 2381826, 2,3,396971, 0, 0, 504925.2748
Aleister_Crowley, 1875-10-12, 2406174, 2,3,401029, 0, 0, 331072.8723
Ashley_Judd, 1968-04-19, 2439966, 2,3,406661, 0, 0, 305458.5938
Brad_Pitt, 1963-12-18, 2438382, 2,3,406397, 0, 0, 639600.2442
Brendan_Fraser, 1968-12-03, 2440194, 2,3,406699, 0, 0, 262563.0698
Charles_Darwin, 1809-02-12, 2381826, 2,3,396971, 0, 0, 335014.8514
Christopher_Lee, 1922-05-27, 2423202, 2,3,403867, 0, 0, 281645
Coco_Chanel, 1883-08-19, 2409042, 2,3,401507, 0, 0, 363641.9825
Danica_Patrick, 1982-03-25, 2445054, 2,3,407509, 0, 0, 251537.2857
Dr._Seuss, 1904-03-02, 2416542, 2,3,402757, 0, 0, 398078.8667
Jeff_Beck, 1944-06-24, 2431266, 2,3,405211, 0, 0, 215911.7895
Jennifer_Love_Hewitt, 1979-02-21, 2443926, 2,3,407321, 0, 0, 481980.617
Joe_Jonas, 1989-08-15, 2447754, 2,3,407959, 0, 0, 432464.4872
Johnny_Knoxville, 1971-03-11, 2441022, 2,3,406837, 0, 0, 429690.75
Lennox_Lewis, 1965-09-02, 2439006, 2,3,406501, 0, 0, 262664.8929
Liv_Tyler, 1977-07-01, 2443326, 2,3,407221, 0, 0, 381202.2653
Ludacris, 1977-09-11, 2443398, 2,3,407233, 0, 0, 494378.8108
Mia_Wasikowska, 1989-10-14, 2447814, 2,3,407969, 0, 0, 288772.7667
Nelly, 1974-11-02, 2442354, 2,3,407059, 0, 0, 352646.75
Sacha_Baron_Cohen, 1971-10-13, 2441238, 2,3,406873, 0, 0, 454105.1455
Victoria_Justice, 1993-02-19, 2449038, 2,3,408173, 0, 0, 729200.1852
