Aaliyah, 1979-01-16, 2443890, 2,3,5,81463, 0, 0, 410049.1667
Amelia_Earhart, 1897-07-24, 2414130, 2,3,5,80471, 0, 0, 329944.3226
Avicii, 1989-09-08, 2447778, 2,3,67,6089, 0, 0, 456361.2593
Barbra_Streisand, 1942-04-24, 2430474, 2,3,53,7643, 0, 0, 288720.9836
Bill_Murray, 1950-09-21, 2433546, 2,3,3,135197, 0, 0, 276743.68
Brittany_Murphy, 1977-11-10, 2443458, 2,3,449,907, 0, 0, 647549.6735
Chris_Hemsworth, 1983-08-11, 2445558, 2,3,197,2069, 0, 0, 763770
Christian_Bale, 1974-01-30, 2442078, 2,3,3,135671, 0, 0, 605086.7288
Courteney_Cox, 1964-06-15, 2438562, 2,3,7,58061, 0, 0, 353607.1333
Dave_Grohl, 1969-01-14, 2440236, 2,2,3,203353, 0, 0, 383898.7292
Gareth_Bale, 1989-07-16, 2447724, 2,2,3,203977, 0, 0, 315421.119
Jim_Parsons, 1973-03-24, 2441766, 2,3,19,21419, 0, 0, 673222.3846
Lady_Gaga, 1986-03-28, 2446518, 2,3,71,5743, 0, 0, 786185.3158
Leighton_Meester, 1986-04-09, 2446530, 2,3,5,81551, 0, 0, 548303.4595
Macaulay_Culkin, 1980-08-26, 2444478, 2,3,73,5581, 0, 0, 852066.5778
Nicholas_Hoult, 1989-12-07, 2447868, 2,2,3,203989, 0, 0, 434163.8571
Ryan_Gosling, 1980-11-12, 2444556, 2,2,3,203713, 0, 0, 839408.8649
Steve_Buscemi, 1957-12-13, 2436186, 2,3,173,2347, 0, 0, 273113.6444
Terry_Crews, 1968-07-30, 2440068, 2,2,3,203339, 0, 0, 396242.1935
Vince_Vaughn, 1970-03-28, 2440674, 2,3,3,135593, 0, 0, 285738.1143
Wyatt_Earp, 1848-03-19, 2396106, 2,3,3,133117, 0, 0, 354654.5556
