Christina_Aguilera, 1980-12-18, 2444592, 2,2,2,2,3,50929, 0, 0, 490432.5139
Courtney_Love, 1964-07-09, 2438586, 2,3,3,3,3,15053, 0, 0, 332528.7273
Demi_Moore, 1962-11-11, 2437980, 2,2,3,5,179,227, 0, 0, 396399.0143
Edward_Norton, 1969-08-18, 2440452, 2,2,3,7,17,1709, 0, 0, 359733.8596
Emma_Stone, 1988-11-06, 2447472, 2,2,2,2,3,50989, 0, 0, 934637.4474
Jackie_Robinson, 1919-01-31, 2421990, 2,3,3,5,17,1583, 0, 0, 327129.3438
Jason_Earles, 1977-04-26, 2443260, 2,2,3,5,43,947, 0, 0, 356005
John_F._Kennedy, 1917-05-29, 2421378, 2,3,3,17,41,193, 0, 0, 496524.431
Kellan_Lutz, 1985-03-15, 2446140, 2,2,3,5,59,691, 0, 0, 340049.3333
Liev_Schreiber, 1967-10-04, 2439768, 2,2,2,3,59,1723, 0, 0, 335520.7037
Lindsay_Lohan, 1986-07-02, 2446614, 2,3,3,29,43,109, 0, 0, 609891.7424
Maggie_Gyllenhaal, 1977-11-16, 2443464, 2,2,2,3,3,33937, 0, 0, 320363.8889
Meryl_Streep, 1949-06-22, 2433090, 2,3,5,11,73,101, 0, 0, 325459.9481
Michelle_Trachtenberg, 1985-10-11, 2446350, 2,3,5,5,47,347, 0, 0, 368302.8966
Morgan_Freeman, 1937-06-01, 2428686, 2,3,3,13,97,107, 0, 0, 432477.0909
Pablo_Escobar, 1949-12-01, 2433252, 2,2,3,31,31,211, 0, 0, 596928.3953
Rachel_McAdams, 1978-11-17, 2443830, 2,3,5,29,53,53, 0, 0, 626933.5366
Ronald_Reagan, 1911-02-06, 2419074, 2,3,3,7,73,263, 0, 0, 334460.6822
Sigmund_Freud, 1856-05-06, 2399076, 2,2,3,3,103,647, 0, 0, 324447.2388
T.I., 1980-09-25, 2444508, 2,2,3,3,11,6173, 0, 0, 627045.1111
Traci_Lords, 1968-05-07, 2439984, 2,2,2,2,3,50833, 0, 0, 426726.8889
