Akira_Toriyama, 1955-04-05, 2,3,3,7,7,11,251, 298591.871
Alyssa_Milano, 1972-12-19, 2,3,5,7,7,11,151, 391663.175
Ayn_Rand, 1905-02-02, 2,3,3,3,3,3,4973, 258331.2364
Billy_Ray_Cyrus, 1961-08-25, 2,2,2,2,2,3,25391, 318590.9167
Corey_Taylor, 1973-12-08, 2,2,2,3,3,13,2609, 356730.0357
George_Harrison, 1943-02-25, 2,2,3,5,11,29,127, 325569.1667
Haruki_Murakami, 1949-01-12, 2,2,2,2,2,3,25343, 270057.463
Jennifer_Garner, 1972-04-17, 2,2,2,2,3,19,2677, 355992.7021
John_Belushi, 1949-01-24, 2,2,3,5,23,41,43, 343435.6061
Joseph_Gordon-Levitt, 1981-02-17, 2,2,3,3,7,89,109, 633562.8
Joss_Stone, 1987-04-11, 2,2,2,2,3,19,2683, 275088.2692
Kate_Bosworth, 1983-01-02, 2,2,2,3,3,3,11321, 275558.0938
Kate_Winslet, 1975-10-05, 2,3,3,3,5,83,109, 378422.6712
Kiefer_Sutherland, 1966-12-21, 2,2,2,3,5,29,701, 258311.9375
Mary_Elizabeth_Winstead, 1984-11-28, 2,2,2,2,3,131,389, 273718.5714
Natasha_Richardson, 1963-05-11, 2,2,2,2,3,5,10159, 363048.3158
Nicolaus_Copernicus, 1473-02-19, 2,2,2,2,3,5,9413, 254004.6719
Paris_Hilton, 1981-02-17, 2,2,3,3,7,89,109, 434445.1719
Ryan_Phillippe, 1974-09-10, 2,2,3,5,5,7,1163, 308571.7419
Shakira, 1977-02-02, 2,2,2,3,3,3,11311, 586653.4516
Steve_Wozniak, 1950-08-11, 2,2,2,2,2,3,25349, 311643.2182
