Andy_Warhol, 1928-08-06, 2,2,2,3,3,3,3,19,197, 343545.84
Barry_Gibb, 1946-09-01, 2,2,2,2,2,2,3,53,239, 214836.1111
Casey_Affleck, 1975-08-12, 2,2,3,3,3,3,3,7,359, 249900.2333
Christina_Applegate, 1971-11-25, 2,2,2,2,2,2,3,5,2543, 311067.8049
David_Wenham, 1965-09-21, 2,2,2,2,3,7,7,17,61, 130311.2593
Erica_Durance, 1978-06-21, 2,2,2,2,2,3,3,5,1697, 174457.8148
Ernest_Borgnine, 1917-01-24, 2,2,3,3,3,3,3,47,53, 141962.0577
James_Gandolfini, 1961-09-18, 2,2,2,3,3,3,5,37,61, 284564.9655
Jean-Michel_Basquiat, 1960-12-22, 2,3,3,3,3,3,5,17,59, 208887.4194
John_Terry, 1980-12-07, 2,2,3,3,3,3,3,5,503, 124617.4167
Josephine_Baker, 1906-06-03, 2,2,3,3,3,3,3,3,829, 151066.6667
Keanu_Reeves, 1964-09-02, 2,2,2,2,3,3,3,5,1129, 447059.3235
Martin_Luther_King,_Jr., 1929-01-15, 2,3,3,3,3,3,7,23,31, 248747.0086
Michael_Schumacher, 1969-01-03, 2,2,2,2,2,3,3,37,229, 202934.5385
Mike_Portnoy, 1967-04-20, 2,2,2,2,3,5,5,19,107, 157391.1935
Nelson_Mandela, 1918-07-18, 2,2,2,2,2,3,3,3,2803, 509128.2105
Otto_von_Bismarck, 1815-04-01, 2,2,2,2,2,2,3,3,4139, 143378.8148
Richard_Nixon, 1913-01-09, 2,2,2,2,2,2,3,3,4201, 265293.4078
Shania_Twain, 1965-08-28, 2,2,2,3,3,5,5,5,271, 219346.1273
Silvio_Berlusconi, 1936-09-29, 2,2,2,3,5,7,7,7,59, 197733.9029
Ville_Valo, 1976-11-22, 2,2,2,2,2,3,3,17,499, 124567.1944
