50_Cent, 1975-07-06, 2442600, 2,2,2,3,3,5,5,23,59, 0, 0, 632055.6716
Adam_Sandler, 1966-09-09, 2439378, 2,3,3,53,2557, 0, 0, 637335.9643
Brad_Pitt, 1963-12-18, 2438382, 2,3,406397, 0, 0, 639600.2442
Brittany_Murphy, 1977-11-10, 2443458, 2,3,449,907, 0, 0, 647549.6735
Chris_Hemsworth, 1983-08-11, 2445558, 2,3,197,2069, 0, 0, 763770
Emma_Stone, 1988-11-06, 2447472, 2,2,2,2,3,50989, 0, 0, 934637.4474
Heath_Ledger, 1979-04-04, 2443968, 2,2,2,2,2,2,3,3,4243, 0, 0, 730116.7671
Jim_Parsons, 1973-03-24, 2441766, 2,3,19,21419, 0, 0, 673222.3846
Johnny_Depp, 1963-06-09, 2438190, 2,3,3,5,27091, 0, 0, 1037709.288
Lady_Gaga, 1986-03-28, 2446518, 2,3,71,5743, 0, 0, 786185.3158
Lil_Wayne, 1982-09-27, 2445240, 2,2,2,3,5,7,41,71, 0, 0, 1401836.674
Macaulay_Culkin, 1980-08-26, 2444478, 2,3,73,5581, 0, 0, 852066.5778
Miranda_Cosgrove, 1993-05-14, 2449122, 2,3,13,17,1847, 0, 0, 728958.5946
Nicki_Minaj, 1982-12-08, 2445312, 2,2,2,2,2,2,2,2,2,2,2,2,3,199, 0, 0, 1115701.245
Rachel_McAdams, 1978-11-17, 2443830, 2,3,5,29,53,53, 0, 0, 626933.5366
Ryan_Gosling, 1980-11-12, 2444556, 2,2,3,203713, 0, 0, 839408.8649
T.I., 1980-09-25, 2444508, 2,2,3,3,11,6173, 0, 0, 627045.1111
Taylor_Swift, 1989-12-13, 2447874, 2,3,3,3,11,13,317, 0, 0, 863062.3971
Victoria_Justice, 1993-02-19, 2449038, 2,3,408173, 0, 0, 729200.1852
Vin_Diesel, 1967-07-18, 2439690, 2,3,5,11,7393, 0, 0, 861818.1304
Zooey_Deschanel, 1980-01-17, 2444256, 2,2,2,2,2,3,3,3,3,23,41, 0, 0, 851459.7436
