Bella_Thorne, 1997-10-08, 2450730, 2,3,5,151,541, 0, 0, 379715.4688
Chris_O'Donnell, 1970-06-26, 2440764, 2,2,3,3,151,449, 0, 0, 182663.2941
Cuba_Gooding,_Jr., 1968-01-02, 2439858, 2,3,151,2693, 0, 0, 37575.21429
Henry_Taube, 1915-11-30, 2420832, 2,2,2,2,2,3,151,167, 0, 0, 7692.909091
Herbert_Marcuse, 1898-07-19, 2414490, 2,3,5,13,41,151, 0, 0, 52662.16667
Heydar_Aliyev, 1923-05-10, 2423550, 2,3,5,5,107,151, 0, 0, 24598.68182
Hugo_Theorell, 1903-07-06, 2416302, 2,3,3,7,127,151, 0, 0, 5469.344828
Husayn_ibn_Ali, 0626-01-08, 1949712, 2,2,2,2,3,151,269, 0, 0, 55551.02273
Mercedes_Ruehl, 1948-02-28, 2432610, 2,3,3,5,151,179, 0, 0, 34483.17857
Sean_Hayes_(actor), 1970-06-26, 2440764, 2,2,3,3,151,449, 0, 0, 24498.78788
Steven_Chu, 1948-02-28, 2432610, 2,3,3,5,151,179, 0, 0, 41290.17021
T._E._Lawrence, 1888-08-16, 2410866, 2,3,3,151,887, 0, 0, 125299.4615
