Audrey_Tautou, 1976-08-09, 2443000, 2,2,2,5,5,5,7,349, 0, 0, 170865.2679
Carlos_Gamarra, 1971-02-17, 2441000, 2,2,2,5,5,5,2441, 0, 0, 19425.42857
Denise_Richards, 1971-02-17, 2441000, 2,2,2,5,5,5,2441, 0, 0, 387577.2222
Derek_Walcott, 1930-01-23, 2426000, 2,2,2,2,5,5,5,1213, 0, 0, 21406.36364
Ephraim_Katzir, 1916-05-16, 2421000, 2,2,2,3,3,5,5,5,269, 0, 0, 11172.40741
Gerd_Kanter, 1979-05-06, 2444000, 2,2,2,2,2,5,5,5,13,47, 0, 0, 12468
Hayao_Miyazaki, 1941-01-05, 2430000, 2,2,2,2,3,3,3,3,3,5,5,5,5, 0, 0, 414062.75
James_Baldwin, 1924-08-02, 2424000, 2,2,2,2,2,2,3,5,5,5,101, 0, 0, 51519.43333
Jefferson_Farfán, 1984-10-26, 2446000, 2,2,2,2,5,5,5,1223, 0, 0, 75648.64286
Marcelo_H._del_Pilar, 1850-08-30, 2397000, 2,2,2,3,5,5,5,17,47, 0, 0, 40049.92593
Sasha_Cohen, 1984-10-26, 2446000, 2,2,2,2,5,5,5,1223, 0, 0, 82414.38462
Wojciech_Szczęsny, 1990-04-18, 2448000, 2,2,2,2,2,2,2,3,3,5,5,5,17, 0, 0, 88322.95122
