Alan_Moore, 1953-11-18, 2,2,5,5,97,251, 214341.8485
Alanis_Morissette, 1974-06-01, 2,2,2,5,5,12211, 231432.3148
Brian_Epstein, 1934-09-19, 2,2,5,5,11,2207, 71272.34286
Conrad_IV_of_Germany, 1228-04-25, 2,2,5,5,13,1669, 9879.967742
Floyd_Landis, 1975-10-14, 2,2,5,5,13,1879, 46628.83871
George_Weah, 1966-10-01, 2,2,2,5,5,12197, 95012.54348
Gilles_Villeneuve, 1950-01-18, 2,2,3,5,5,8111, 107494.3448
Henri_de_Toulouse-Lautrec, 1864-11-24, 2,2,2,5,5,12011, 125973.6984
Lennart_Meri, 1929-03-29, 2,2,5,5,127,191, 10326.10256
Marco_Pantani, 1970-01-13, 2,2,2,5,5,12203, 95538.25806
Milorad_Pavić, 1929-10-15, 2,2,5,5,17,1427, 7173.387097
Nikolai_Andrianov, 1952-10-14, 2,2,5,5,11,2213, 12399.5
Peter_Handke, 1942-12-06, 2,2,5,5,109,223, 33781.69231
Philip_I_of_Castile, 1478-07-22, 2,2,3,5,5,7537, 59795.05263
Rafael_Alberti, 1902-12-16, 2,2,5,5,37,653, 64328.16667
William_Lassell, 1799-06-18, 2,2,5,5,17,1399, 5027.371429
