Carlos_Gamarra, 1971-02-17, 2441000, 2,2,2,5,5,5,2441, 0, 0, 19425.42857
Chris_Jericho, 1970-11-09, 2440900, 2,2,5,5,7,11,317, 0, 0, 424251.5
Claire_Forlani, 1972-07-01, 2441500, 2,2,5,5,5,19,257, 0, 0, 215274.8621
Cuauhtémoc_Blanco, 1973-01-17, 2441700, 2,2,3,3,5,5,2713, 0, 0, 78293.48485
Denise_Richards, 1971-02-17, 2441000, 2,2,2,5,5,5,2441, 0, 0, 387577.2222
Dino_Buzzati, 1906-10-16, 2417500, 2,2,5,5,5,5,967, 0, 0, 44014.75
Erich_von_Manstein, 1887-11-24, 2410600, 2,2,2,5,5,17,709, 0, 0, 90219.05263
Fiona_Apple, 1977-09-13, 2443400, 2,2,2,5,5,19,643, 0, 0, 201736.5926
H._P._Lovecraft, 1890-08-20, 2411600, 2,2,2,2,5,5,6029, 0, 0, 191213.4677
Isidor_Isaac_Rabi, 1898-07-29, 2414500, 2,2,5,5,5,11,439, 0, 0, 10552.38
Iván_Helguera, 1975-03-28, 2442500, 2,2,5,5,5,5,977, 0, 0, 39287.15385
José_Eduardo_dos_Santos, 1942-08-28, 2430600, 2,2,2,3,5,5,4051, 0, 0, 25329.16981
Lena_Meyer-Landrut, 1991-05-23, 2448400, 2,2,2,2,5,5,6121, 0, 0, 100228.5909
Louis_Agassiz, 1807-05-28, 2381200, 2,2,2,2,5,5,5953, 0, 0, 23193.5
Maggie_Smith, 1934-12-28, 2427800, 2,2,2,5,5,61,199, 0, 0, 217273.4681
Marco_van_Basten, 1964-10-31, 2438700, 2,2,3,5,5,11,739, 0, 0, 116366.8654
Mehmet_Ali_Talat, 1952-07-06, 2434200, 2,2,2,3,5,5,4057, 0, 0, 10509.46154
Natalie_Wood, 1938-07-20, 2429100, 2,2,3,3,5,5,2699, 0, 0, 247223.7111
Niamh_Kavanagh, 1968-02-13, 2439900, 2,2,3,3,5,5,2711, 0, 0, 11716.53846
Priscilla_Presley, 1945-05-24, 2431600, 2,2,2,2,5,5,6079, 0, 0, 310341.2963
Richard_Gasquet, 1986-06-18, 2446600, 2,2,2,5,5,13,941, 0, 0, 55620
