50_Cent, 1975-07-06, 2442600, 2,2,2,3,3,5,5,23,59, 0, 0, 632055.6716
Alanis_Morissette, 1974-06-01, 2442200, 2,2,2,5,5,12211, 0, 0, 231432.3148
Antoine_de_Saint-Exupéry, 1900-06-29, 2415200, 2,2,2,2,2,5,5,3019, 0, 0, 130256.8158
Audrey_Tautou, 1976-08-09, 2443000, 2,2,2,5,5,5,7,349, 0, 0, 170865.2679
Carole_King, 1942-02-09, 2430400, 2,2,2,2,2,2,5,5,7,7,31, 0, 0, 184115.7037
Denise_Richards, 1971-02-17, 2441000, 2,2,2,5,5,5,2441, 0, 0, 387577.2222
Fiona_Apple, 1977-09-13, 2443400, 2,2,2,5,5,19,643, 0, 0, 201736.5926
George_Weah, 1966-10-01, 2439400, 2,2,2,5,5,12197, 0, 0, 95012.54348
H._P._Lovecraft, 1890-08-20, 2411600, 2,2,2,2,5,5,6029, 0, 0, 191213.4677
Hayao_Miyazaki, 1941-01-05, 2430000, 2,2,2,2,3,3,3,3,3,5,5,5,5, 0, 0, 414062.75
Henri_de_Toulouse-Lautrec, 1864-11-24, 2402200, 2,2,2,5,5,12011, 0, 0, 125973.6984
Jay_Leno, 1950-04-28, 2433400, 2,2,2,5,5,23,23,23, 0, 0, 238832.5938
Jennette_McCurdy, 1992-06-26, 2448800, 2,2,2,2,2,5,5,3061, 0, 0, 551673.5806
Jim_Jarmusch, 1953-01-22, 2434400, 2,2,2,2,2,5,5,17,179, 0, 0, 110784.1081
Kaley_Cuoco, 1985-11-30, 2446400, 2,2,2,2,2,2,5,5,11,139, 0, 0, 965585.4
Kurt_Angle, 1968-12-09, 2440200, 2,2,2,3,5,5,7,7,83, 0, 0, 324973.8889
Lena_Meyer-Landrut, 1991-05-23, 2448400, 2,2,2,2,5,5,6121, 0, 0, 100228.5909
Maggie_Smith, 1934-12-28, 2427800, 2,2,2,5,5,61,199, 0, 0, 217273.4681
Marco_Pantani, 1970-01-13, 2440600, 2,2,2,5,5,12203, 0, 0, 95538.25806
Priscilla_Presley, 1945-05-24, 2431600, 2,2,2,2,5,5,6079, 0, 0, 310341.2963
Recep_Tayyip_Erdoğan, 1954-02-26, 2434800, 2,2,2,2,3,5,5,2029, 0, 0, 105559.0132
