Ansel_Adams, 1902-02-20, 2,2,2,5,5,47,257, 112233.5405
Auguste_de_Marmont, 1774-07-20, 2,2,2,2,5,5,5923, 10479.30769
Ellen_Johnson_Sirleaf, 1938-10-29, 2,2,2,2,5,5,6073, 25322.27536
Fulgencio_Batista, 1901-01-16, 2,2,2,5,5,13,929, 90916.94643
George_Soros, 1930-08-12, 2,2,2,5,5,7,1733, 179072.1017
Ivan_Lendl, 1960-03-07, 2,2,2,5,5,5,2437, 107764.8444
James_Clark_Ross, 1800-04-15, 2,2,2,5,5,7,1699, 13059.02778
Jan_Peter_Balkenende, 1956-05-07, 2,2,2,2,5,5,6089, 24484.21818
Jorge_Garcia, 1973-04-28, 2,2,2,5,5,29,421, 98624.55172
Joseph_Louis_Gay-Lussac, 1778-12-06, 2,2,2,2,5,5,5927, 32183.59184
Mandy_Moore, 1984-04-10, 2,2,2,5,5,7,1747, 397600.4634
Nikolai_Vavilov, 1887-11-25, 2,2,2,5,5,17,709, 15087.26471
Pauleta, 1973-04-28, 2,2,2,5,5,29,421, 54538.125
Pedro_Passos_Coelho, 1964-07-24, 2,2,2,5,5,89,137, 24249.06452
Rudyard_Kipling, 1865-12-30, 2,2,2,5,5,41,293, 108726.382
