Antoine_de_Saint-Exupéry, 1900-06-29, 2,2,2,2,2,5,5,3019, 130256.8158
Audrey_Tautou, 1976-08-09, 2,2,2,5,5,5,7,349, 170865.2679
Derek_Walcott, 1930-01-23, 2,2,2,2,5,5,5,1213, 21406.36364
George_Kennedy, 1925-02-18, 2,2,2,5,5,17,23,31, 86832.03704
Jay_Leno, 1950-04-28, 2,2,2,5,5,23,23,23, 238832.5938
Jefferson_Farfán, 1984-10-26, 2,2,2,2,5,5,5,1223, 75648.64286
Jennette_McCurdy, 1992-06-26, 2,2,2,2,2,5,5,3061, 551673.5806
Jonas_Björkman, 1972-03-23, 2,2,2,3,5,5,13,313, 13892.11111
Louise_of_Mecklenburg-Strelitz, 1776-03-10, 2,2,2,5,5,17,17,41, 41603.88462
Recep_Tayyip_Erdoğan, 1954-02-26, 2,2,2,2,3,5,5,2029, 105559.0132
Sasha_Cohen, 1984-10-26, 2,2,2,2,5,5,5,1223, 82414.38462
