Antoine_de_Saint-Exupéry, 1900-06-29, 2415200, 2,2,2,2,2,5,5,3019, 0, 0, 130256.8158
Carole_King, 1942-02-09, 2430400, 2,2,2,2,2,2,5,5,7,7,31, 0, 0, 184115.7037
David_James_(footballer), 1970-08-01, 2440800, 2,2,2,2,2,3,3,3,5,5,113, 0, 0, 22866.54286
Derek_Walcott, 1930-01-23, 2426000, 2,2,2,2,5,5,5,1213, 0, 0, 21406.36364
Gerd_Kanter, 1979-05-06, 2444000, 2,2,2,2,2,5,5,5,13,47, 0, 0, 12468
H._P._Lovecraft, 1890-08-20, 2411600, 2,2,2,2,5,5,6029, 0, 0, 191213.4677
Hayao_Miyazaki, 1941-01-05, 2430000, 2,2,2,2,3,3,3,3,3,5,5,5,5, 0, 0, 414062.75
James_Baldwin, 1924-08-02, 2424000, 2,2,2,2,2,2,3,5,5,5,101, 0, 0, 51519.43333
James_Heckman, 1944-04-19, 2431200, 2,2,2,2,2,3,5,5,1013, 0, 0, 13073.77778
Jefferson_Farfán, 1984-10-26, 2446000, 2,2,2,2,5,5,5,1223, 0, 0, 75648.64286
Jennette_McCurdy, 1992-06-26, 2448800, 2,2,2,2,2,5,5,3061, 0, 0, 551673.5806
Jim_Jarmusch, 1953-01-22, 2434400, 2,2,2,2,2,5,5,17,179, 0, 0, 110784.1081
Kaley_Cuoco, 1985-11-30, 2446400, 2,2,2,2,2,2,5,5,11,139, 0, 0, 965585.4
Lena_Meyer-Landrut, 1991-05-23, 2448400, 2,2,2,2,5,5,6121, 0, 0, 100228.5909
Louis_Agassiz, 1807-05-28, 2381200, 2,2,2,2,5,5,5953, 0, 0, 23193.5
Manuel_Castells, 1942-02-09, 2430400, 2,2,2,2,2,2,5,5,7,7,31, 0, 0, 58047.26923
Priscilla_Presley, 1945-05-24, 2431600, 2,2,2,2,5,5,6079, 0, 0, 310341.2963
Recep_Tayyip_Erdoğan, 1954-02-26, 2434800, 2,2,2,2,3,5,5,2029, 0, 0, 105559.0132
Sasha_Cohen, 1984-10-26, 2446000, 2,2,2,2,5,5,5,1223, 0, 0, 82414.38462
Wojciech_Szczęsny, 1990-04-18, 2448000, 2,2,2,2,2,2,2,3,3,5,5,5,17, 0, 0, 88322.95122
