50_Cent, 1975-07-06, 2442600, 2,2,2,3,3,5,5,23,59, 0, 0, 632055.6716
David_James_(footballer), 1970-08-01, 2440800, 2,2,2,2,2,3,3,3,5,5,113, 0, 0, 22866.54286
Ephraim_Katzir, 1916-05-16, 2421000, 2,2,2,3,3,5,5,5,269, 0, 0, 11172.40741
Hayao_Miyazaki, 1941-01-05, 2430000, 2,2,2,2,3,3,3,3,3,5,5,5,5, 0, 0, 414062.75
James_Baldwin, 1924-08-02, 2424000, 2,2,2,2,2,2,3,5,5,5,101, 0, 0, 51519.43333
James_Heckman, 1944-04-19, 2431200, 2,2,2,2,2,3,5,5,1013, 0, 0, 13073.77778
Jonas_Björkman, 1972-03-23, 2441400, 2,2,2,3,5,5,13,313, 0, 0, 13892.11111
José_Eduardo_dos_Santos, 1942-08-28, 2430600, 2,2,2,3,5,5,4051, 0, 0, 25329.16981
Kurt_Angle, 1968-12-09, 2440200, 2,2,2,3,5,5,7,7,83, 0, 0, 324973.8889
László_Papp, 1926-03-25, 2424600, 2,2,2,3,3,3,5,5,449, 0, 0, 7188.321429
Marcelo_H._del_Pilar, 1850-08-30, 2397000, 2,2,2,3,5,5,5,17,47, 0, 0, 40049.92593
Mehmet_Ali_Talat, 1952-07-06, 2434200, 2,2,2,3,5,5,4057, 0, 0, 10509.46154
Philip_Johnson, 1906-07-08, 2417400, 2,2,2,3,3,5,5,17,79, 0, 0, 40671.56818
Recep_Tayyip_Erdoğan, 1954-02-26, 2434800, 2,2,2,2,3,5,5,2029, 0, 0, 105559.0132
Wojciech_Szczęsny, 1990-04-18, 2448000, 2,2,2,2,2,2,2,3,3,5,5,5,17, 0, 0, 88322.95122
