Antoine_de_Saint-Exupéry, 1900-06-29, 2415200, 2,2,2,2,2,5,5,3019, 0, 0, 130256.8158
Carole_King, 1942-02-09, 2430400, 2,2,2,2,2,2,5,5,7,7,31, 0, 0, 184115.7037
David_James_(footballer), 1970-08-01, 2440800, 2,2,2,2,2,3,3,3,5,5,113, 0, 0, 22866.54286
Gerd_Kanter, 1979-05-06, 2444000, 2,2,2,2,2,5,5,5,13,47, 0, 0, 12468
James_Baldwin, 1924-08-02, 2424000, 2,2,2,2,2,2,3,5,5,5,101, 0, 0, 51519.43333
James_Heckman, 1944-04-19, 2431200, 2,2,2,2,2,3,5,5,1013, 0, 0, 13073.77778
Jennette_McCurdy, 1992-06-26, 2448800, 2,2,2,2,2,5,5,3061, 0, 0, 551673.5806
Jim_Jarmusch, 1953-01-22, 2434400, 2,2,2,2,2,5,5,17,179, 0, 0, 110784.1081
Kaley_Cuoco, 1985-11-30, 2446400, 2,2,2,2,2,2,5,5,11,139, 0, 0, 965585.4
Manuel_Castells, 1942-02-09, 2430400, 2,2,2,2,2,2,5,5,7,7,31, 0, 0, 58047.26923
Wojciech_Szczęsny, 1990-04-18, 2448000, 2,2,2,2,2,2,2,3,3,5,5,5,17, 0, 0, 88322.95122
