August_Bebel, 1840-02-22, 2393158, 2,17,59,1193, 0, 0, 20642.55556
Benny_Benassi, 1967-07-13, 2439685, 5,409,1193, 0, 0, 147112.6786
Bertram_Brockhouse, 1918-07-15, 2421790, 2,5,7,29,1193, 0, 0, 7171.025641
H._Rider_Haggard, 1856-06-22, 2399123, 1193,2011, 0, 0, 24528.36364
Jean-Paul_Sartre, 1905-06-21, 2417018, 2,1013,1193, 0, 0, 179335.8019
Kathleen_Turner, 1954-06-19, 2434913, 13,157,1193, 0, 0, 158538.8438
Louis_Daguerre, 1787-11-18, 2374070, 2,5,199,1193, 0, 0, 118168.8772
Philipp_Lahm, 1983-11-11, 2445650, 2,5,5,41,1193, 0, 0, 100898.8868
Roger_Penrose, 1931-08-08, 2426562, 2,3,3,113,1193, 0, 0, 56025.41026
Wayne_Bridge, 1980-08-05, 2444457, 3,683,1193, 0, 0, 81378.57143
