Anastas_Mikoyan, 1895-11-25, 2413523, 7,173,1993, 0, 0, 18889.80556
David_Schwimmer, 1966-11-02, 2439432, 2,2,2,3,3,17,1993, 0, 0, 254211.1707
Ernests_Gulbis, 1988-08-30, 2447404, 2,2,307,1993, 0, 0, 38321.33333
Hank_Aaron, 1934-02-05, 2427474, 2,3,7,29,1993, 0, 0, 132335.8462
Jennifer_Garner, 1972-04-17, 2441425, 5,5,7,7,1993, 0, 0, 355992.7021
Ludvík_Svoboda, 1895-11-25, 2413523, 7,173,1993, 0, 0, 17247.07143
Nouri_al-Maliki, 1950-06-20, 2433453, 3,11,37,1993, 0, 0, 45634.68421
Raul_Meireles, 1983-03-17, 2445411, 3,409,1993, 0, 0, 98773.48889
Richard_R._Schrock, 1945-01-04, 2431460, 2,2,5,61,1993, 0, 0, 6984.027027
Walter_Kohn, 1923-03-09, 2423488, 2,2,2,2,2,2,19,1993, 0, 0, 10727.41935
