Albert_Kesselring, 1885-11-30, 2409876, 2,2,3,3,7,73,131, 0, 0, 64988.48387
Brendan_Rodgers, 1973-01-26, 2441709, 3,3,19,109,131, 0, 0, 75860.30769
Emma_Watson, 1990-04-15, 2447997, 3,131,6229, 0, 0, 616320.5132
Friedensreich_Hundertwasser, 1928-12-15, 2425596, 2,2,3,131,1543, 0, 0, 158690.1429
Guillermo_Vilas, 1952-08-17, 2434242, 2,3,19,131,163, 0, 0, 41353.33333
Ja'far_al-Sadiq, 0702-04-23, 1977576, 2,2,2,3,17,37,131, 0, 0, 37563.65517
John_Hughes_(Irish_musician), 1950-06-23, 2433456, 2,2,2,2,3,3,3,43,131, 0, 0, 13486.51852
Josef_Masopust, 1931-02-09, 2426382, 2,3,3,3,7,7,7,131, 0, 0, 15282.87097
Lily_Collins, 1989-03-18, 2447604, 2,2,3,3,3,131,173, 0, 0, 363962.1852
Louis_XVI_of_France, 1754-08-23, 2361930, 2,3,5,131,601, 0, 0, 196084.0676
Matthew_McConaughey, 1969-11-04, 2440530, 2,3,3,3,3,5,23,131, 0, 0, 413178.9167
Murad_V, 1840-09-21, 2393370, 2,3,3,5,7,29,131, 0, 0, 17527.55814
Nelson_Piquet, 1952-08-17, 2434242, 2,3,19,131,163, 0, 0, 62603.66667
Pope_Gregory_XIV, 1535-02-11, 2281758, 2,3,131,2903, 0, 0, 12550.66667
Robin_Williams, 1951-07-21, 2433849, 3,11,131,563, 0, 0, 381439.2333
Sean_Combs, 1969-11-04, 2440530, 2,3,3,3,3,5,23,131, 0, 0, 492898.4412
Shane_Long, 1987-01-22, 2446818, 2,3,11,131,283, 0, 0, 30738.53846
Terry_Pratchett, 1948-04-28, 2432670, 2,3,5,131,619, 0, 0, 163785.1087
Thom_Yorke, 1968-10-07, 2440137, 3,7,131,887, 0, 0, 250655.75
Thomas_Bernhard, 1931-02-09, 2426382, 2,3,3,3,7,7,7,131, 0, 0, 54797.08333
Ward_Cunningham, 1949-05-26, 2433063, 3,41,131,151, 0, 0, 26990
