Albert_Fert, 1938-03-07, 2428965, 3,3,5,7,11,701, 0, 0, 13182.95652
Antonio_Machado, 1875-07-26, 2406096, 2,2,2,2,3,3,7,7,11,31, 0, 0, 140250.9032
Bengt_I._Samuelsson, 1934-05-21, 2427579, 3,3,7,11,31,113, 0, 0, 5437.37931
Carl_Jung, 1875-07-26, 2406096, 2,2,2,2,3,3,7,7,11,31, 0, 0, 224846.8472
Chuck_Berry, 1926-10-18, 2424807, 3,3,7,11,3499, 0, 0, 210749.1667
David_Baltimore, 1938-03-07, 2428965, 3,3,5,7,11,701, 0, 0, 15832.47059
Emílio_Garrastazu_Médici, 1905-12-04, 2417184, 2,2,2,2,2,3,3,7,11,109, 0, 0, 32923.38462
Frederick_V,_Elector_Palatine, 1596-08-26, 2304225, 3,3,5,5,7,7,11,19, 0, 0, 8792.25
Gabrielle_Giffords, 1970-06-08, 2440746, 2,3,3,3,7,11,587, 0, 0, 131759.1892
Gennaro_Gattuso, 1978-01-09, 2443518, 2,3,3,7,11,41,43, 0, 0, 116553.5
George_Biddell_Airy, 1801-07-27, 2379069, 3,3,7,11,3433, 0, 0, 9713.925926
Janeane_Garofalo, 1964-09-28, 2438667, 3,3,3,3,7,11,17,23, 0, 0, 156328.2222
John_D._Rockefeller, 1839-07-08, 2392929, 3,3,3,7,11,1151, 0, 0, 304381.7358
Klaus_Kinski, 1926-10-18, 2424807, 3,3,7,11,3499, 0, 0, 186547.2703
Nat_King_Cole, 1919-03-17, 2422035, 3,3,3,5,7,11,233, 0, 0, 131799.625
Pierre_Bayle, 1647-11-18, 2322936, 2,2,2,3,3,7,11,419, 0, 0, 19016.25
Pyotr_Stolypin, 1862-04-14, 2401245, 3,3,3,3,5,7,7,11,11, 0, 0, 23055.94118
Romain_Rolland, 1866-01-29, 2402631, 3,3,7,11,3467, 0, 0, 26411.95455
Willem_Einthoven, 1860-05-21, 2400552, 2,2,2,3,3,7,11,433, 0, 0, 13841.83333
