Bernie_Ecclestone, 1930-10-28, 3,7,31,3727, 142750.6389
Carlos_Moyá, 1976-08-27, 3,31,109,241, 25231.02703
Christopher_A._Pissarides, 1948-02-20, 3,3,31,8719, 10584.96667
César_Milstein, 1927-10-08, 3,31,89,293, 23648.13333
Deryck_Whibley, 1980-03-21, 3,3,31,8761, 145600.1212
Flo_Rida, 1979-09-17, 3,31,41,641, 356150.0541
Jordi_Cruyff, 1974-02-09, 3,3,31,8753, 62004.75
Julia_Stiles, 1981-03-28, 3,31,97,271, 338501.5152
Julie_Kavner, 1950-09-07, 3,31,137,191, 82396.84615
Kate_Bush, 1958-07-30, 2,3,31,13099, 207660.225
Kim_Jong-un, 1983-01-08, 2,3,31,13147, 207159.8143
Laurent_Fignon, 1960-08-12, 2,3,31,13103, 48897.88889
Marit_Bjørgen, 1980-03-21, 3,3,31,8761, 43622.19231
Mark_Webber, 1976-08-27, 3,31,109,241, 84643.04255
Michelangelo_Antonioni, 1912-09-29, 2,3,31,13009, 44812.27586
Peter_III_of_Russia, 1728-02-21, 3,3,31,8431, 57356.46939
René_Préval, 1943-01-17, 3,31,59,443, 27264.6129
Ronaldinho, 1980-03-21, 3,3,31,8761, 497528.4156
Roy_Scheider, 1932-11-10, 3,3,31,8699, 121478.6765
Toni_Collette, 1972-11-01, 2,3,31,13127, 164263.3333
Wilhelm_Ostwald, 1853-09-02, 2,3,31,12893, 14283.66038
