Alfonso_García_Robles, 1911-03-20, 2,2,3,7,31,929, 16455.25714
Bengt_I._Samuelsson, 1934-05-21, 3,3,7,11,31,113, 5437.37931
Candice_Bergen, 1946-05-09, 2,3,5,5,31,523, 105176.7568
Catherine_Deneuve, 1943-10-22, 2,2,3,5,31,1307, 144374.7115
Celeste_Holm, 1917-04-29, 2,2,3,23,31,283, 36565.64516
Dianna_Agron, 1986-04-30, 3,3,3,31,37,79, 540759.6429
Jesse_Jackson, 1941-10-08, 2,2,3,31,47,139, 191652.3704
Józef_Piłsudski, 1867-12-05, 2,3,3,31,59,73, 136777.2642
Pablo_Escobar, 1949-12-01, 2,2,3,31,31,211, 596928.3953
Paul_Kagame, 1957-10-23, 3,5,13,13,31,31, 36216.34694
Sebastián_Piñera, 1949-12-01, 2,2,3,31,31,211, 48829.67857
Shane_Smeltz, 1981-09-29, 3,3,3,23,31,127, 19217.7037
Stephen_Appiah, 1980-12-24, 2,3,3,13,31,337, 58712.93333
Taslima_Nasrin, 1962-08-25, 2,3,3,17,31,257, 26690.29032
Ulf_von_Euler, 1905-02-07, 2,2,3,31,73,89, 6411.78125
Vera_Farmiga, 1973-08-06, 3,7,11,11,31,31, 297918.2069
Viktor_Orbán, 1963-05-31, 3,3,3,3,31,971, 36214.08889
W._H._Auden, 1907-02-21, 2,2,3,31,67,97, 68436
William_Friedkin, 1935-08-29, 2,2,3,31,61,107, 65834.19231
