Bono, 1960-05-10, 2437065, 3,3,5,31,1747, 0, 0, 233445.2264
Carl_Jung, 1875-07-26, 2406096, 2,2,2,2,3,3,7,7,11,31, 0, 0, 224846.8472
Chris_Colfer, 1990-05-27, 2448039, 3,11,31,2393, 0, 0, 392159.4828
Cillian_Murphy, 1976-05-25, 2442924, 2,2,3,3,11,31,199, 0, 0, 270884.6316
Cobie_Smulders, 1982-04-03, 2445063, 3,31,61,431, 0, 0, 510936.5405
Dianna_Agron, 1986-04-30, 2446551, 3,3,3,31,37,79, 0, 0, 540759.6429
Hayden_Panettiere, 1989-08-21, 2447760, 2,2,2,2,3,5,7,31,47, 0, 0, 537846.0213
Ian_Curtis, 1956-07-15, 2435670, 2,3,3,3,3,5,31,97, 0, 0, 209369.3429
James_Spader, 1960-02-07, 2436972, 2,2,3,31,6551, 0, 0, 245452.1429
Joe_Satriani, 1956-07-15, 2435670, 2,3,3,3,3,5,31,97, 0, 0, 240564.2703
Marilyn_Manson, 1969-01-05, 2440227, 3,19,31,1381, 0, 0, 678146.7843
Meg_Ryan, 1961-11-19, 2437623, 3,3,31,8737, 0, 0, 300319.4898
Nicolas_Anelka, 1979-03-14, 2443947, 3,11,31,2389, 0, 0, 193191.4906
Pablo_Escobar, 1949-12-01, 2433252, 2,2,3,31,31,211, 0, 0, 596928.3953
Ric_Flair, 1949-02-25, 2432973, 3,31,26161, 0, 0, 346837.9032
Robert_Louis_Stevenson, 1850-11-13, 2397075, 3,5,5,31,1031, 0, 0, 201986.3676
Seth_Green, 1974-02-08, 2442087, 3,3,31,8753, 0, 0, 373231.6429
Stevie_Ray_Vaughan, 1954-10-03, 2435019, 3,31,26183, 0, 0, 295565.6571
Taio_Cruz, 1985-04-23, 2446179, 3,29,31,907, 0, 0, 268347.8571
Tom_Selleck, 1945-01-29, 2431485, 3,3,3,5,7,31,83, 0, 0, 277634.5278
Vera_Farmiga, 1973-08-06, 2441901, 3,7,11,11,31,31, 0, 0, 297918.2069
