Adrien_Brody, 1973-04-14, 2441787, 3,331,2459, 0, 0, 233331.5319
Antônio_Carlos_Jobim, 1927-01-25, 2424906, 2,3,3,11,37,331, 0, 0, 50452.05128
Charlotte_Rampling, 1946-02-05, 2431857, 3,31,79,331, 0, 0, 115599.1613
Giovanni_Gentile, 1875-05-30, 2406039, 3,331,2423, 0, 0, 31937.96154
Harold_Wilson, 1916-03-11, 2420934, 2,3,23,53,331, 0, 0, 49131.86538
Henry_II_of_England, 1133-03-05, 2134950, 2,3,5,5,43,331, 0, 0, 106257.6842
Jean_Vigo, 1905-04-26, 2416962, 2,3,331,1217, 0, 0, 16455.5
Karolína_Kurková, 1984-02-28, 2445759, 3,3,331,821, 0, 0, 134681.2258
Nani, 1986-11-17, 2446752, 2,2,2,2,2,3,7,11,331, 0, 0, 104851.4464
Paz_Vega, 1976-01-02, 2442780, 2,2,3,3,5,41,331, 0, 0, 131161.2333
Philip_II_of_Spain, 1527-05-21, 2278935, 3,3,3,3,5,17,331, 0, 0, 142874.2344
Roberto_Ayala, 1973-04-14, 2441787, 3,331,2459, 0, 0, 37881.79487
